              0              0              0              0
            100       0.137255       0.523937        0.27451
            200      0.0817963       0.404466       0.163593
            300       0.196084       0.626232       0.392167
            400      0.0318844       0.252525      0.0637688
            500      0.0256678      -0.226574      0.0513356
            600      0.0443133       0.297702      0.0886265
            700       0.180511      -0.600851       0.361022
            800     0.00315879     -0.0794832     0.00631758
            900     0.00531839      -0.103135      0.0106368
           1000       0.360226       0.848795       0.720453
           1100      0.0135212      -0.164446      0.0270424
           1200    0.000517663      0.0321765     0.00103533
           1300     0.00787885        0.12553      0.0157577
           1400      0.0103908       0.144159      0.0207817
           1500      0.0411104      -0.286742      0.0822207
           1600      0.0878915       0.419265       0.175783
           1700      0.0491386      -0.313492      0.0982772
           1800       0.112173      -0.473651       0.224345
           1900       0.160906      -0.567285       0.321812
           2000      0.0572555       0.338395       0.114511
           2100     0.00861715      -0.131279      0.0172343
           2200       0.123259       0.496507       0.246519
           2300     0.00246656      0.0702361     0.00493312
           2400      0.0254913      -0.225793      0.0509826
           2500     0.00615956       0.110991      0.0123191
           2600      0.0012357      0.0497132     0.00247141
           2700      0.0371028       0.272407      0.0742055
           2800      0.0675901      -0.367668        0.13518
           2900     0.00735507       0.121285      0.0147101
           3000     0.00295611       0.076891     0.00591223
           3100      0.0289982       0.240824      0.0579964
           3200     0.00388081        -0.0881     0.00776161
           3300      0.0140185      -0.167442      0.0280369
           3400       0.173892       0.589733       0.347785
           3500       0.011226       -0.14984      0.0224521
           3600      0.0124931        0.15807      0.0249863
           3700     0.00318411     -0.0798012     0.00636822
           3800      0.0076531       0.123718      0.0153062
           3900      0.0821893       0.405436       0.164379
           4000      0.0855373      -0.413612       0.171075
           4100      0.0840854       0.410086       0.168171
           4200      0.0227547       -0.21333      0.0455095
           4300    0.000125127      0.0158194    0.000250254
           4400    0.000121303      0.0155758    0.000242606
           4500       0.107649       0.464003       0.215299
           4600      0.0396628      -0.281648      0.0793256
           4700    0.000467468     -0.0305767    0.000934937
           4800     0.00372536      0.0863176     0.00745072
           4900      0.0916518        0.42814       0.183304
           5000     0.00972795      -0.139484      0.0194559
           5100      0.0393824       0.280651      0.0787648
           5200     0.00669587      -0.115723      0.0133917
           5300      0.0251156      -0.224123      0.0502312
           5400       0.121162       0.492265       0.242325
           5500       0.218694       0.661353       0.437388
           5600     0.00713406      -0.119449      0.0142681
           5700     0.00364385      -0.085368      0.0072877
           5800    5.41145e-05      0.0104033    0.000108229
           5900     0.00645652       0.113636       0.012913
           6000      0.0101575       -0.14253      0.0203149
           6100    0.000514586     -0.0320807     0.00102917
           6200      0.0315446      -0.251176      0.0630892
           6300     0.00175178     -0.0591909     0.00350356
           6400      0.0433572       0.294473      0.0867144
           6500       0.214148       0.654443       0.428296
           6600      0.0153285       0.175091      0.0306569
           6700       0.144992       0.538502       0.289985
           6800      0.0115067       0.151701      0.0230133
           6900        0.10353      -0.455039        0.20706
           7000    0.000878562     -0.0419181     0.00175712
           7100    0.000358584        0.02678    0.000717167
           7200       0.307257       -0.78391       0.614514
           7300      0.0024292     -0.0697023      0.0048584
           7400      0.0320549      -0.253199      0.0641097
           7500    7.35559e-05      -0.012129    0.000147112
           7600     0.00687363      -0.117249      0.0137473
           7700      0.0643657       0.358792       0.128731
           7800     0.00102512      0.0452796     0.00205025
           7900      0.0484699       0.311352      0.0969399
           8000    0.000818789      -0.040467     0.00163758
           8100      0.0685196      -0.370188       0.137039
           8200      0.0393578      -0.280563      0.0787156
           8300      0.0259966        0.22802      0.0519933
           8400         0.0104      -0.144222         0.0208
           8500       0.010233      -0.143059      0.0204659
           8600     0.00512427       0.101235      0.0102485
           8700    7.86821e-06     0.00396691    1.57364e-05
           8800      0.0685582       0.370292       0.137116
           8900       0.059147      -0.343939       0.118294
           9000      0.0352012      -0.265335      0.0704024
           9100      0.0949625       0.435804       0.189925
           9200     0.00357385       0.084544     0.00714769
           9300       0.176321      -0.593836       0.352642
           9400    7.66799e-05      0.0123838     0.00015336
           9500    7.82381e-06     0.00395571    1.56476e-05
           9600      0.0975485       0.441698       0.195097
           9700      0.0706395       0.375871       0.141279
           9800      0.0566354       0.336557       0.113271
           9900      0.0285236      -0.238846      0.0570472
          10000     0.00991349      -0.140808       0.019827
          10100       0.112521       0.474385       0.225042
          10200      0.0581004      -0.340882       0.116201
          10300      0.0207981       0.203952      0.0415963
          10400      0.0122966      -0.156822      0.0245932
          10500       0.224182         0.6696       0.448365
          10600     0.00251574       0.070933     0.00503149
          10700       0.272351        0.73804       0.544703
          10800      0.0389283       0.279028      0.0778566
          10900     0.00694123       0.117824      0.0138825
          11000      0.0414538      -0.287937      0.0829076
          11100    2.04459e-05     0.00639467    4.08918e-05
          11200    0.000134683     -0.0164124    0.000269367
          11300       0.205559       0.641185       0.411118
          11400       0.149551       0.546903       0.299103
          11500     0.00613094      -0.110733      0.0122619
          11600      0.0233047      -0.215892      0.0466093
          11700      0.0298726       0.244428      0.0597452
          11800       0.109135      -0.467194       0.218271
          11900      0.0219734      -0.209635      0.0439468
          12000      0.0308711        0.24848      0.0617422
          12100      0.0710184      -0.376878       0.142037
          12200      0.0535767       0.327343       0.107153
          12300     0.00400664      0.0895169     0.00801327
          12400     0.00483057     -0.0982911     0.00966114
          12500      0.0507717       0.318659       0.101543
          12600       0.143292       0.535336       0.286584
          12700     0.00069543     -0.0372942     0.00139086
          12800      0.0047717     -0.0976904     0.00954341
          12900    5.04412e-05      -0.010044    0.000100882
          13000    6.96197e-05         0.0118    0.000139239
          13100      0.0259586       0.227853      0.0519171
          13200    0.000270999      0.0232808    0.000541997
          13300       0.056571      -0.336366       0.113142
          13400       0.115224      -0.480051       0.230449
          13500      0.0255945        0.22625      0.0511889
          13600     0.00211399      0.0650229     0.00422797
          13700      0.0212166      -0.205993      0.0424333
          13800      0.0164982       0.181649      0.0329964
          13900      0.0164982       0.181649      0.0329964
          14000      0.0751078       0.387577       0.150216
          14100      0.0212262        0.20604      0.0424524
          14200      0.0111322       0.149213      0.0222644
          14300       0.120147      -0.490197       0.240293
          14400      0.0213646       0.206711      0.0427293
          14500       0.172216       0.586883       0.344432
          14600      0.0868399      -0.416749        0.17368
          14700       0.297445       0.771291        0.59489
          14800     0.00203403      0.0637813     0.00406806
          14900      0.0488191      -0.312471      0.0976381
          15000     0.00022541     -0.0212325    0.000450821
          15100      0.0538127      -0.328063       0.107625
          15200     0.00596849      -0.109256       0.011937
          15300      0.0565489        -0.3363       0.113098
          15400      0.0776325      -0.394037       0.155265
          15500     0.00846967      -0.130151      0.0169393
          15600      0.0480825       0.310105       0.096165
          15700      0.0201189       0.200594      0.0402378
          15800       0.108013       0.464787       0.216027
          15900      0.0211927       0.205877      0.0423854
          16000     0.00208979     -0.0646497     0.00417959
          16100      0.0624999      -0.353553          0.125
          16200       0.015653       0.176935      0.0313059
          16300     0.00877219      -0.132455      0.0175444
          16400       0.332299       0.815228       0.664597
          16500     0.00109372      0.0467701     0.00218744
          16600     0.00085299     -0.0413035     0.00170598
          16700     0.00494496     -0.0994481     0.00988992
          16800      0.0453916       0.301303      0.0907833
          16900       0.279768      -0.748021       0.559536
          17000      0.0770962      -0.392673       0.154192
          17100      0.0518951      -0.322165        0.10379
          17200      0.0181532       0.190542      0.0363064
          17300      0.0926067       0.430364       0.185213
          17400     0.00941448      -0.137219       0.018829
          17500      0.0273591      -0.233919      0.0547182
          17600      0.0339558       0.260599      0.0679116
          17700      0.0573941       0.338804       0.114788
          17800       0.075673      -0.389032       0.151346
          17900       0.132282       0.514358       0.264564
          18000       0.236253      -0.687391       0.472507
          18100      0.0229501       0.214243      0.0459003
          18200      0.0309162      -0.248661      0.0618323
          18300    0.000315107      -0.025104    0.000630213
          18400      0.0564542      -0.336019       0.112908
          18500      0.0154873       0.175996      0.0309745
          18600      0.0536283        -0.3275       0.107257
          18700      0.0398724      -0.282391      0.0797449
          18800      0.0108113       0.147046      0.0216225
          18900      0.0539054       0.328346       0.107811
          19000     0.00612708      -0.110699      0.0122542
          19100       0.165947       0.576102       0.331894
          19200      0.0169617       0.184183      0.0339233
          19300       0.172986      -0.588194       0.345973
          19400     0.00669137      -0.115684      0.0133827
          19500      0.0133434       0.163361      0.0266869
          19600    0.000244361      0.0221071    0.000488723
          19700      0.0200287      -0.200144      0.0400575
          19800       0.109244      -0.467427       0.218488
          19900      0.0232907      -0.215827      0.0465814
          20000       0.176732       0.594529       0.353465
          20100      0.0386475       -0.27802      0.0772949
          20200     0.00315674      0.0794574     0.00631348
          20300     0.00452502     -0.0951317     0.00905004
          20400      0.0302664      -0.246034      0.0605329
          20500     0.00531508      -0.103103      0.0106302
          20600      0.0342937      -0.261892      0.0685874
          20700      0.0716946       0.378668       0.143389
          20800       0.186843      -0.611299       0.373687
          20900      0.0140005       0.167335       0.028001
          21000      0.0456664       0.302213      0.0913328
          21100      0.0209022       0.204461      0.0418044
          21200       0.161027      -0.567498       0.322054
          21300      0.0694505      -0.372694       0.138901
          21400       0.138692      -0.526673       0.277384
          21500      0.0516708       0.321468       0.103342
          21600      0.0493204       0.314071      0.0986409
          21700       0.208074       0.645095       0.416148
          21800       0.187911      -0.613043       0.375822
          21900      0.0536043       0.327427       0.107209
          22000      0.0205287      -0.202626      0.0410573
          22100     0.00291345      0.0763341      0.0058269
          22200       0.102535       0.452846        0.20507
          22300      0.0130863      -0.161779      0.0261725
          22400      0.0631164      -0.355293       0.126233
          22500       0.146016         0.5404       0.292032
          22600     0.00453537     -0.0952404     0.00907074
          22700     0.00426864      0.0923974     0.00853728
          22800      0.0978257       0.442325       0.195651
          22900      0.0679612      -0.368676       0.135922
          23000      0.0839185      -0.409679       0.167837
          23100     0.00130829      0.0511525     0.00261657
          23200    0.000235455      0.0217005     0.00047091
          23300     0.00335562     -0.0819222     0.00671124
          23400      0.0239668      -0.218937      0.0479336
          23500       0.329723       0.812062       0.659445
          23600       0.012109      -0.155621      0.0242179
          23700       0.173409       0.588913       0.346818
          23800      0.0110441      -0.148621      0.0220882
          23900       0.101764       0.451141       0.203529
          24000    0.000275365     -0.0234676     0.00055073
          24100       0.256224      -0.715855       0.512448
          24200     0.00275464     -0.0742245     0.00550928
          24300       0.122429       -0.49483       0.244857
          24400     0.00415692     -0.0911803     0.00831384
          24500       0.158536       0.563091       0.317072
          24600      0.0105252       0.145087      0.0210504
          24700      0.0424244       0.291288      0.0848488
          24800      0.0351718       0.265224      0.0703436
          24900    0.000310423      0.0249168    0.000620846
          25000      0.0809596      -0.402392       0.161919
          25100      0.0129393       0.160869      0.0258787
          25200       0.167779      -0.579274       0.335558
          25300      0.0490535        0.31322       0.098107
          25400      0.0734294      -0.383222       0.146859
          25500    0.000973072     -0.0441151     0.00194614
          25600      0.0420014       0.289832      0.0840028
          25700    9.41926e-05     -0.0137253    0.000188385
          25800       0.139697      -0.528578       0.279395
          25900     0.00182821      0.0604683     0.00365642
          26000      0.0251408      -0.224236      0.0502817
          26100       0.257407      -0.717505       0.514813
          26200    0.000151527     -0.0174084    0.000303054
          26300      0.0147108       0.171527      0.0294216
          26400     0.00923198      -0.135882       0.018464
          26500      0.0363154      -0.269501      0.0726308
          26600    0.000245575     -0.0221619     0.00049115
          26700      0.0396159      -0.281482      0.0792318
          26800      0.0363202       0.269519      0.0726404
          26900      0.0536148       0.327459        0.10723
          27000       0.025691       0.226676       0.051382
          27100      0.0535044       0.327122       0.107009
          27200       0.163603      -0.572019       0.327206
          27300     0.00579611      -0.107667      0.0115922
          27400       0.130932       0.511726       0.261863
          27500      0.0746599      -0.386419        0.14932
          27600       0.154292      -0.555504       0.308584
          27700      0.0405756       -0.28487      0.0811512
          27800      0.0207751      -0.203839      0.0415502
          27900       0.150547       0.548721       0.301095
          28000     0.00505249       0.100524       0.010105
          28100    1.49426e-06    -0.00172873    2.98852e-06
          28200     0.00402007      0.0896668     0.00804014
          28300      0.0675829       0.367649       0.135166
          28400     0.00455463     -0.0954424     0.00910925
          28500      0.0616613       0.351173       0.123323
          28600     0.00679367       0.116565      0.0135873
          28700     0.00490667     -0.0990623     0.00981334
          28800      0.0151254      -0.173928      0.0302509
          28900      0.0357617       0.267438      0.0715233
          29000      0.0852657       0.412955       0.170531
          29100    0.000147264      0.0171618    0.000294527
          29200      0.0581076      -0.340904       0.116215
          29300     0.00165917      0.0576051     0.00331834
          29400       0.130972      -0.511804       0.261944
          29500      0.0162739        0.18041      0.0325477
          29600      0.0201013      -0.200506      0.0402026
          29700     0.00131747      0.0513317     0.00263494
          29800      0.0220904      -0.210192      0.0441808
          29900      0.0353522       0.265903      0.0707044
          30000      0.0425772      -0.291812      0.0851545
          30100      0.0388129       0.278614      0.0776258
          30200     0.00650398      -0.114052       0.013008
          30300       0.132182       0.514163       0.264364
          30400      0.0086421       0.131469      0.0172842
          30500      0.0391352       0.279769      0.0782704
          30600     0.00645383      -0.113612      0.0129077
          30700     0.00213234     -0.0653046     0.00426469
          30800      0.0602519      -0.347137       0.120504
          30900      0.0445674       0.298554      0.0891348
          31000      0.0905173      -0.425482       0.181035
          31100      0.0557527       0.333924       0.111505
          31200      0.0229395      -0.214194       0.045879
          31300       0.032307      -0.254193      0.0646139
          31400    0.000368034     -0.0271306    0.000736069
          31500      0.0418907       -0.28945      0.0837813
          31600      0.0127047      -0.159403      0.0254093
          31700       0.134853       0.519332       0.269705
          31800     0.00506282       0.100626      0.0101256
          31900     0.00556997      -0.105546      0.0111399
          32000      0.0834706      -0.408584       0.166941
          32100      0.0279637        0.23649      0.0559275
          32200       0.421729       0.918399       0.843457
          32300      0.0185928       0.192836      0.0371856
          32400       0.043745       0.295787        0.08749
          32500      0.0010989      0.0468807      0.0021978
          32600    0.000418388      0.0289271    0.000836776
          32700    1.91013e-05     0.00618082    3.82026e-05
          32800      0.0339871       0.260718      0.0679741
          32900        0.15743       0.561123       0.314859
          33000     0.00124695     -0.0499389     0.00249389
          33100      0.0122623      -0.156603      0.0245246
          33200     0.00134643     -0.0518927     0.00269285
          33300      0.0296951       0.243701      0.0593901
          33400      0.0105582      -0.145315      0.0211165
          33500       0.209872       0.647876       0.419743
          33600       0.114807      -0.479181       0.229614
          33700     0.00056718      0.0336803     0.00113436
          33800    7.76959e-06    -0.00394198    1.55392e-05
          33900       0.116069       0.481808       0.232139
          34000      0.0340046       0.260786      0.0680092
          34100      0.0209133       0.204516      0.0418267
          34200     0.00272971     -0.0738879     0.00545942
          34300      0.0217621       0.208624      0.0435242
          34400    0.000440816      0.0296923    0.000881631
          34500       0.252806       0.711064       0.505612
          34600      0.0356294      -0.266943      0.0712587
          34700     0.00140225      0.0529576     0.00280451
          34800     0.00208315      0.0645469      0.0041663
          34900      0.0269297       0.232076      0.0538594
          35000    5.50278e-05     -0.0104907    0.000110056
          35100     0.00937044      -0.136897      0.0187409
          35200     0.00636572      -0.112834      0.0127314
          35300      0.0125227       0.158257      0.0250454
          35400     0.00400656      -0.089516     0.00801312
          35500     0.00816443      -0.127784      0.0163289
          35600     0.00123858     -0.0497712     0.00247717
          35700     0.00032656     -0.0255562    0.000653121
          35800      0.0445964       0.298652      0.0891928
          35900     0.00567707       0.106556      0.0113541
          36000    0.000220109     -0.0209814    0.000440218
          36100      0.0643111       0.358639       0.128622
          36200       0.154343       0.555595       0.308686
          36300       0.007844      -0.125252       0.015688
          36400      0.0590268       0.343589       0.118054
          36500       0.109367       0.467691       0.218734
          36600      0.0233221      -0.215973      0.0466442
          36700      0.0426962        0.29222      0.0853924
          36800     0.00117325      0.0484406      0.0023465
          36900      0.0257896       0.227111      0.0515793
          37000      0.0254524       0.225621      0.0509048
          37100      0.0287932      -0.239972      0.0575865
          37200     0.00881003       0.132741      0.0176201
          37300      0.0272168       -0.23331      0.0544335
          37400     0.00304454      0.0780326     0.00608908
          37500      0.0161255      -0.179585      0.0322509
          37600      0.0212405       0.206109       0.042481
          37700      0.0200297       0.200148      0.0400594
          37800      0.0408529       0.285842      0.0817057
          37900      0.0340496      -0.260958      0.0680992
          38000     0.00923085       0.135874      0.0184617
          38100      0.0733501      -0.383015         0.1467
          38200     0.00269353      0.0733966     0.00538706
          38300      0.0743089       -0.38551       0.148618
          38400       0.165726       0.575719       0.331452
          38500     0.00535322       0.103472      0.0107064
          38600     0.00698849       0.118224       0.013977
          38700      0.0257147       0.226781      0.0514295
          38800      0.0663388      -0.364249       0.132678
          38900    0.000112422      0.0149948    0.000224844
          39000       0.102905      -0.453663        0.20581
          39100       0.077931       0.394794       0.155862
          39200    0.000552153     -0.0332311     0.00110431
          39300    1.11269e-06    -0.00149177    2.22539e-06
          39400      0.0428941      -0.292896      0.0857881
          39500       0.137464      -0.524336       0.274928
          39600     0.00205745     -0.0641475     0.00411491
          39700    0.000885961      0.0420942     0.00177192
          39800     0.00174571      0.0590882     0.00349142
          39900      0.0295752       0.243209      0.0591504
          40000      0.0150296      -0.173376      0.0300592
          40100      0.0117086      -0.153027      0.0234172
          40200     0.00573945       -0.10714      0.0114789
          40300    1.85768e-05    -0.00609537    3.71536e-05
          40400      0.0101465      -0.142453      0.0202929
          40500     0.00684671      -0.117019      0.0136934
          40600      0.0278055       -0.23582       0.055611
          40700     0.00252775      -0.071102      0.0050555
          40800    1.22376e-05     0.00494724    2.44752e-05
          40900    0.000135904      0.0164866    0.000271808
          41000      0.0220809      -0.210147      0.0441618
          41100       0.215886      -0.657094       0.431772
          41200     0.00295706      0.0769033     0.00591411
          41300      0.0388876      -0.278882      0.0777752
          41400      0.0167079         0.1828      0.0334157
          41500       0.017447       0.186799      0.0348939
          41600     0.00140813     -0.0530684     0.00281625
          41700      0.0567556       0.336914       0.113511
          41800      0.0995305       0.446163       0.199061
          41900     0.00415909      -0.091204     0.00831817
          42000      0.0407328      -0.285422      0.0814657
          42100      0.0338936        0.26036      0.0677873
          42200      0.0392548       0.280196      0.0785097
          42300      0.0158096       0.177818      0.0316191
          42400      0.0192973      -0.196455      0.0385946
          42500    0.000628401      0.0354514      0.0012568
          42600      0.0132511      -0.162795      0.0265023
          42700    0.000165396     -0.0181877    0.000330791
          42800       0.150198      -0.548083       0.300395
          42900      0.0291469      -0.241441      0.0582938
          43000      0.0197065      -0.198527      0.0394129
          43100      0.0187681      -0.193742      0.0375361
          43200      0.0326923       0.255704      0.0653845
          43300      0.0889359      -0.421749       0.177872
          43400      0.0230843       0.214869      0.0461686
          43500         0.2211       0.664982       0.442201
          43600    0.000122776      0.0156701    0.000245552
          43700      0.0145233      -0.170431      0.0290467
          43800      0.0092192      -0.135788      0.0184384
          43900     0.00026094      0.0228447    0.000521879
          44000       0.396984       0.891048       0.793967
          44100      0.0353938       -0.26606      0.0707877
          44200     0.00402716     -0.0897459     0.00805433
          44300      0.0677456       0.368091       0.135491
          44400      0.0279372       0.236378      0.0558744
          44500     0.00089011      0.0421927     0.00178022
          44600     0.00053193     -0.0326169     0.00106386
          44700     0.00945964      -0.137547      0.0189193
          44800      0.0880061      -0.419538       0.176012
          44900    0.000936178     -0.0432707     0.00187236
          45000     0.00749097      -0.122401      0.0149819
          45100    0.000294192      0.0242566    0.000588384
          45200       0.101665      -0.450922       0.203331
          45300      0.0482077       0.310508      0.0964155
          45400      0.0332474       0.257866      0.0664948
          45500     0.00237421     -0.0689088     0.00474842
          45600      0.0237458       0.217926      0.0474916
          45700     0.00167733     -0.0579194     0.00335466
          45800      0.0780327      -0.395051       0.156065
          45900     0.00478291      -0.097805     0.00956582
          46000      0.0178674      -0.189037      0.0357348
          46100       0.229397      -0.677343       0.458793
          46200     0.00445616      0.0944051     0.00891232
          46300       0.100833       0.449071       0.201665
          46400    0.000798638      0.0399659     0.00159728
          46500    0.000522969      -0.032341     0.00104594
          46600     0.00278692      0.0746582     0.00557385
          46700      0.0613884      -0.350395       0.122777
          46800      0.0001663      0.0182373      0.0003326
          46900       0.255282      -0.714538       0.510565
          47000       0.021717       0.208408       0.043434
          47100     0.00383367     -0.0875634     0.00766735
          47200      0.0541108      -0.328971       0.108222
          47300      0.0226171       0.212683      0.0452342
          47400     0.00862859       0.131367      0.0172572
          47500     0.00299529     -0.0773989     0.00599058
          47600       0.022056      -0.210028      0.0441119
          47700      0.0142957       -0.16909      0.0285914
          47800      0.0778867      -0.394681       0.155773
          47900       0.132932       0.515619       0.265863
          48000     0.00074693      0.0386505     0.00149386
          48100     0.00322013      0.0802512     0.00644026
          48200      0.0497466      -0.315425      0.0994931
          48300      0.0124399      -0.157734      0.0248799
          48400      0.0268649       0.231797      0.0537298
          48500      0.0103462      -0.143848      0.0206924
          48600       0.103534       0.455046       0.207067
          48700      0.0717396      -0.378786       0.143479
          48800      0.0372939       0.273108      0.0745877
          48900      0.0227018       0.213081      0.0454037
          49000      0.0133359       0.163315      0.0266719
          49100      0.0649493       0.360415       0.129899
          49200       0.021669       0.208178      0.0433379
          49300      0.0777024      -0.394214       0.155405
          49400      0.0402339      -0.283669      0.0804679
          49500     0.00101094      0.0449654     0.00202189
          49600      0.0181277       0.190408      0.0362553
          49700       0.168635       0.580749        0.33727
          49800    0.000531016      0.0325888     0.00106203
          49900       0.154798       0.556414       0.309597
          50000      0.0432528       0.294118      0.0865056
          50100      0.0233395       0.216053       0.046679
          50200       0.054578      -0.330388       0.109156
          50300      0.0841712      -0.410296       0.168342
          50400        0.03154       0.251157        0.06308
          50500       0.121082       0.492101       0.242163
          50600      0.0219547       0.209546      0.0439094
          50700    2.83187e-05     0.00752578    5.66374e-05
          50800     0.00191465     -0.0618813     0.00382929
          50900      0.0265033       0.230232      0.0530066
          51000       0.115213       0.480028       0.230427
          51100      0.0036148      -0.085027     0.00722959
          51200      0.0290791        0.24116      0.0581582
          51300      0.0210785       0.205322       0.042157
          51400    0.000881894     -0.0419975     0.00176379
          51500      0.0642121      -0.358363       0.128424
          51600       0.463905      -0.963229        0.92781
          51700      0.0569715       0.337554       0.113943
          51800     0.00143355     -0.0535454     0.00286711
          51900     0.00602734      -0.109794      0.0120547
          52000       0.108244      -0.465283       0.216488
          52100     1.3568e-06      0.0016473    2.71361e-06
          52200       0.102921       0.453698       0.205842
          52300      0.0533966      -0.326792       0.106793
          52400       0.161795      -0.568849       0.323589
          52500      0.0625917      -0.353813       0.125183
          52600       0.232312       0.681633       0.464624
          52700      0.0582827      -0.341417       0.116565
          52800      0.0196299       0.198141      0.0392598
          52900       0.137406       0.524226       0.274813
          53000    0.000504392     -0.0317614     0.00100878
          53100        0.11963      -0.489141       0.239259
          53200       0.146864      -0.541967       0.293728
          53300     0.00196345      0.0626649     0.00392689
          53400     0.00053662     -0.0327603     0.00107324
          53500    4.34857e-07    0.000932585    8.69714e-07
          53600     0.00392053      0.0885497     0.00784105
          53700      0.0248077       0.222745      0.0496154
          53800     0.00951391      -0.137941      0.0190278
          53900      0.0261874      -0.228855      0.0523748
          54000      0.0309458        0.24878      0.0618916
          54100      0.0470832      -0.306865      0.0941663
          54200      0.0410432      -0.286507      0.0820864
          54300     0.00105422     -0.0459177     0.00210844
          54400      0.0146289      -0.171049      0.0292578
          54500      0.0176546      -0.187908      0.0353093
          54600     0.00174229     -0.0590304     0.00348459
          54700      0.0117365       0.153209       0.023473
          54800     0.00116169     -0.0482015     0.00232339
          54900      0.0166658      -0.182569      0.0333316
          55000      0.0865097       0.415956       0.173019
          55100    0.000151958     -0.0174332    0.000303916
          55200      0.0156838       0.177109      0.0313676
          55300     0.00730945      -0.120909      0.0146189
          55400       0.181714        0.60285       0.363428
          55500      0.0869381      -0.416985       0.173876
          55600      0.0962358       0.438716       0.192472
          55700       0.205862      -0.641657       0.411724
          55800      0.0878836       0.419246       0.175767
          55900     0.00257268      0.0717311     0.00514536
          56000      0.0653851       0.361622        0.13077
          56100      0.0144165      -0.169803       0.028833
          56200      0.0249924      -0.223573      0.0499848
          56300       0.036581       0.270485      0.0731619
          56400      0.0294238       0.242585      0.0588475
          56500      0.0548021       0.331065       0.109604
          56600      0.0503214      -0.317242       0.100643
          56700     0.00429811     -0.0927158     0.00859622
          56800      0.0870531       -0.41726       0.174106
          56900       0.135597       0.520762       0.271193
          57000     0.00087975     -0.0419464      0.0017595
          57100     0.00769827       0.124083      0.0153965
          57200      0.0133446       0.163368      0.0266892
          57300      0.0554813        0.33311       0.110963
          57400       0.101149      -0.449776       0.202298
          57500      0.0122969       0.156824      0.0245939
          57600        0.11478       0.479124        0.22956
          57700      0.0900465      -0.424374       0.180093
          57800      0.0106266       0.145785      0.0212532
          57900    0.000484289       0.031122    0.000968578
          58000     0.00401205     -0.0895773     0.00802409
          58100     0.00310641      0.0788214     0.00621281
          58200       0.179556       0.599259       0.359112
          58300      0.0447179      -0.299058      0.0894358
          58400     0.00973504      -0.139535      0.0194701
          58500      0.0108511       0.147317      0.0217022
          58600       0.053801       0.328027       0.107602
          58700      0.0147611       -0.17182      0.0295223
          58800       0.119484      -0.488845       0.238969
          58900      0.0779624      -0.394873       0.155925
          59000       0.083644      -0.409009       0.167288
          59100      0.0653798      -0.361607        0.13076
          59200     0.00051409     -0.0320653     0.00102818
          59300     0.00055858      -0.033424     0.00111716
          59400      0.0811688       0.402911       0.162338
          59500     0.00608104       0.110282      0.0121621
          59600      0.0138332       0.166332      0.0276665
          59700     0.00895374       0.133819      0.0179075
          59800        0.50587       -1.00585        1.01174
          59900      0.0331971      -0.257671      0.0663943
          60000       0.017211       0.185532       0.034422
          60100      0.0172949      -0.185983      0.0345898
          60200      0.0823231      -0.405766       0.164646
          60300      0.0235456       0.217005      0.0470912
          60400      0.0106713       0.146091      0.0213426
          60500     0.00973227      -0.139515      0.0194645
          60600       0.003887     -0.0881703       0.007774
          60700      0.0013072     -0.0511311     0.00261439
          60800       0.177607       0.595999       0.355215
          60900     0.00897808       0.134001      0.0179562
          61000    0.000149157     -0.0172718    0.000298315
          61100      0.0234369      -0.216504      0.0468739
          61200       0.090088       0.424472       0.180176
          61300       0.384499       0.876926       0.768999
          61400      0.0102645       0.143279       0.020529
          61500      0.0371131       0.272445      0.0742262
          61600      0.0947622       0.435344       0.189524
          61700    0.000628729      0.0354607     0.00125746
          61800       0.235486      -0.686274       0.470972
          61900      0.0242529        0.22024      0.0485058
          62000      0.0144915      -0.170244       0.028983
          62100        0.05799       0.340558        0.11598
          62200    0.000407033      0.0285319    0.000814067
          62300     0.00891023      -0.133493      0.0178205
          62400      0.0185599       0.192665      0.0371198
          62500    0.000366348      0.0270683    0.000732695
          62600      0.0943514      -0.434399       0.188703
          62700      0.0290333       -0.24097      0.0580667
          62800      0.0340411      -0.260926      0.0680822
          62900    0.000230239     -0.0214588    0.000460479
          63000     0.00338026     -0.0822224     0.00676052
          63100     0.00193199       0.062161     0.00386399
          63200       0.163214      -0.571338       0.326428
          63300      0.0680824       0.369005       0.136165
          63400     0.00896592       -0.13391      0.0179318
          63500       0.113882      -0.477247       0.227765
          63600      0.0256334      -0.226422      0.0512669
          63700       0.166763       0.577517       0.333526
          63800     0.00595999      -0.109179        0.01192
          63900      0.0700377      -0.374267       0.140075
          64000      0.0374188      -0.273565      0.0748377
          64100    0.000725122     -0.0380821     0.00145024
          64200      0.0215138       0.207431      0.0430276
          64300       0.054035       -0.32874        0.10807
          64400      0.0411687       0.286945      0.0823373
          64500       0.108517       0.465868       0.217033
          64600      0.0909278       0.426445       0.181856
          64700     0.00868467      -0.131793      0.0173693
          64800      0.0235597       -0.21707      0.0471193
          64900      0.0171036       0.184952      0.0342071
          65000    7.70057e-06     0.00392443    1.54011e-05
          65100      0.0113568      -0.150711      0.0227137
          65200      0.0204964       0.202467      0.0409928
          65300    2.62005e-05    -0.00723885     5.2401e-05
          65400      0.0663813      -0.364366       0.132763
          65500      0.0502598      -0.317048        0.10052
          65600      0.0252326       0.224644      0.0504651
          65700      0.0165462       0.181913      0.0330924
          65800     0.00183321       0.060551     0.00366643
          65900     0.00100753      0.0448895     0.00201506
          66000    0.000868005      0.0416655     0.00173601
          66100     0.00853296       0.130637      0.0170659
          66200     0.00480634     -0.0980443     0.00961268
          66300    0.000714243     -0.0377953     0.00142849
          66400      0.0178304       0.188841      0.0356608
          66500      0.0300045       0.244967       0.060009
          66600      0.0249727      -0.223485      0.0499455
          66700      0.0176835      -0.188061      0.0353669
          66800       0.101697      -0.450992       0.203394
          66900     0.00754902      -0.122874       0.015098
          67000      0.0019295     -0.0621209     0.00385901
          67100     0.00355961     -0.0843755     0.00711923
          67200      0.0263663      -0.229636      0.0527325
          67300    1.19712e-05     -0.0048931    2.39424e-05
          67400      0.0165232      -0.181787      0.0330465
          67500       0.038784        0.27851       0.077568
          67600       0.102122      -0.451934       0.204244
          67700      0.0937946       0.433116       0.187589
          67800      0.0802085      -0.400521       0.160417
          67900     0.00277948     -0.0745585     0.00555896
          68000     0.00475609      0.0975304     0.00951217
          68100       0.104389       0.456921       0.208777
          68200    0.000654538     -0.0361812     0.00130908
          68300       0.218999       0.661815       0.437999
          68400      0.0307062       0.247815      0.0614124
          68500       0.198579      -0.630204       0.397158
          68600    0.000122851      0.0156749    0.000245702
          68700       0.012207        0.15625      0.0244139
          68800     0.00245026     -0.0700037     0.00490052
          68900     0.00384474     -0.0876896     0.00768947
          69000      0.0751889      -0.387786       0.150378
          69100      0.0611076       0.349593       0.122215
          69200       0.011414        0.15109       0.022828
          69300      0.0506559      -0.318295       0.101312
          69400      0.0104006      -0.144226      0.0208012
          69500      0.0420306       0.289933      0.0840612
          69600      0.0864732      -0.415868       0.172946
          69700       0.146467      -0.541234       0.292934
          69800    0.000574745     -0.0339041     0.00114949
          69900       0.315109      -0.793863       0.630218
          70000      0.0295695      -0.243185      0.0591391
          70100      0.0204567        0.20227      0.0409134
          70200       0.166353       0.576807       0.332706
          70300       0.040182      -0.283485       0.080364
          70400     0.00124594     -0.0499187     0.00249188
          70500      0.0219092       0.209328      0.0438184
          70600     0.00217291     -0.0659229     0.00434582
          70700      0.0945567      -0.434872       0.189113
          70800      0.0034459      0.0830169      0.0068918
          70900     0.00625084      -0.111811      0.0125017
          71000       0.247325      -0.703314       0.494651
          71100       0.033559       0.259072      0.0671181
          71200      0.0607099       0.348453        0.12142
          71300       0.101205         0.4499        0.20241
          71400      0.0820156       0.405008       0.164031
          71500      0.0808164      -0.402036       0.161633
          71600     0.00162154      0.0569481     0.00324308
          71700       0.014505      -0.170323        0.02901
          71800      0.0659989      -0.363315       0.131998
          71900     0.00381826      0.0873872     0.00763652
          72000         0.1031       0.454093         0.2062
          72100    0.000517573     -0.0321737     0.00103515
          72200      0.0116238      -0.152472      0.0232477
          72300       0.185304       0.608776       0.370609
          72400      0.0637326      -0.357023       0.127465
          72500    0.000169074      0.0183888    0.000338148
          72600      0.0041557      0.0911669     0.00831139
          72700      0.0208679       0.204294      0.0417359
          72800    0.000679603      0.0368674     0.00135921
          72900      0.0835778      -0.408847       0.167156
          73000     0.00878697       0.132567      0.0175739
          73100     0.00105831     -0.0460068     0.00211662
          73200     0.00718779      -0.119898      0.0143756
          73300      0.0205604       0.202783      0.0411208
          73400     0.00117728      0.0485238     0.00235456
          73500     0.00314063      0.0792544     0.00628125
          73600      0.0228882      -0.213954      0.0457764
          73700       0.114974      -0.479528       0.229947
          73800      0.0818536       0.404608       0.163707
          73900      0.0407938      -0.285635      0.0815875
          74000     0.00381502     -0.0873501     0.00763005
          74100       0.145563       -0.53956       0.291125
          74200      0.0451733      -0.300577      0.0903467
          74300       0.111692       0.472636       0.223384
          74400        0.13289       0.515538       0.265779
          74500     0.00155655      0.0557951     0.00311309
          74600       0.270254      -0.735192       0.540507
          74700      0.0103236       0.143691      0.0206472
          74800      0.0104965      -0.144889       0.020993
          74900     0.00553737      -0.105237      0.0110747
          75000       0.160238       0.566106       0.320476
          75100     0.00379833     -0.0871588     0.00759666
          75200      0.0433124      -0.294321      0.0866247
          75300      0.0192173      -0.196047      0.0384345
          75400       0.130805      -0.511478        0.26161
          75500    0.000214344      0.0207048    0.000428689
          75600      0.0170029       0.184407      0.0340059
          75700      0.0235071       0.216828      0.0470143
          75800       0.142793      -0.534402       0.285586
          75900      0.0298986      -0.244535      0.0597972
          76000      0.0364173       0.269879      0.0728346
          76100       0.596384        1.09214        1.19277
          76200    0.000574739       0.033904     0.00114948
          76300    0.000342504      0.0261726    0.000685007
          76400      0.0600152      -0.346454        0.12003
          76500      0.0239273      -0.218757      0.0478546
          76600        0.16761      -0.578982        0.33522
          76700     0.00773949       0.124415       0.015479
          76800       0.198035      -0.629341       0.396071
          76900     0.00169605     -0.0582418     0.00339211
          77000     0.00458662     -0.0957771     0.00917324
          77100    4.99226e-05    -0.00999226    9.98452e-05
          77200      0.0542153       0.329288       0.108431
          77300     0.00307684     -0.0784453     0.00615367
          77400      0.0054736      -0.104629      0.0109472
          77500      0.0590214       0.343574       0.118043
          77600      0.0194625       0.197294       0.038925
          77700      0.0459162      -0.303039      0.0918324
          77800     0.00851521      -0.130501      0.0170304
          77900      0.0192794       0.196364      0.0385588
          78000      0.0949719       0.435826       0.189944
          78100       0.109683      -0.468365       0.219366
          78200     0.00279932     -0.0748241     0.00559864
          78300      0.0443447      -0.297808      0.0886893
          78400    0.000190454      0.0195168    0.000380907
          78500     0.00185453       0.060902     0.00370906
          78600      0.0102505       0.143182       0.020501
          78700      0.0135152      -0.164409      0.0270304
          78800    0.000159298     -0.0178493    0.000318597
          78900      0.0311232       0.249492      0.0622464
          79000    1.97482e-06     0.00198737    3.94963e-06
          79100      0.0879579       0.419423       0.175916
          79200       0.054418       0.329903       0.108836
          79300     0.00267368     -0.0731257     0.00534737
          79400       0.164829      -0.574158       0.329658
          79500    1.42583e-05     -0.0053401    2.85166e-05
          79600      0.0352822       -0.26564      0.0705645
          79700    0.000546095      0.0330483     0.00109219
          79800      0.0124682      -0.157912      0.0249363
          79900      0.0852346       0.412879       0.170469
          80000      0.0013585      0.0521248     0.00271699
          80100      0.0308579      -0.248427      0.0617159
          80200      0.0156197      -0.176747      0.0312395
          80300    0.000259335     -0.0227743     0.00051867
          80400       0.172376       0.587155       0.344752
          80500     0.00181964      0.0603264     0.00363927
          80600       0.117572       0.484917       0.235145
          80700     0.00214261     -0.0654616     0.00428522
          80800      0.0425313      -0.291655      0.0850627
          80900      0.0167111       0.182817      0.0334222
          81000      0.0146048      -0.170908      0.0292097
          81100        0.24681       0.702581        0.49362
          81200       0.111455       0.472133        0.22291
          81300      0.0271592       0.233063      0.0543185
          81400      0.0882508      -0.420121       0.176502
          81500     0.00507109       0.100708      0.0101422
          81600      0.0321006        0.25338      0.0642013
          81700    4.11853e-05     0.00907583    8.23707e-05
          81800      0.0327661       0.255993      0.0655323
          81900      0.0812489       -0.40311       0.162498
          82000      0.0803297       0.400823       0.160659
          82100       0.175955       0.593219       0.351909
          82200    0.000294999     -0.0242899    0.000589998
          82300      0.0002379      0.0218128      0.0004758
          82400      0.0419226       -0.28956      0.0838452
          82500       0.093171       0.431674       0.186342
          82600      0.0149585       0.172965      0.0299169
          82700      0.0149747       0.173059      0.0299495
          82800      0.0780146      -0.395005       0.156029
          82900      0.0322291       0.253886      0.0644582
          83000      0.0506069      -0.318141       0.101214
          83100       0.108258      -0.465314       0.216517
          83200     0.00388774     -0.0881787     0.00777548
          83300      0.0456272       0.302084      0.0912545
          83400      0.0830693      -0.407601       0.166139
          83500      0.0108981      -0.147635      0.0217962
          83600      0.0155997      -0.176633      0.0311994
          83700       0.030369       0.246451       0.060738
          83800       0.090634      -0.425756       0.181268
          83900      0.0896057      -0.423334       0.179211
          84000      0.0289658       -0.24069      0.0579316
          84100      0.0267457      -0.231282      0.0534914
          84200      0.0533612       0.326684       0.106722
          84300       0.040215      -0.283602      0.0804299
          84400       0.119905       0.489705       0.239811
          84500      0.0209156      -0.204527      0.0418312
          84600      0.0383171       0.276829      0.0766342
          84700     0.00127919     -0.0505804     0.00255838
          84800      0.0312799        0.25012      0.0625599
          84900     0.00517799      -0.101764       0.010356
          85000      0.0214351       0.207051      0.0428702
          85100    0.000444043     -0.0298008    0.000888087
          85200      0.0935607       0.432575       0.187121
          85300      0.0170306      -0.184557      0.0340612
          85400      0.0511675       0.319898       0.102335
          85500      0.0446695       0.298896      0.0893389
          85600     0.00597349      -0.109302       0.011947
          85700      0.0749477      -0.387163       0.149895
          85800       0.139186       0.527609       0.278372
          85900     0.00774988       0.124498      0.0154998
          86000     0.00330964       0.081359     0.00661929
          86100      0.0697422       0.373476       0.139484
          86200       0.312533       0.790611       0.625066
          86300      0.0377978       0.274947      0.0755957
          86400     0.00895893       0.133858      0.0179179
          86500     0.00016518     -0.0181758    0.000330361
          86600       0.010021       -0.14157       0.020042
          86700      0.0603536        0.34743       0.120707
          86800     0.00424588      0.0921508     0.00849176
          86900     0.00691527       0.117603      0.0138305
          87000       0.233994       0.684097       0.467989
          87100      0.0919601       0.428859        0.18392
          87200    9.10664e-06      0.0042677    1.82133e-05
          87300      0.0626416      -0.353954       0.125283
          87400     0.00530207      -0.102976      0.0106041
          87500       0.034311       0.261958      0.0686221
          87600      0.0132524      -0.162803      0.0265049
          87700      0.0591232       -0.34387       0.118246
          87800      0.0446471      -0.298821      0.0892942
          87900       0.102339       0.452413       0.204677
          88000      0.0679539      -0.368657       0.135908
          88100     0.00748928      -0.122387      0.0149786
          88200     0.00126645     -0.0503278     0.00253289
          88300      0.0211124      -0.205487      0.0422249
          88400       0.427364      -0.924515       0.854729
          88500     0.00027793      0.0235767    0.000555859
          88600      0.0593351       0.344485        0.11867
          88700    1.12162e-05     0.00473629    2.24324e-05
          88800    3.89922e-05     0.00883088    7.79844e-05
          88900      0.0763639      -0.390804       0.152728
          89000      0.0136146       0.165013      0.0272291
          89100      0.0246645      -0.222101      0.0493289
          89200       0.056247      -0.335401       0.112494
          89300      0.0306198       0.247467      0.0612397
          89400      0.0412509       0.287231      0.0825018
          89500      0.0256275      -0.226396      0.0512551
          89600       0.119848      -0.489588       0.239696
          89700      0.0421559      -0.290365      0.0843118
          89800      0.0738162       -0.38423       0.147632
          89900       0.308903      -0.786006       0.617806
          90000     0.00875919      -0.132357      0.0175184
          90100      0.0145434       0.170548      0.0290867
          90200    3.81338e-05     0.00873313    7.62676e-05
          90300    0.000948789      0.0435612     0.00189758
          90400     0.00636484       0.112826      0.0127297
          90500       0.114421      -0.478374       0.228842
          90600       0.111997      -0.473281       0.223995
          90700       0.137739       -0.52486       0.275478
          90800      0.0197628       -0.19881      0.0395255
          90900      0.0276109      -0.234993      0.0552218
          91000      0.0233448      -0.216078      0.0466895
          91100    0.000728313     -0.0381658     0.00145663
          91200       0.237416       0.689081       0.474832
          91300     0.00663463       0.115192      0.0132693
          91400      0.0231239      -0.215053      0.0462478
          91500      0.0744632       -0.38591       0.148926
          91600       0.300013      -0.774613       0.600025
          91700      0.0105472      -0.145239      0.0210945
          91800     0.00750007       0.122475      0.0150001
          91900      0.0393218      -0.280435      0.0786436
          92000      0.0555968      -0.333457       0.111194
          92100     0.00392734      0.0886267     0.00785468
          92200       0.183057      -0.605074       0.366114
          92300     0.00892462      -0.133601      0.0178492
          92400     0.00148834       0.054559     0.00297668
          92500     0.00471267     -0.0970842     0.00942535
          92600      0.0121409      -0.155826      0.0242817
          92700      0.0627444       0.354244       0.125489
          92800     0.00634394       -0.11264      0.0126879
          92900       0.128423      -0.506799       0.256846
          93000       0.268342      -0.732587       0.536684
          93100      0.0453935      -0.301309      0.0907869
          93200      0.0323279      -0.254275      0.0646559
          93300      0.0139165      -0.166832       0.027833
          93400     0.00117477      0.0484721     0.00234954
          93500     0.00556138       0.105464      0.0111228
          93600       0.239352       0.691885       0.478704
          93700     0.00295312      0.0768521     0.00590624
          93800        0.01086      -0.147377      0.0217201
          93900      0.0607079      -0.348448       0.121416
          94000       0.118893       0.487633       0.237786
          94100    0.000738994      0.0384446     0.00147799
          94200     0.00628303      -0.112098      0.0125661
          94300     0.00681195      -0.116721      0.0136239
          94400       0.118751       0.487342       0.237502
          94500      0.0869711      -0.417064       0.173942
          94600      0.0201448       0.200722      0.0402895
          94700       0.112638       0.474632       0.225276
          94800      0.0544589       0.330027       0.108918
          94900     0.00328531      0.0810593     0.00657061
          95000      0.0146258      -0.171031      0.0292515
          95100      0.0702221       0.374759       0.140444
          95200     0.00678079      -0.116454      0.0135616
          95300       0.133619        0.51695       0.267238
          95400    0.000125043     -0.0158141    0.000250085
          95500      0.0123607       -0.15723      0.0247214
          95600      0.0108968      -0.147627      0.0217937
          95700    0.000420258      0.0289917    0.000840516
          95800      0.0949301       -0.43573        0.18986
          95900      0.0104647       -0.14467      0.0209295
          96000     0.00109262      0.0467465     0.00218524
          96100     0.00222915     -0.0667705      0.0044583
          96200     0.00592625      -0.108869      0.0118525
          96300      0.0269034       0.231963      0.0538068
          96400      0.0232255       0.215525      0.0464509
          96500     0.00732343      -0.121024      0.0146469
          96600      0.0465121       0.304999      0.0930242
          96700      0.0243241       0.220563      0.0486482
          96800        0.19306      -0.621386       0.386121
          96900      0.0183083       0.191355      0.0366166
          97000       0.187763      -0.612802       0.375526
          97100    0.000892487     -0.0422489     0.00178497
          97200     0.00276589       0.074376     0.00553179
          97300     0.00400801     -0.0895323     0.00801603
          97400     0.00303714      0.0779377     0.00607428
          97500      0.0484812       0.311388      0.0969623
          97600      0.0328259       0.256226      0.0656518
          97700    0.000268346     -0.0231666    0.000536691
          97800      0.0373734      -0.273399      0.0747468
          97900     0.00015624     -0.0176771    0.000312479
          98000      0.0135037        0.16434      0.0270075
          98100      0.0717841       0.378904       0.143568
          98200     0.00257084     -0.0717054     0.00514167
          98300      0.0115219      -0.151802      0.0230437
          98400      0.0654033       0.361672       0.130807
          98500       0.285755      -0.755983        0.57151
          98600      0.0812515      -0.403117       0.162503
          98700      0.0123975       0.157464       0.024795
          98800      0.0677404       0.368077       0.135481
          98900    0.000282105     -0.0237531    0.000564211
          99000      0.0186898      -0.193338      0.0373797
          99100      0.0135188       0.164431      0.0270375
          99200      0.0498533       0.315763      0.0997066
          99300      0.0233343       0.216029      0.0466687
          99400      0.0214995       0.207362      0.0429991
          99500      0.0826481       0.406566       0.165296
          99600      0.0208833       0.204369      0.0417666
          99700      0.0423515      -0.291038       0.084703
          99800      0.0285436       0.238929      0.0570872
          99900     0.00579134       0.107623      0.0115827
         100000     0.00898163       0.134027      0.0179633
