              0              0              0              0
            100       0.015602       0.176647      0.0312041
            200      0.0181487       0.190519      0.0362974
            300       0.135417       0.520417       0.270834
            400      0.0569015       0.337347       0.113803
            500       0.103343       0.454628       0.206686
            600       0.113594       0.476641       0.227187
            700      0.0356416       0.266989      0.0712832
            800      0.0183217       0.191425      0.0366435
            900        0.01796       0.189526      0.0359201
           1000      0.0142384       0.168751      0.0284768
           1100      0.0799913       0.399978       0.159983
           1200       0.113102       0.475609       0.226204
           1300       0.122587       0.495151       0.245174
           1400      0.0390472       0.279454      0.0780944
           1500      0.0805816       0.401451       0.161163
           1600       0.255663       0.715071       0.511326
           1700       0.249906       0.706973       0.499811
           1800      0.0898889       0.424002       0.179778
           1900       0.089821       0.423842       0.179642
           2000       0.141419       0.531826       0.282838
           2100       0.107513        0.46371       0.215027
           2200       0.283179       0.752567       0.566358
           2300       0.264799       0.727735       0.529598
           2400       0.177349       0.595566       0.354699
           2500       0.177702       0.596158       0.355404
           2600      0.0693312       0.372374       0.138662
           2700       0.113592       0.476638       0.227184
           2800     0.00496276      0.0996269     0.00992552
           2900     0.00484867      -0.098475     0.00969733
           3000      0.0636017      -0.356656       0.127203
           3100    0.000159754     -0.0178748    0.000319508
           3200     0.00111332      0.0471873     0.00222665
           3300     0.00436235     -0.0934061      0.0087247
           3400      0.0172634      -0.185814      0.0345267
           3500    3.34816e-05     0.00818311    6.69632e-05
           3600     0.00232629     -0.0682098     0.00465257
           3700      0.0129811       0.161128      0.0259623
           3800      0.0225501      -0.212368      0.0451001
           3900      0.0169817      -0.184292      0.0339634
           4000       0.013601        0.16493      0.0272019
           4100     0.00336041      0.0819806     0.00672082
           4200      0.0179557       0.189503      0.0359114
           4300      0.0103624       0.143961      0.0207248
           4400      0.0217732       0.208678      0.0435465
           4500       0.106653       0.461851       0.213307
           4600      0.0572035       0.338241       0.114407
           4700      0.0626546        0.35399       0.125309
           4800      0.0398463       0.282299      0.0796926
           4900    1.17534e-05    -0.00484838    2.35068e-05
           5000      0.0060166       0.109696      0.0120332
           5100     0.00121505       0.049296      0.0024301
           5200      0.0578961       0.340283       0.115792
           5300      0.0618492       0.351708       0.123698
           5400      0.0723111       0.380292       0.144622
           5500      0.0565528       0.336312       0.113106
           5600     0.00485999        0.09859     0.00971998
           5700      0.0428324       0.292686      0.0856649
           5800       0.159776       0.565289       0.319551
           5900       0.164692        0.57392       0.329384
           6000       0.121671       0.493297       0.243342
           6100       0.133409       0.516544       0.266817
           6200      0.0714719       0.378079       0.142944
           6300     0.00971432       0.139387      0.0194286
           6400     0.00220759     -0.0664468     0.00441518
           6500      0.0121643       0.155976      0.0243286
           6600     0.00156371      0.0559233     0.00312742
           6700      0.0756672       0.389017       0.151334
           6800       0.091798       0.428481       0.183596
           6900      0.0490323       0.313153      0.0980646
           7000      0.0028586     -0.0756122      0.0057172
           7100      0.0167494      -0.183027      0.0334988
           7200      0.0173803       0.186442      0.0347605
           7300      0.0772707       0.393118       0.154541
           7400       0.128173       0.506306       0.256346
           7500        0.05091       0.319092        0.10182
           7600       0.106569       0.461668       0.213137
           7700      0.0278536       0.236024      0.0557071
           7800      0.0240762       0.219437      0.0481525
           7900     0.00251255       0.070888      0.0050251
           8000     0.00446525      0.0945013      0.0089305
           8100      0.0248593       0.222977      0.0497186
           8200      0.0175408      -0.187301      0.0350816
           8300      0.0766572      -0.391554       0.153314
           8400      0.0685404      -0.370244       0.137081
           8500       0.148077        -0.5442       0.296154
           8600       0.103011      -0.453898       0.206023
           8700      0.0165985        -0.1822       0.033197
           8800      0.0778675      -0.394633       0.155735
           8900      0.0435878      -0.295255      0.0871756
           9000      0.0570011      -0.337642       0.114002
           9100       0.101556       -0.45068       0.203113
           9200     0.00459291     -0.0958427     0.00918583
           9300      0.0102946       -0.14349      0.0205893
           9400     0.00325241      0.0806525     0.00650483
           9500     0.00925444       0.136047      0.0185089
           9600      0.0182443        0.19102      0.0364886
           9700    5.32146e-05     -0.0103165    0.000106429
           9800      0.0498108       0.315629      0.0996216
           9900     0.00657358       0.114661      0.0131472
          10000     0.00677218       -0.11638      0.0135444
          10100     0.00295854     -0.0769225     0.00591707
          10200      0.0100499      -0.141773      0.0200997
          10300     0.00294914      0.0768002     0.00589827
          10400      0.0204675       0.202324      0.0409349
          10500    0.000147599     -0.0171813    0.000295198
          10600     0.00254731     -0.0713766     0.00509461
          10700      0.0013718      0.0523793     0.00274359
          10800     0.00497982      -0.099798     0.00995965
          10900     0.00528921       0.102851      0.0105784
          11000      0.0257202       0.226805      0.0514404
          11100      0.0153354       0.175131      0.0306707
          11200      0.0762948       0.390627        0.15259
          11300      0.0408856       0.285957      0.0817712
          11400    8.41757e-05       0.012975    0.000168351
          11500      0.0275951       0.234926      0.0551902
          11600     0.00407958      0.0903281     0.00815917
          11700      0.0242896      -0.220407      0.0485793
          11800       0.127224      -0.504428       0.254448
          11900      0.0371873      -0.272717      0.0743745
          12000     0.00897681      -0.133991      0.0179536
          12100      0.0015279     -0.0552793      0.0030558
          12200      0.0829767      -0.407374       0.165953
          12300      0.0823373      -0.405801       0.164675
          12400       0.083452      -0.408539       0.166904
          12500      0.0341856      -0.261479      0.0683711
          12600    0.000537938     -0.0328005     0.00107588
          12700     0.00344196      0.0829694     0.00688391
          12800      0.0208131       0.204025      0.0416263
          12900      0.0845797        0.41129       0.169159
          13000     0.00758157       0.123139      0.0151631
          13100     0.00167268     -0.0578391     0.00334537
          13200      0.0190352      -0.195116      0.0380703
          13300      0.0234588      -0.216605      0.0469176
          13400      0.0242924       -0.22042      0.0485849
          13500       0.105498      -0.459344       0.210997
          13600       0.134453      -0.518562       0.268906
          13700        0.25204      -0.709986        0.50408
          13800       0.182751      -0.604567       0.365501
          13900      0.0472845      -0.307521      0.0945689
          14000       0.159602      -0.564981       0.319204
          14100      0.0971124      -0.440709       0.194225
          14200      0.0522134      -0.323151       0.104427
          14300     0.00362852     -0.0851883     0.00725704
          14400     0.00164702     -0.0573938     0.00329405
          14500     0.00346339     -0.0832273     0.00692678
          14600    0.000237737     -0.0218054    0.000475474
          14700      0.0217898      -0.208757      0.0435796
          14800      0.0100225       0.141581      0.0200451
          14900      0.0597905       0.345805       0.119581
          15000      0.0758213       0.389413       0.151643
          15100      0.0011767      0.0485118      0.0023534
          15200     0.00527313       0.102695      0.0105463
          15300     0.00563716       0.106181      0.0112743
          15400      0.0129222       0.160762      0.0258445
          15500      0.0377811       0.274886      0.0755622
          15600      0.0927671       0.430737       0.185534
          15700      0.0481637       0.310367      0.0963274
          15800      0.0518131        0.32191       0.103626
          15900      0.0285855       0.239105      0.0571711
          16000     0.00583647       0.108041      0.0116729
          16100       0.117321       0.484399       0.234642
          16200      0.0106348       0.145841      0.0212696
          16300      0.0031092      0.0788568      0.0062184
          16400      0.0573971       0.338813       0.114794
          16500      0.0889329       0.421741       0.177866
          16600      0.0176493       0.187879      0.0352986
          16700      0.0331416       0.257455      0.0662833
          16800     0.00126965     -0.0503915     0.00253931
          16900      0.0311489       0.249595      0.0622978
          17000      0.0107576       0.146681      0.0215152
          17100    9.57898e-05      0.0138412     0.00019158
          17200      0.0629182       0.354734       0.125836
          17300     0.00768516       0.123977      0.0153703
          17400       0.112337       0.473998       0.224674
          17500      0.0438922       0.296284      0.0877844
          17600     0.00771929       0.124252      0.0154386
          17700      0.0110348       0.148559      0.0220696
          17800      0.0110424       0.148609      0.0220847
          17900     0.00725564      -0.120463      0.0145113
          18000     0.00105172      0.0458632     0.00210343
          18100      0.0206583       0.203265      0.0413166
          18200     0.00730558       0.120877      0.0146112
          18300     0.00476796       0.097652     0.00953592
          18400      0.0463084        0.30433      0.0926169
          18500      0.0920864       0.429154       0.184173
          18600      0.0250014       0.223613      0.0500029
          18700    2.97429e-05     -0.0077127    5.94857e-05
          18800     0.00951788       -0.13797      0.0190358
          18900      0.0191362      -0.195633      0.0382724
          19000       0.032413      -0.254609       0.064826
          19100       0.109956      -0.468947       0.219911
          19200       0.106085      -0.460618       0.212169
          19300      0.0699264      -0.373969       0.139853
          19400       0.041311      -0.287441      0.0826221
          19500      0.0913889      -0.427525       0.182778
          19600       0.037753      -0.274784      0.0755061
          19700       0.102386      -0.452517       0.204771
          19800       0.299081      -0.773409       0.598162
          19900       0.191386      -0.618686       0.382773
          20000       0.284849      -0.754783       0.569697
          20100       0.281155      -0.749873       0.562309
          20200       0.147334      -0.542834       0.294669
          20300      0.0852849      -0.413001        0.17057
          20400      0.0738987      -0.384444       0.147797
          20500       0.118598      -0.487027       0.237196
          20600       0.136965      -0.523383        0.27393
          20700       0.137843      -0.525059       0.275687
          20800       0.302169      -0.777392       0.604338
          20900       0.107671      -0.464049       0.215342
          21000      0.0180376      -0.189935      0.0360752
          21100      0.0615428      -0.350836       0.123086
          21200      0.0126277       -0.15892      0.0252555
          21300       0.106528       -0.46158       0.213056
          21400       0.249441      -0.706315       0.498881
          21500       0.624854        -1.1179        1.24971
          21600       0.376259      -0.867478       0.752519
          21700       0.240132       -0.69301       0.480263
          21800       0.186999      -0.611553       0.373998
          21900       0.355025      -0.842645        0.71005
          22000       0.117733      -0.485248       0.235465
          22100      0.0654366      -0.361764       0.130873
          22200     6.6525e-05      0.0115347     0.00013305
          22300     0.00250526       0.070785     0.00501052
          22400     0.00323742      0.0804664     0.00647485
          22500    0.000652533      0.0361257     0.00130507
          22600     0.00349991       0.083665     0.00699983
          22700      0.0391917        0.27997      0.0783834
          22800       0.149319       0.546478       0.298638
          22900      0.0579629       0.340479       0.115926
          23000    0.000778764      0.0394655     0.00155753
          23100     0.00449117     -0.0947752     0.00898234
          23200      0.0612288      -0.349939       0.122458
          23300      0.0137806      -0.166016      0.0275612
          23400      0.0188637      -0.194235      0.0377273
          23500       0.126705      -0.503399        0.25341
          23600      0.0566764      -0.336679       0.113353
          23700      0.0585741      -0.342269       0.117148
          23800     0.00922599      -0.135838       0.018452
          23900      0.0312315       0.249926       0.062463
          24000     0.00750375       0.122505      0.0150075
          24100      0.0417882       0.289096      0.0835763
          24200      0.0330114       0.256949      0.0660228
          24300      0.0123288       0.157028      0.0246577
          24400      0.0122788       0.156709      0.0245576
          24500     0.00121867     -0.0493694     0.00243734
          24600       0.183884      -0.606438       0.367767
          24700       0.163266      -0.571429       0.326531
          24800      0.0175618      -0.187413      0.0351237
          24900      0.0100945      -0.142088       0.020189
          25000      0.0027274      0.0738566      0.0054548
          25100     0.00298619      0.0772811     0.00597237
          25200      0.0915468       0.427894       0.183094
          25300       0.137965       0.525291        0.27593
          25400      0.0401207       0.283269      0.0802415
          25500      0.0172234       0.185599      0.0344468
          25600    0.000369188     -0.0271731    0.000738377
          25700     0.00278815     -0.0746746      0.0055763
          25800      0.0228492      -0.213772      0.0456983
          25900       0.154928      -0.556647       0.309856
          26000      0.0578828      -0.340244       0.115766
          26100     0.00160217      0.0566069     0.00320434
          26200       0.064038       0.357877       0.128076
          26300     0.00215024       0.065578     0.00430048
          26400    0.000519999       0.032249        0.00104
          26500      0.0136425      -0.165181      0.0272849
          26600      0.0144503      -0.170002      0.0289007
          26700     0.00232717     -0.0682228     0.00465434
          26800    0.000579921      0.0340564     0.00115984
          26900    7.83695e-05     -0.0125195    0.000156739
          27000      0.0414082      -0.287779      0.0828165
          27100     0.00687718      -0.117279      0.0137544
          27200    9.40801e-06     0.00433774     1.8816e-05
          27300      0.0252314      -0.224639      0.0504627
          27400      0.0462865      -0.304258      0.0925729
          27500    6.49127e-05     -0.0113941    0.000129825
          27600      0.0120237       0.155072      0.0240473
          27700    8.37276e-06     0.00409213    1.67455e-05
          27800      0.0477604      -0.309064      0.0955208
          27900      0.0362253      -0.269167      0.0724506
          28000    0.000322264      0.0253876    0.000644528
          28100      0.0189438       0.194647      0.0378875
          28200     0.00662977        0.11515      0.0132595
          28300    0.000232961     -0.0215852    0.000465923
          28400      0.0165925      -0.182167      0.0331849
          28500    0.000131237     -0.0162011    0.000262475
          28600      0.0247289       0.222391      0.0494578
          28700     0.00524919       0.102462      0.0104984
          28800    0.000430539      0.0293441    0.000861078
          28900    9.21076e-05      0.0135726    0.000184215
          29000      0.0021715     -0.0659014       0.004343
          29100     0.00135073      0.0519755     0.00270145
          29200      0.0209057      -0.204478      0.0418114
          29300     0.00822976      -0.128295      0.0164595
          29400      0.0195497      -0.197736      0.0390994
          29500      0.0396593      -0.281636      0.0793187
          29600      0.0377343      -0.274715      0.0754685
          29700      0.0632834      -0.355762       0.126567
          29800      0.0143882      -0.169636      0.0287764
          29900    5.49778e-05       0.010486    0.000109956
          30000      0.0261629       0.228748      0.0523258
          30100     0.00235062      0.0685656     0.00470124
          30200     0.00237028     -0.0688518     0.00474057
          30300     0.00117121      0.0483985     0.00234242
          30400      0.0303523      -0.246383      0.0607046
          30500     0.00115539     -0.0480705     0.00231077
          30600    0.000888381      0.0421517     0.00177676
          30700    0.000452815      0.0300937     0.00090563
          30800      0.0878766      -0.419229       0.175753
          30900      0.0345436      -0.262844      0.0690871
          31000      0.0194603      -0.197283      0.0389206
          31100     0.00105696      0.0459775     0.00211393
          31200     0.00214448     -0.0654902     0.00428897
          31300     0.00256338     -0.0716014     0.00512677
          31400      0.0374143      -0.273548      0.0748285
          31500      0.0186351      -0.193055      0.0372702
          31600      0.0597976      -0.345825       0.119595
          31700     0.00595494      -0.109132      0.0119099
          31800    0.000576751     -0.0339632      0.0011535
          31900      0.0358958      -0.267939      0.0717915
          32000      0.0249679      -0.223463      0.0499358
          32100      0.0681691        0.36924       0.136338
          32200      0.0549173       0.331413       0.109835
          32300      0.0302167       0.245832      0.0604334
          32400       0.126657       0.503303       0.253314
          32500      0.0802433       0.400608       0.160487
          32600        0.20596        0.64181       0.411921
          32700      0.0737121       0.383958       0.147424
          32800       0.092616       0.430386       0.185232
          32900      0.0499952       0.316213      0.0999905
          33000      0.0374023       0.273504      0.0748046
          33100    0.000987874     -0.0444494     0.00197575
          33200      0.0473581       -0.30776      0.0947161
          33300     0.00171199      0.0585148     0.00342398
          33400       0.102779       0.453385       0.205558
          33500      0.0383829       0.277066      0.0767658
          33600      0.0152523       0.174656      0.0305046
          33700     0.00597455       0.109312      0.0119491
          33800     0.00189961      0.0616377     0.00379921
          33900       0.010077       0.141965       0.020154
          34000      0.0534251      -0.326879        0.10685
          34100      0.0149112      -0.172692      0.0298225
          34200     0.00788128       0.125549      0.0157626
          34300      0.0349801         0.2645      0.0699602
          34400      0.0134483       0.164002      0.0268965
          34500     0.00262399      0.0724429     0.00524798
          34600     0.00557823      -0.105624      0.0111565
          34700      0.0266645      -0.230931      0.0533289
          34800       0.040299      -0.283898       0.080598
          34900     0.00747485      -0.122269      0.0149497
          35000     0.00457767     -0.0956835     0.00915534
          35100     0.00160787     -0.0567075     0.00321574
          35200     0.00136574      0.0522635     0.00273147
          35300     0.00083337      0.0408257     0.00166674
          35400     0.00204911      0.0640173     0.00409822
          35500     0.00787628       0.125509      0.0157526
          35600      0.0367736       0.271196      0.0735473
          35700      0.0156818       0.177098      0.0313636
          35800      0.0700219       0.374224       0.140044
          35900      0.0973407       0.441227       0.194681
          36000       0.106035       0.460511        0.21207
          36100       0.102814       0.453462       0.205627
          36200      0.0356228       0.266919      0.0712456
          36300     0.00355027      0.0842647     0.00710053
          36400    0.000665623     -0.0364862     0.00133125
          36500       0.104138      -0.456373       0.208277
          36600        0.17147      -0.585611       0.342941
          36700       0.183933       -0.60652       0.367867
          36800     0.00751929      -0.122632      0.0150386
          36900     0.00133916     -0.0517526     0.00267833
          37000      0.0191459      -0.195683      0.0382918
          37100      0.0389887      -0.279244      0.0779774
          37200      0.0266779      -0.230989      0.0533558
          37300    6.50588e-06    -0.00360718    1.30118e-05
          37400     0.00141657      0.0532273     0.00283314
          37500     0.00397075      0.0891151     0.00794149
          37600      0.0346428      -0.263222      0.0692856
          37700      0.0540894      -0.328906       0.108179
          37800      0.0151442      -0.174036      0.0302884
          37900    0.000188419     -0.0194123    0.000376838
          38000       0.073774        0.38412       0.147548
          38100      0.0863829       0.415651       0.172766
          38200       0.146479       0.541256       0.292958
          38300       0.319435       0.799293       0.638869
          38400      0.0856922       0.413986       0.171384
          38500       0.105093        0.45846       0.210185
          38600      0.0295319        0.24303      0.0590637
          38700      0.0736886       0.383897       0.147377
          38800       0.194965       0.624444        0.38993
          38900      0.0486251        0.31185      0.0972503
          39000      0.0226222       0.212708      0.0452445
          39100      0.0777037       0.394218       0.155407
          39200      0.0449398       0.299799      0.0898796
          39300     0.00924983       0.136013      0.0184997
          39400      0.0856365       0.413851       0.171273
          39500      0.0539414       0.328455       0.107883
          39600     0.00943327       0.137355      0.0188665
          39700     0.00836487      -0.129343      0.0167297
          39800      0.0903998      -0.425205         0.1808
          39900      0.0886806      -0.421143       0.177361
          40000       0.172516      -0.587395       0.345033
          40100       0.207461      -0.644144       0.414922
          40200       0.193233      -0.621665       0.386467
          40300      0.0255327      -0.225976      0.0510653
          40400     0.00251532     -0.0709271     0.00503065
          40500       0.330284      -0.812753       0.660567
          40600      0.0795479      -0.398868       0.159096
          40700       0.100435      -0.448185        0.20087
          40800     0.00327861     -0.0809767     0.00655723
          40900      0.0245855      -0.221745       0.049171
          41000       0.155191      -0.557119       0.310381
          41100      0.0599604      -0.346296       0.119921
          41200       0.287529      -0.758326       0.575058
          41300      0.0164258       -0.18125      0.0328516
          41400    0.000210906       0.020538    0.000421811
          41500      0.0328465      -0.256306       0.065693
          41600      0.0383168      -0.276828      0.0766335
          41700     0.00276646     -0.0743836     0.00553293
          41800       0.048885      -0.312682        0.09777
          41900       0.025804      -0.227174      0.0516079
          42000       0.106459      -0.461431       0.212919
          42100      0.0523655      -0.323622       0.104731
          42200       0.197237      -0.628071       0.394474
          42300       0.120584      -0.491089       0.241169
          42400     0.00847495      -0.130192      0.0169499
          42500     0.00689605       -0.11744      0.0137921
          42600      0.0363836      -0.269754      0.0727672
          42700     0.00019315      0.0196545      0.0003863
          42800     0.00210395     -0.0648683      0.0042079
          42900      0.0188883       0.194362      0.0377765
          43000     0.00814152       0.127605       0.016283
          43100      0.0554395       0.332985       0.110879
          43200      0.0439559       0.296499      0.0879118
          43300    0.000291368     -0.0241399    0.000582735
          43400     4.0702e-05     0.00902242     8.1404e-05
          43500      0.0002126      0.0206204      0.0004252
          43600    0.000466439     -0.0305431    0.000932878
          43700    5.60049e-05     -0.0105835     0.00011201
          43800      0.0932795       0.431925       0.186559
          43900      0.0266133       0.230709      0.0532267
          44000       0.116913       0.483555       0.233826
          44100         0.3688       0.858837       0.737601
          44200       0.184639       0.607682       0.369278
          44300        0.07535       0.388201         0.1507
          44400     0.00951465      -0.137947      0.0190293
          44500     3.2008e-05     0.00800101    6.40161e-05
          44600      0.0126263       0.158911      0.0252526
          44700     0.00353543      0.0840884     0.00707087
          44800     0.00351641       0.083862     0.00703283
          44900     0.00598277       0.109387      0.0119655
          45000    0.000327892      0.0256083    0.000655785
          45100     0.00508111       0.100808      0.0101622
          45200     0.00255183     -0.0714399     0.00510365
          45300     0.00315631     -0.0794519     0.00631261
          45400     0.00904173      -0.134475      0.0180835
          45500     0.00499683     -0.0999683     0.00999365
          45600      0.0196578       0.198282      0.0393156
          45700      0.0773001       0.393192         0.1546
          45800      0.0468915        0.30624      0.0937831
          45900      0.0787352       0.396825        0.15747
          46000        0.15525       0.557226       0.310501
          46100      0.0082761       0.128655      0.0165522
          46200     0.00275903      0.0742837     0.00551807
          46300    2.11869e-06    -0.00205849    4.23739e-06
          46400      0.0221642       0.210543      0.0443284
          46500     0.00505971       0.100595      0.0101194
          46600      0.0145769       0.170745      0.0291538
          46700       0.128084       0.506131       0.256168
          46800      0.0418738       0.289392      0.0837475
          46900      0.0221139      -0.210304      0.0442277
          47000     0.00463613     -0.0962925     0.00927225
          47100      0.0924124       0.429913       0.184825
          47200       0.105664       0.459704       0.211328
          47300      0.0686055        0.37042       0.137211
          47400      0.0406666        0.28519      0.0813331
          47500      0.0378744       0.275225      0.0757488
          47600     0.00485407      0.0985299     0.00970815
          47700      0.0195866       0.197922      0.0391732
          47800      0.0825177       0.406246       0.165035
          47900       0.122775        0.49553        0.24555
          48000      0.0195472       0.197723      0.0390945
          48100      0.0369722       0.271927      0.0739445
          48200      0.0110095       0.148388      0.0220189
          48300    0.000736691     -0.0383847     0.00147338
          48400      0.0694773       0.372766       0.138955
          48500      0.0037784      0.0869298     0.00755679
          48600      0.0152446       0.174611      0.0304891
          48700    0.000508146      0.0318793     0.00101629
          48800     0.00287941      0.0758868     0.00575881
          48900      0.0129405       0.160875      0.0258809
          49000    0.000790118     -0.0397522     0.00158024
          49100     0.00539541      -0.103879      0.0107908
          49200     0.00316971     -0.0796205     0.00633942
          49300      0.0428103       -0.29261      0.0856207
          49400      0.0055893      -0.105729      0.0111786
          49500     0.00573135      -0.107064      0.0114627
          49600      0.0132746      -0.162939      0.0265492
          49700      0.0155059      -0.176101      0.0310117
          49800    0.000842327     -0.0410445     0.00168465
          49900    4.26328e-06     0.00292003    8.52655e-06
          50000      0.0734094       0.383169       0.146819
          50100        0.22624       0.672666        0.45248
          50200      0.0930276       0.431341       0.186055
          50300       0.175969       0.593243       0.351937
          50400       0.121445        0.49284       0.242891
          50500      0.0715873       0.378384       0.143175
          50600        0.10154       0.450644        0.20308
          50700     0.00223027      0.0667873     0.00446055
          50800     0.00274518      -0.074097     0.00549036
          50900      0.0205804      -0.202881      0.0411609
          51000      0.0264477       -0.22999      0.0528954
          51100      0.0130226      -0.161385      0.0260451
          51200     0.00186811      0.0611247     0.00373622
          51300     0.00118602     -0.0487036     0.00237204
          51400    1.70356e-05     0.00583706    3.40712e-05
          51500      0.0211852       -0.20584      0.0423703
          51600       0.247005      -0.702859       0.494011
          51700       0.252491      -0.710621       0.504982
          51800       0.141195      -0.531405       0.282391
          51900      0.0712093      -0.377384       0.142419
          52000        0.18771      -0.612716        0.37542
          52100      0.0109947      -0.148288      0.0219894
          52200      0.0192672      -0.196302      0.0385345
          52300      0.0569855      -0.337596       0.113971
          52400      0.0242112      -0.220051      0.0484223
          52500     0.00953852       -0.13812       0.019077
          52600      0.0134936      -0.164278      0.0269872
          52700      0.0396926      -0.281754      0.0793851
          52800       0.020355      -0.201767      0.0407099
          52900     0.00922488       -0.13583      0.0184498
          53000     0.00167521     -0.0578827     0.00335041
          53100    3.87756e-06      0.0027848    7.75512e-06
          53200     0.00323777      0.0804708     0.00647554
          53300     0.00113655      0.0476769     0.00227309
          53400       0.011047       0.148641       0.022094
          53500      0.0102687       0.143309      0.0205373
          53600     0.00206396      0.0642489     0.00412792
          53700     0.00419688     -0.0916174     0.00839376
          53800      0.0186215      -0.192984      0.0372429
          53900      0.0921389      -0.429276       0.184278
          54000       0.007363      -0.121351       0.014726
          54100    2.28583e-05      0.0067614    4.57166e-05
          54200      0.0261474       -0.22868      0.0522947
          54300       0.131295      -0.512436       0.262591
          54400       0.167272      -0.578398       0.334544
          54500      0.0497687      -0.315495      0.0995373
          54600      0.0854504      -0.413401       0.170901
          54700     0.00152142      -0.055162     0.00304284
          54800      0.0428515      -0.292751      0.0857029
          54900      0.0116699      -0.152773      0.0233397
          55000     0.00644665      -0.113549      0.0128933
          55100      0.0137967      -0.166112      0.0275934
          55200    0.000481334      0.0310269    0.000962667
          55300    1.53109e-06    -0.00174991    3.06218e-06
          55400    0.000148268     -0.0172202    0.000296537
          55500     0.00704408      -0.118694      0.0140882
          55600         0.0488       -0.31241         0.0976
          55700      0.0105334      -0.145144      0.0210668
          55800      0.0248461      -0.222918      0.0496922
          55900     0.00579331      -0.107641      0.0115866
          56000       0.013894      -0.166697      0.0277879
          56100      0.0156288      -0.176798      0.0312576
          56200      0.0416013      -0.288448      0.0832025
          56300     0.00137013     -0.0523475     0.00274026
          56400      0.0306823      -0.247719      0.0613646
          56500    0.000145088     -0.0170345    0.000290175
          56600    0.000102991      0.0143521    0.000205981
          56700      0.0156327       -0.17682      0.0312655
          56800    0.000466002      0.0305288    0.000932005
          56900      0.0141625        -0.1683      0.0283249
          57000      0.0197966      -0.198981      0.0395933
          57100      0.0098719       0.140513      0.0197438
          57200      0.0104127        0.14431      0.0208254
          57300      0.0238109       0.218224      0.0476219
          57400      0.0262323       0.229051      0.0524645
          57500    9.52514e-06    -0.00436466    1.90503e-05
          57600     0.00107563      0.0463817     0.00215127
          57700      0.0026664      -0.073026      0.0053328
          57800       0.025439      -0.225561       0.050878
          57900     0.00966522      -0.139034      0.0193304
          58000     0.00122984     -0.0495952     0.00245969
          58100     0.00375855     -0.0867013     0.00751711
          58200     0.00119866      0.0489625     0.00239732
          58300      0.0596004       0.345255       0.119201
          58400      0.0039924      0.0893577      0.0079848
          58500    3.83897e-05     0.00876239    7.67794e-05
          58600      0.0546159       0.330502       0.109232
          58700      0.0507166       0.318486       0.101433
          58800      0.0698842       0.373856       0.139768
          58900      0.0766584       0.391557       0.153317
          59000      0.0444809       0.298265      0.0889618
          59100     0.00363772      0.0852962     0.00727543
          59200       0.014184      -0.168428      0.0283679
          59300    6.56035e-05      0.0114546    0.000131207
          59400     0.00487657      -0.098758     0.00975314
          59500      0.0047617       0.097588     0.00952341
          59600     0.00244562     -0.0699374     0.00489124
          59700       0.104871      -0.457976       0.209742
          59800      0.0995867      -0.446288       0.199173
          59900      0.0675574       -0.36758       0.135115
          60000     0.00424278     -0.0921171     0.00848556
          60100     0.00523028       0.102277      0.0104606
          60200     0.00788273       0.125561      0.0157655
          60300      0.0147472       0.171739      0.0294945
          60400     0.00372912     -0.0863611     0.00745824
          60500     0.00468181      0.0967658     0.00936361
          60600      0.0285407      -0.238917      0.0570814
          60700         0.0191      -0.195448         0.0382
          60800      0.0394331      -0.280831      0.0788662
          60900       0.105607      -0.459581       0.211215
          61000      0.0786253      -0.396548       0.157251
          61100      0.0176538      -0.187903      0.0353075
          61200      0.0157445      -0.177451       0.031489
          61300     0.00588168       0.108459      0.0117634
          61400     0.00131797      0.0513415     0.00263595
          61500      0.0010045      0.0448218     0.00200899
          61600      0.0670461       0.366186       0.134092
          61700      0.0014766     -0.0543433     0.00295319
          61800     0.00901724       0.134292      0.0180345
          61900      0.0352721       0.265601      0.0705441
          62000      0.0461867        0.30393      0.0923733
          62100     0.00137563      0.0524525     0.00275127
          62200      0.0204422       0.202199      0.0408845
          62300      0.0816173       0.404023       0.163235
          62400      0.0356662       0.267081      0.0713324
          62500      0.0717195       0.378734       0.143439
          62600      0.0145701       0.170705      0.0291402
          62700     0.00104154     -0.0456407     0.00208307
          62800     0.00123102      0.0496189     0.00246203
          62900     0.00035733      0.0267331    0.000714659
          63000      0.0138938      -0.166696      0.0277875
          63100      0.0185755      -0.192746       0.037151
          63200      0.0107316      -0.146503      0.0214631
          63300      0.0497972      -0.315586      0.0995944
          63400     0.00667896       0.115576      0.0133579
          63500      0.0686675       0.370587       0.137335
          63600     0.00639436       0.113087      0.0127887
          63700     0.00944601       0.137448       0.018892
          63800     0.00546215       0.104519      0.0109243
          63900      0.0404031       0.284264      0.0808062
          64000      0.0404694       0.284498      0.0809389
          64100       0.028304       0.237924      0.0566079
          64200      0.0684743       0.370066       0.136949
          64300      0.0295783       0.243221      0.0591566
          64400    0.000283275     -0.0238023     0.00056655
          64500     0.00476413     -0.0976128     0.00952825
          64600      0.0178436       -0.18891      0.0356871
          64700     0.00105433      0.0459202     0.00210866
          64800    0.000627317      0.0354208     0.00125463
          64900    0.000185007     -0.0192357    0.000370014
          65000      0.0061353      -0.110773      0.0122706
          65100     0.00316118     -0.0795133     0.00632236
          65200      0.0325367      -0.255095      0.0650734
          65300      0.0126548       -0.15909      0.0253095
          65400    0.000748479      0.0386905     0.00149696
          65500     0.00106319     -0.0461127     0.00212638
          65600       0.101306      -0.450123       0.202611
          65700      0.0597042      -0.345555       0.119408
          65800      0.0200204      -0.200102      0.0400408
          65900      0.0272263      -0.233351      0.0544527
          66000     0.00248387     -0.0704823     0.00496775
          66100      0.0199714      -0.199857      0.0399427
          66200     0.00491208      0.0991169     0.00982415
          66300      0.0373358      -0.273261      0.0746716
          66400      0.0592089      -0.344119       0.118418
          66500    2.15627e-05     0.00656699    4.31254e-05
          66600      0.0056879       0.106657      0.0113758
          66700    0.000328712     -0.0256403    0.000657425
          66800      0.0114392      -0.151256      0.0228784
          66900     0.00034366      0.0262168     0.00068732
          67000     0.00562827      -0.106097      0.0112565
          67100    0.000866677      0.0416336     0.00173335
          67200     0.00664023      -0.115241      0.0132805
          67300       0.019411      -0.197033      0.0388221
          67400      0.0934341      -0.432283       0.186868
          67500       0.129402      -0.508727       0.258803
          67600       0.105937      -0.460297       0.211874
          67700      0.0775375      -0.393796       0.155075
          67800      0.0398531      -0.282323      0.0797062
          67900     0.00081695     -0.0404215      0.0016339
          68000       0.040169      -0.283439      0.0803379
          68100      0.0310923      -0.249368      0.0621845
          68200      0.0104803       0.144778      0.0209605
          68300    0.000630754     -0.0355177     0.00126151
          68400      0.0427193      -0.292299      0.0854386
          68500    3.38563e-05     0.00822877    6.77126e-05
          68600      0.0405351      -0.284728      0.0810703
          68700      0.0361266        -0.2688      0.0722533
          68800      0.0591489      -0.343945       0.118298
          68900       0.152195      -0.551716       0.304391
          69000        0.10614      -0.460739        0.21228
          69100      0.0769652       -0.39234        0.15393
          69200      0.0550275      -0.331745       0.110055
          69300      0.0378807      -0.275248      0.0757613
          69400     0.00783573      -0.125186      0.0156715
          69500      0.0306055      -0.247408       0.061211
          69600     0.00340578     -0.0825321     0.00681156
          69700     0.00842033       0.129772      0.0168407
          69800      0.0842806       0.410562       0.168561
          69900      0.0593532       0.344538       0.118706
          70000      0.0586379       0.342455       0.117276
          70100       0.189478       0.615594       0.378956
          70200      0.0283852       0.238266      0.0567705
          70300      0.0714908       0.378129       0.142982
          70400       0.100753       0.448895       0.201507
          70500      0.0286537        0.23939      0.0573075
          70600      0.0186698       0.193235      0.0373396
          70700     0.00858623      -0.131044      0.0171725
          70800    2.58889e-06    -0.00227547    5.17778e-06
          70900      0.0359905      -0.268293      0.0719811
          71000      0.0117999      -0.153622      0.0235998
          71100     0.00899402       -0.13412       0.017988
          71200    0.000205692     -0.0202826    0.000411384
          71300    9.21454e-05      0.0135754    0.000184291
          71400    0.000563578      0.0335731     0.00112716
          71500    3.18815e-05    -0.00798518    6.37631e-05
          71600      0.0763909      -0.390873       0.152782
          71700       0.128839       -0.50762       0.257678
          71800       0.279384      -0.747508       0.558768
          71900       0.298301        -0.7724       0.596601
          72000       0.228337      -0.675776       0.456674
          72100       0.204352      -0.639299       0.408703
          72200      0.0180099      -0.189789      0.0360199
          72300       0.298223      -0.772299       0.596446
          72400       0.274519      -0.740971       0.549037
          72500       0.252567      -0.710728       0.505134
          72600       0.468942      -0.968444       0.937884
          72700       0.276292       -0.74336       0.552584
          72800       0.186858      -0.611324       0.373717
          72900       0.241777      -0.695381       0.483555
          73000     0.00558529      -0.105691      0.0111706
          73100      0.0141515      -0.168235      0.0283029
          73200      0.0390279      -0.279385      0.0780557
          73300      0.0698678      -0.373812       0.139736
          73400    5.46262e-06     0.00330533    1.09252e-05
          73500    4.03809e-05    -0.00898676    8.07619e-05
          73600      0.0198609      -0.199303      0.0397217
          73700      0.0516582      -0.321429       0.103316
          73800      0.0401538      -0.283386      0.0803076
          73900    0.000337034      0.0259628    0.000674069
          74000      0.0331688       0.257561      0.0663376
          74100      0.0526563       0.324519       0.105313
          74200      0.0379982       0.275674      0.0759963
          74300     0.00535321       0.103472      0.0107064
          74400    0.000355872      0.0266785    0.000711745
          74500      0.0765469      -0.391272       0.153094
          74600      0.0787613      -0.396891       0.157523
          74700      0.0113674      -0.150781      0.0227348
          74800     0.00564981        -0.1063      0.0112996
          74900     0.00175311     -0.0592133     0.00350622
          75000    0.000159763     -0.0178753    0.000319526
          75100     0.00132962      0.0515678     0.00265924
          75200       0.025371        0.22526      0.0507419
          75300    0.000657423      0.0362608     0.00131485
          75400     0.00180864      0.0601438     0.00361728
          75500    0.000912893      0.0427292     0.00182579
          75600     0.00156846     -0.0560081     0.00313691
          75700    0.000402533      0.0283737    0.000805066
          75800    7.18346e-07     0.00119862    1.43669e-06
          75900      0.0389688      -0.279173      0.0779375
          76000      0.0657466       -0.36262       0.131493
          76100      0.0327558      -0.255952      0.0655116
          76200      0.0283031      -0.237921      0.0566062
          76300      0.0016975      0.0582666     0.00339499
          76400       0.020206       0.201027      0.0404119
          76500      0.0640833      -0.358004       0.128167
          76600       0.187785      -0.612838       0.375571
          76700      0.0794971      -0.398741       0.158994
          76800      0.0863576       -0.41559       0.172715
          76900      0.0068405      -0.116966       0.013681
          77000     0.00653007      -0.114281      0.0130601
          77100      0.0185063      -0.192387      0.0370126
          77200     0.00351639     -0.0838617     0.00703278
          77300      0.0144847      -0.170204      0.0289695
          77400    1.13011e-05     0.00475419    2.26023e-05
          77500     0.00305147     -0.0781213     0.00610294
          77600    0.000608806      0.0348943     0.00121761
          77700      0.0755178      -0.388633       0.151036
          77800      0.0616573      -0.351162       0.123315
          77900     0.00854108      -0.130699      0.0170822
          78000     0.00166092      0.0576354     0.00332184
          78100      0.0263286       0.229471      0.0526571
          78200       0.102965       0.453794       0.205929
          78300       0.116062       0.481793       0.232125
          78400      0.0340977       0.261142      0.0681954
          78500      0.0543546       0.329711       0.108709
          78600     0.00509978       0.100993      0.0101996
          78700     0.00705626       0.118796      0.0141125
          78800      0.0192125      -0.196023       0.038425
          78900       0.019609      -0.198035       0.039218
          79000     0.00925599      -0.136059       0.018512
          79100        0.05157      -0.321154        0.10314
          79200      0.0551666      -0.332164       0.110333
          79300    0.000291546      0.0241473    0.000583091
          79400      0.0372354       0.272893      0.0744708
          79500      0.0132452       0.162759      0.0264905
          79600      0.0480288       0.309932      0.0960577
          79700     0.00188806     -0.0614501     0.00377611
          79800     0.00118349      0.0486516     0.00236698
          79900     0.00497269      0.0997266     0.00994539
          80000      0.0515923       0.321224       0.103185
          80100      0.0691086       0.371776       0.138217
          80200      0.0198784       0.199391      0.0397569
          80300      0.0730207       0.382154       0.146041
          80400      0.0824964       0.406193       0.164993
          80500    0.000454984     -0.0301657    0.000909968
          80600      0.0194169      -0.197063      0.0388338
          80700    3.54752e-05    -0.00842321    7.09504e-05
          80800    0.000190535      -0.019521     0.00038107
          80900     0.00414945     -0.0910983      0.0082989
          81000      0.0165461      -0.181913      0.0330922
          81100      0.0421708       0.290416      0.0843416
          81200      0.0185281         0.1925      0.0370562
          81300     0.00598188       0.109379      0.0119638
          81400      0.0289844      -0.240767      0.0579688
          81500    0.000242207     -0.0220094    0.000484413
          81600     0.00155505     -0.0557683      0.0031101
          81700      0.0609206      -0.349058       0.121841
          81800      0.0135451      -0.164591      0.0270901
          81900     0.00278634     -0.0746503     0.00557267
          82000      0.0225724      -0.212473      0.0451447
          82100     0.00836376      -0.129335      0.0167275
          82200      0.0200209      -0.200105      0.0400419
          82300    0.000731787     -0.0382567     0.00146357
          82400      0.0204641      -0.202307      0.0409282
          82500      0.0312775        0.25011      0.0625549
          82600      0.0298346       0.244273      0.0596693
          82700      0.0909001        0.42638         0.1818
          82800       0.130297       0.510484       0.260594
          82900      0.0799039        0.39976       0.159808
          83000       0.074805       0.386794        0.14961
          83100      0.0835025       0.408662       0.167005
          83200       0.010172       0.142632       0.020344
          83300     0.00147921      0.0543913     0.00295842
          83400     0.00750891      -0.122547      0.0150178
          83500       0.010531       0.145127      0.0210619
          83600       0.011902       0.154285       0.023804
          83700     0.00971321       0.139379      0.0194264
          83800     0.00563173      -0.106129      0.0112635
          83900      0.0169621      -0.184185      0.0339241
          84000     0.00311154     -0.0788865     0.00622307
          84100     0.00468207      0.0967685     0.00936414
          84200      0.0415843        0.28839      0.0831686
          84300    4.56455e-06    -0.00302144    9.12909e-06
          84400      0.0117765       -0.15347       0.023553
          84500      0.0101742      -0.142648      0.0203483
          84600     0.00080924     -0.0402303     0.00161848
          84700     0.00033776      0.0259908     0.00067552
          84800      0.0328574       0.256349      0.0657147
          84900      0.0269005        0.23195       0.053801
          85000    0.000519539     -0.0322347     0.00103908
          85100     1.7171e-05     -0.0058602    3.43419e-05
          85200     0.00465781     -0.0965174     0.00931561
          85300    0.000957919      0.0437703     0.00191584
          85400      0.0331356       0.257432      0.0662713
          85500      0.0932795       0.431925       0.186559
          85600        0.22845       0.675943       0.456899
          85700      0.0359969       0.268316      0.0719937
          85800       0.060634       0.348235       0.121268
          85900     0.00634764       0.112673      0.0126953
          86000      0.0197824       0.198909      0.0395649
          86100      0.0898528       0.423917       0.179706
          86200      0.0593804       0.344617       0.118761
          86300      0.0167417       0.182985      0.0334834
          86400      0.0422156        0.29057      0.0844311
          86500       0.136364       0.522234       0.272728
          86600      0.0433029       0.294289      0.0866059
          86700      0.0033722     -0.0821243      0.0067444
          86800     0.00929645      -0.136356      0.0185929
          86900     0.00907278       0.134705      0.0181456
          87000      0.0796932       0.399232       0.159386
          87100      0.0430608       0.293465      0.0861216
          87200      0.0167017       0.182766      0.0334035
          87300      0.0195631       0.197803      0.0391261
          87400    0.000529115      0.0325305     0.00105823
          87500     0.00265854      0.0729183     0.00531708
          87600      0.0150659       0.173585      0.0301318
          87700      0.0109371      -0.147899      0.0218741
          87800     0.00534928      -0.103434      0.0106986
          87900       0.019996        0.19998       0.039992
          88000      0.0314564       0.250824      0.0629129
          88100      0.0651928       0.361089       0.130386
          88200      0.0893734       0.422785       0.178747
          88300       0.177125       0.595189        0.35425
          88400      0.0636046       0.356664       0.127209
          88500       0.156539       0.559533       0.313077
          88600       0.326246       0.807769       0.652491
          88700      0.0697732       0.373559       0.139546
          88800      0.0084181       0.129754      0.0168362
          88900    0.000156631      0.0176992    0.000313263
          89000    0.000365169      0.0270248    0.000730338
          89100       0.039723      -0.281862       0.079446
          89200       0.139644      -0.528476       0.279287
          89300     0.00344321     -0.0829845     0.00688642
          89400      0.0503912      -0.317462       0.100782
          89500      0.0345337      -0.262807      0.0690674
          89600      0.0460192      -0.303378      0.0920384
          89700      0.0283633      -0.238174      0.0567267
          89800      0.0128883      -0.160551      0.0257765
          89900     0.00549046        0.10479      0.0109809
          90000     0.00254588      0.0713566     0.00509177
          90100      0.0295638       0.243161      0.0591275
          90200      0.0119066       0.154315      0.0238132
          90300     0.00677442       0.116399      0.0135488
          90400      0.0186738       0.193255      0.0373477
          90500      0.0130581       0.161605      0.0261161
          90600      0.0808719       0.402174       0.161744
          90700      0.0194757       0.197361      0.0389514
          90800      0.0206613        0.20328      0.0413227
          90900      0.0126021       0.158758      0.0252042
          91000      0.0128789      -0.160493      0.0257579
          91100      0.0756958      -0.389091       0.151392
          91200      0.0984396      -0.443711       0.196879
          91300       0.171289      -0.585302       0.342579
          91400       0.226241      -0.672667       0.452481
          91500       0.201069      -0.634144       0.402139
          91600     0.00843132      -0.129856      0.0168626
          91700     0.00179348     -0.0598913     0.00358696
          91800     0.00504018       0.100401      0.0100804
          91900      0.0214706       0.207223      0.0429413
          92000      0.0518258       -0.32195       0.103652
          92100      0.0586086       -0.34237       0.117217
          92200     0.00762873      -0.123521      0.0152575
          92300     0.00677307      -0.116388      0.0135461
          92400    0.000671569      0.0366488     0.00134314
          92500       0.021559       0.207649       0.043118
          92600    0.000323625      0.0254411    0.000647249
          92700    0.000629638      0.0354863     0.00125928
          92800      0.0121362       0.155796      0.0242724
          92900     0.00432601      0.0930162     0.00865201
          93000      0.0351563      -0.265165      0.0703127
          93100     0.00165185     -0.0574777     0.00330369
          93200      0.0151743      -0.174209      0.0303486
          93300      0.0356274      -0.266936      0.0712548
          93400       0.182773      -0.604605       0.365547
          93500       0.135508      -0.520593       0.271017
          93600      0.0808885      -0.402215       0.161777
          93700      0.0280686      -0.236933      0.0561373
          93800       0.026187      -0.228854       0.052374
          93900      0.0806075      -0.401516       0.161215
          94000      0.0828422      -0.407043       0.165684
          94100      0.0191244      -0.195573      0.0382489
          94200      0.0597134      -0.345582       0.119427
          94300       0.143291      -0.535333       0.286582
          94400        0.15003      -0.547777       0.300059
          94500      0.0464395      -0.304761      0.0928791
          94600      0.0649464      -0.360406       0.129893
          94700       0.191385      -0.618685       0.382771
          94800      0.0217067      -0.208359      0.0434134
          94900      0.0851154       -0.41259       0.170231
          95000       0.013051      -0.161561       0.026102
          95100      0.0526408      -0.324471       0.105282
          95200    0.000576289      0.0339496     0.00115258
          95300     0.00628667      -0.112131      0.0125733
          95400     0.00171763      0.0586111     0.00343526
          95500      0.0333227       0.258158      0.0666455
          95600       0.102082       0.451846       0.204165
          95700      0.0208627       0.204268      0.0417255
          95800     0.00196177      0.0626382     0.00392355
          95900      0.0027749      0.0744969     0.00554979
          96000      0.0328503       0.256321      0.0657006
          96100      0.0479173       0.309572      0.0958347
          96200       0.020278      -0.201385       0.040556
          96300      0.0728179      -0.381623       0.145636
          96400      0.0127003      -0.159376      0.0254006
          96500      0.0195279       0.197625      0.0390557
          96600      0.0616295       0.351083       0.123259
          96700      0.0473757       0.307817      0.0947515
          96800      0.0839766       0.409821       0.167953
          96900       0.108126        0.46503       0.216253
          97000        0.27681       0.744056        0.55362
          97100       0.372209       0.862796       0.744417
          97200       0.256413       0.716119       0.512826
          97300       0.155805       0.558221       0.311611
          97400      0.0802164       0.400541       0.160433
          97500      0.0895411       0.423181       0.179082
          97600       0.233043       0.682705       0.466086
          97700       0.301837       0.776964       0.603674
          97800        0.32321       0.804002       0.646419
          97900       0.216303       0.657728       0.432606
          98000      0.0973865       0.441331       0.194773
          98100    1.61484e-05     0.00568304    3.22969e-05
          98200      0.0199197      -0.199598      0.0398393
          98300      0.0234472      -0.216551      0.0468945
          98400     0.00550669      -0.104945      0.0110134
          98500     0.00133862     -0.0517421     0.00267725
          98600        0.12492       -0.49984        0.24984
          98700       0.043411      -0.294656      0.0868219
          98800    0.000447301      0.0299099    0.000894603
          98900     0.00228868     -0.0676562     0.00457737
          99000     0.00701618      -0.118458      0.0140324
          99100     0.00279392      0.0747518     0.00558783
          99200      0.0169265      -0.183992      0.0338531
          99300      0.0179422      -0.189432      0.0358844
          99400     0.00410286      0.0905855     0.00820572
          99500      0.0351415       0.265109       0.070283
          99600       0.206819       0.643147       0.413638
          99700       0.385927       0.878552       0.771854
          99800       0.122532        0.49504       0.245065
          99900       0.101034       0.449521       0.202069
         100000      0.0355077       0.266487      0.0710154
