5.61358			2.01864		5.26596
3.4073			1.72339		1.32187
5.28007			0.107792	4.95407
1.45285			5.09976		0.961697
4.5679			4.82261		5.78293
5.29423			0.880753	0.709709
3.63248			5.45978		2.70637
5.19326			0.310286	1.78546
0.951866		2.80321		6.21283
2.46829			0.949321	0.069622
2.71306			2.34911		5.47963
2.09274			2.95171		6.6885
2.87547			6.38814		3.7658
3.01509			2.03743		6.58454
2.72484			3.63188		1.52043
5.58966			4.61918		5.83049
0.700154		6.59562		6.28049
2.07899			4.04699		4.09244
0.104433		2.56124		1.16688
1.89221			2.92776		1.3621
