              0              0              0              0
            100       0.153537      -0.554142       0.307074
            200       0.167584      -0.578937       0.335168
            300       0.577735       -1.07493        1.15547
            400      0.0323084       0.254198      0.0646167
            500       0.147671      -0.543454       0.295342
            600      0.0454396      -0.301462      0.0908791
            700     0.00216669     -0.0658284     0.00433338
            800       0.195021      -0.624534       0.390043
            900       0.205853      -0.641644       0.411707
           1000      0.0137109      -0.165595      0.0274217
           1100    0.000187605      0.0193703     0.00037521
           1200      0.0443844      -0.297941      0.0887689
           1300      0.0342022       0.261542      0.0684043
           1400     0.00979192      -0.139942      0.0195838
           1500       0.231714       0.680756       0.463428
           1600       0.515429        1.01531        1.03086
           1700       0.122899       0.495781       0.245799
           1800      0.0951666      -0.436272       0.190333
           1900     0.00092185      0.0429383      0.0018437
           2000      0.0251864      -0.224439      0.0503727
           2100     0.00699783       0.118303      0.0139957
           2200      0.0048473     -0.0984611     0.00969459
           2300      0.0391454      -0.279805      0.0782907
           2400      0.0308106      -0.248236      0.0616212
           2500      0.0871699       -0.41754        0.17434
           2600      0.0390574       -0.27949      0.0781147
           2700        0.38596      -0.878589       0.771919
           2800      0.0787892      -0.396962       0.157578
           2900     0.00262732      0.0724889     0.00525464
           3000       0.189538      -0.615692       0.379076
           3100       0.101342      -0.450205       0.202685
           3200       0.145866       0.540122       0.291732
           3300      0.0086901      -0.131834      0.0173802
           3400       0.154601       -0.55606       0.309203
           3500     0.00615179       0.110921      0.0123036
           3600        0.04392      -0.296378        0.08784
           3700      0.0651173        0.36088       0.130235
           3800       0.291552      -0.763612       0.583104
           3900      0.0312313       0.249925      0.0624625
           4000      0.0265728       0.230533      0.0531457
           4100       0.019029       0.195085       0.038058
           4200       0.168744      -0.580937       0.337487
           4300       0.016069      -0.179271      0.0321381
           4400      0.0714525      -0.378028       0.142905
           4500       0.085618      -0.413807       0.171236
           4600      0.0593638      -0.344569       0.118728
           4700       0.028628       0.239282      0.0572561
           4800       0.216501       0.658029       0.433002
           4900       0.189684       0.615928       0.379367
           5000       0.119904       0.489702       0.239808
           5100      0.0280481       0.236846      0.0560961
           5200      0.0305069        0.24701      0.0610137
           5300       0.117204      -0.484157       0.234408
           5400     0.00903463       0.134422      0.0180693
           5500     0.00217988      0.0660285     0.00435976
           5600     0.00101325      0.0450166      0.0020265
           5700      0.0169531       0.184136      0.0339062
           5800       0.136175      -0.521871       0.272349
           5900      0.0324123      -0.254607      0.0648246
           6000       0.304125      -0.779904        0.60825
           6100      0.0420861      -0.290124      0.0841722
           6200      0.0117665       0.153405       0.023533
           6300      0.0320156      -0.253044      0.0640312
           6400       0.108507       0.465849       0.217015
           6500     0.00275731      0.0742605     0.00551462
           6600      0.0330426       -0.25707      0.0660851
           6700      0.0128341      -0.160213      0.0256682
           6800      0.0178915      -0.189164       0.035783
           6900       0.368672       0.858687       0.737344
           7000      0.0217983       0.208798      0.0435966
           7100       0.150724      -0.549042       0.301447
           7200      0.0189557       0.194709      0.0379115
           7300       0.549714       -1.04854        1.09943
           7400    0.000244109      0.0220956    0.000488217
           7500    0.000648065      0.0360018     0.00129613
           7600      0.0341166      -0.261215      0.0682333
           7700      0.0930249       0.431335        0.18605
           7800     0.00932445       0.136561      0.0186489
           7900       0.142687      -0.534204       0.285374
           8000    0.000120316     -0.0155123    0.000240632
           8100       0.414611       0.910617       0.829223
           8200       0.567592       -1.06545        1.13518
           8300     0.00586527      -0.108308      0.0117305
           8400    0.000629552      0.0354839      0.0012591
           8500    1.63684e-05    -0.00572162    3.27369e-05
           8600       0.123171       0.496328       0.246342
           8700       0.143415      -0.535566       0.286831
           8800      0.0451099      -0.300366      0.0902197
           8900     0.00372126       -0.08627     0.00744251
           9000       0.227421        0.67442       0.454842
           9100       0.507976       -1.00794        1.01595
           9200      0.0715649       0.378325        0.14313
           9300       0.113242      -0.475902       0.226483
           9400      0.0539853      -0.328589       0.107971
           9500     0.00384329      0.0876731     0.00768658
           9600       0.461612      -0.960846       0.923225
           9700      0.0071804       0.119837      0.0143608
           9800     0.00037836     -0.0275085    0.000756719
           9900      0.0039383     -0.0887502      0.0078766
          10000     0.00986709       0.140478      0.0197342
          10100       0.185132      -0.608494       0.370265
          10200     0.00130514      0.0510909     0.00261028
          10300      0.0172638       0.185816      0.0345275
          10400      0.0685286       0.370212       0.137057
          10500     0.00226173     -0.0672566     0.00452345
          10600      0.0783793       0.395927       0.156759
          10700      0.0121684       0.156003      0.0243369
          10800       0.262957      -0.725199       0.525914
          10900     5.7611e-06     0.00339444    1.15222e-05
          11000       0.012264      -0.156614       0.024528
          11100      0.0578138       0.340041       0.115628
          11200        0.45889      -0.958008        0.91778
          11300     0.00824746      -0.128433      0.0164949
          11400      0.0184333       0.192007      0.0368666
          11500       0.312942       0.791129       0.625884
          11600      0.0231896      -0.215358      0.0463791
          11700      0.0331068       -0.25732      0.0662135
          11800     0.00422399      0.0919128     0.00844797
          11900      0.0235312       0.216939      0.0470623
          12000     0.00164117     -0.0572917     0.00328234
          12100       0.112003       0.473292       0.224005
          12200       0.136595       0.522676        0.27319
          12300      0.0241626        0.21983      0.0483251
          12400      0.0386417       0.277999      0.0772834
          12500      0.0343792       0.262218      0.0687584
          12600      0.0284136       0.238385      0.0568272
          12700     0.00308141     -0.0785036     0.00616281
          12800      0.0211107       0.205479      0.0422215
          12900    2.10076e-06    -0.00204976    4.20152e-06
          13000      0.0545434       0.330283       0.109087
          13100       0.123257       0.496501       0.246513
          13200      0.0253281       0.225069      0.0506562
          13300    0.000426922     -0.0292206    0.000853843
          13400      0.0604591      -0.347733       0.120918
          13500      0.0826079      -0.406467       0.165216
          13600       0.029784       0.244065      0.0595679
          13700       0.107559      -0.463808       0.215118
          13800      0.0633899       0.356062        0.12678
          13900       0.109577       0.468138       0.219154
          14000       0.219196       0.662112       0.438392
          14100       0.115055      -0.479698        0.23011
          14200    0.000573529     -0.0338682     0.00114706
          14300      0.0279155      -0.236286       0.055831
          14400     0.00583046       0.107986      0.0116609
          14500      0.0182408       0.191002      0.0364817
          14600     0.00578263      -0.107542      0.0115653
          14700       0.438903       0.936913       0.877806
          14800      0.0447647       0.299215      0.0895294
          14900       0.147337       0.542838       0.294673
          15000     0.00380417      0.0872258     0.00760833
          15100       0.027608       0.234981      0.0552161
          15200     0.00787805      -0.125523      0.0157561
          15300       0.012562       0.158505       0.025124
          15400      0.0417639       0.289012      0.0835278
          15500       0.108652      -0.466158       0.217304
          15600       0.451771      -0.950548       0.903542
          15700       0.126438      -0.502868       0.252876
          15800       0.115502       0.480629       0.231005
          15900      0.0302682      -0.246041      0.0605363
          16000       0.483318       0.983177       0.966637
          16100      0.0514953      -0.320921       0.102991
          16200        0.15647      -0.559411       0.312941
          16300       0.108664       0.466185       0.217328
          16400      0.0490335       0.313157       0.098067
          16500      0.0187164      -0.193476      0.0374328
          16600      0.0285491       0.238952      0.0570982
          16700      0.0105183        0.14504      0.0210367
          16800    0.000247319     -0.0222405    0.000494638
          16900       0.165556      -0.575423       0.331112
          17000      0.0041888     -0.0915293     0.00837761
          17100    0.000211505      0.0205672     0.00042301
          17200        0.01704       0.184608      0.0340801
          17300      0.0500409      -0.316357       0.100082
          17400        0.30118       0.776118       0.602359
          17500        1.19868        1.54834        2.39736
          17600       0.116518       0.482738       0.233036
          17700      0.0168438      -0.183542      0.0336876
          17800       0.125857       -0.50171       0.251713
          17900     0.00476934     -0.0976662     0.00953868
          18000     0.00275531      0.0742335     0.00551061
          18100       0.046499       0.304956      0.0929979
          18200      0.0885202       0.420762        0.17704
          18300      0.0872328      -0.417691       0.174466
          18400       0.203413        0.63783       0.406827
          18500       0.017401       0.186553      0.0348019
          18600     0.00342283     -0.0827385     0.00684566
          18700       0.249607       0.706551       0.499214
          18800     0.00297705      0.0771628     0.00595409
          18900      0.0218525       0.209057      0.0437049
          19000      0.0596737       0.345467       0.119347
          19100     0.00938798       0.137025       0.018776
          19200      0.0488814       -0.31267      0.0977628
          19300      0.0749423      -0.387149       0.149885
          19400      0.0192238       0.196081      0.0384477
          19500    0.000585061       0.034207     0.00117012
          19600      0.0529018      -0.325275       0.105804
          19700       0.045934      -0.303097      0.0918679
          19800       0.201143       -0.63426       0.402286
          19900      0.0454432      -0.301474      0.0908863
          20000        0.17077      -0.584415        0.34154
          20100       0.377192      -0.868553       0.754385
          20200      0.0244013       0.220913      0.0488027
          20300       0.119519       0.488914       0.239037
          20400       0.150455       0.548553        0.30091
          20500      0.0269994      -0.232376      0.0539988
          20600       0.042269       0.290754       0.084538
          20700       0.196459      -0.626833       0.392919
          20800       0.138746      -0.526776       0.277493
          20900       0.158856       -0.56366       0.317713
          21000      0.0748163       0.386824       0.149633
          21100      0.0695677       0.373009       0.139135
          21200     0.00301629      0.0776697     0.00603258
          21300        0.07964       0.399099        0.15928
          21400       0.094106      -0.433834       0.188212
          21500     0.00740968       0.121735      0.0148194
          21600      0.0221838      -0.210636      0.0443677
          21700      0.0848156       0.411863       0.169631
          21800      0.0116159        0.15242      0.0232317
          21900      0.0420403       0.289966      0.0840805
          22000      0.0270673       0.232668      0.0541346
          22100       0.139364      -0.527947       0.278728
          22200     0.00385142      0.0877658     0.00770284
          22300    0.000145705      0.0170707     0.00029141
          22400      0.0395308       0.281179      0.0790615
          22500       0.312928       0.791111       0.625857
          22600       0.102156      -0.452008       0.204311
          22700        0.13292       0.515596       0.265839
          22800       0.083739      -0.409241       0.167478
          22900      0.0583707      -0.341674       0.116741
          23000      0.0343487       0.262102      0.0686974
          23100    0.000319892      -0.025294    0.000639785
          23200      0.0585146       0.342095       0.117029
          23300     0.00203432      0.0637859     0.00406864
          23400      0.0757113       -0.38913       0.151423
          23500       0.185127      -0.608485       0.370254
          23600     0.00331929     -0.0814775     0.00663858
          23700    0.000503009     -0.0317178     0.00100602
          23800      0.0193504      -0.196725      0.0387007
          23900      0.0147647       0.171841      0.0295295
          24000      0.0086862       0.131804      0.0173724
          24100       0.136832        0.52313       0.273665
          24200       0.181373       0.602285       0.362747
          24300     0.00644252      -0.113512       0.012885
          24400     0.00154079      -0.055512     0.00308158
          24500       0.229514       0.677516       0.459027
          24600    4.50718e-05     0.00949439    9.01435e-05
          24700       0.477209      -0.976944       0.954419
          24800       0.129233       0.508396       0.258466
          24900    0.000573434     -0.0338654     0.00114687
          25000       0.168272      -0.580124       0.336544
          25100       0.021179      -0.205811      0.0423581
          25200       0.337718      -0.821849       0.675436
          25300    9.51164e-05      0.0137925    0.000190233
          25400    0.000215569     -0.0207639    0.000431139
          25500    0.000251451     -0.0224255    0.000502903
          25600     0.00076449      0.0391022     0.00152898
          25700       0.007391      -0.121581       0.014782
          25800      0.0301008       -0.24536      0.0602016
          25900    8.41772e-06     -0.0041031    1.68354e-05
          26000      0.0416057       0.288464      0.0832114
          26100       0.327932      -0.809855       0.655865
          26200     0.00600533       0.109593      0.0120107
          26300     0.00363586      0.0852744     0.00727173
          26400     0.00351887     -0.0838912     0.00703773
          26500      0.0211619       0.205727      0.0423238
          26600       0.162099      -0.569383       0.324197
          26700       0.162633       0.570321       0.325266
          26800       0.454547      -0.953464       0.909093
          26900      0.0343073      -0.261944      0.0686146
          27000    7.03772e-05       0.011864    0.000140754
          27100      0.0088421      -0.132982      0.0176842
          27200      0.0345955       0.263042      0.0691911
          27300     0.00149673      0.0547124     0.00299345
          27400    3.99857e-06     0.00282792    7.99714e-06
          27500     0.00233682      0.0683641     0.00467364
          27600       0.236465      -0.687699        0.47293
          27700      0.0204637       0.202305      0.0409273
          27800      0.0574292      -0.338908       0.114858
          27900      0.0184101      -0.191886      0.0368203
          28000      0.0804778      -0.401193       0.160956
          28100     0.00149676      -0.054713     0.00299352
          28200      0.0189033       0.194439      0.0378066
          28300       0.182432        0.60404       0.364864
          28400       0.159018       0.563947       0.318036
          28500      0.0300316      -0.245078      0.0600632
          28600      0.0138856      -0.166647      0.0277711
          28700      0.0075361      -0.122769      0.0150722
          28800      0.0421336      -0.290288      0.0842671
          28900      0.0604115       0.347596       0.120823
          29000      0.0125548       -0.15846      0.0251096
          29100     0.00488972       0.098891     0.00977943
          29200       0.138644      -0.526581       0.277288
          29300      0.0612035      -0.349867       0.122407
          29400      0.0708553       0.376445       0.141711
          29500      0.0585859      -0.342304       0.117172
          29600    0.000423561     -0.0291053    0.000847121
          29700      0.0593832       0.344625       0.118766
          29800      0.0426667      -0.292119      0.0853334
          29900      0.0365259       0.270281      0.0730519
          30000      0.0132034      -0.162502      0.0264067
          30100      0.0897371      -0.423644       0.179474
          30200     0.00702764      -0.118555      0.0140553
          30300      0.0981423        0.44304       0.196285
          30400      0.0110933       0.148952      0.0221867
          30500       0.015595      -0.176607      0.0311901
          30600      0.0230169       0.214555      0.0460337
          30700       0.424456       0.921364       0.848912
          30800      0.0595075       0.344986       0.119015
          30900      0.0177294      -0.188305      0.0354588
          31000      0.0697902      -0.373605        0.13958
          31100      0.0539751       0.328558        0.10795
          31200     0.00178684     -0.0597802     0.00357368
          31300       0.018127       0.190405       0.036254
          31400      0.0584701      -0.341965        0.11694
          31500      0.0999199       0.447034        0.19984
          31600      0.0374676      -0.273743      0.0749351
          31700       0.170108       0.583281       0.340216
          31800       0.080633       0.401579       0.161266
          31900     0.00275349      0.0742091     0.00550699
          32000      0.0530288      -0.325665       0.106058
          32100       0.224096      -0.669472       0.448193
          32200     0.00067924      0.0368576     0.00135848
          32300    0.000592704      0.0344298     0.00118541
          32400       0.114074      -0.477647       0.228147
          32500       0.138905      -0.527077        0.27781
          32600      0.0304536      -0.246794      0.0609072
          32700     0.00944709      -0.137456      0.0188942
          32800       0.117884       0.485559       0.235768
          32900      0.0565514      -0.336307       0.113103
          33000      0.0127437      -0.159648      0.0254874
          33100     0.00597824      -0.109346      0.0119565
          33200       0.111783       0.472828       0.223566
          33300      0.0957241       0.437548       0.191448
          33400      0.0846488      -0.411458       0.169298
          33500       0.660435        1.14929        1.32087
          33600      0.0926531       0.430472       0.185306
          33700     0.00973956       0.139568      0.0194791
          33800     0.00252175     -0.0710176      0.0050435
          33900       0.345131        0.83082       0.690262
          34000       0.235695       0.686578       0.471389
          34100       0.105542      -0.459439       0.211085
          34200    9.58631e-05      0.0138465    0.000191726
          34300       0.148218       -0.54446       0.296436
          34400     0.00699649       0.118292       0.013993
          34500      0.0194106      -0.197031      0.0388212
          34600       0.235464      -0.686242       0.470929
          34700      0.0258348       -0.22731      0.0516697
          34800      0.0859595      -0.414631       0.171919
          34900    4.73728e-05    -0.00973374    9.47457e-05
          35000     0.00256731     -0.0716563     0.00513463
          35100    0.000377078      0.0274619    0.000754155
          35200      0.0171763       0.185344      0.0343525
          35300      0.0546664      -0.330655       0.109333
          35400      0.0409924        0.28633      0.0819848
          35500       0.185929       0.609801       0.371857
          35600      0.0094267       0.137308      0.0188534
          35700     0.00419856     -0.0916358     0.00839712
          35800     0.00120961     -0.0491855     0.00241921
          35900     0.00488112      0.0988041     0.00976224
          36000       0.428745       0.926008       0.857491
          36100    0.000542289     -0.0329329     0.00108458
          36200      0.0483271      -0.310892      0.0966541
          36300      0.0593788      -0.344612       0.118758
          36400     0.00165768      0.0575791     0.00331536
          36500       0.015841      -0.177994       0.031682
          36600    0.000327026     -0.0255745    0.000654053
          36700      0.0143999      -0.169705      0.0287999
          36800       0.181627      -0.602706       0.363255
          36900    0.000233608      0.0216152    0.000467216
          37000       0.285768          0.756       0.571537
          37100     0.00197953      0.0629211     0.00395906
          37200    3.51877e-06    -0.00265284    7.03753e-06
          37300    0.000632392      0.0355638     0.00126478
          37400     0.00106093      0.0460637     0.00212187
          37500       0.306491       0.782931       0.612981
          37600      0.0192563       0.196246      0.0385126
          37700     0.00876596      -0.132408      0.0175319
          37800      0.0185133       0.192423      0.0370265
          37900       0.179519      -0.599198       0.359038
          38000       0.470001      -0.969537       0.940001
          38100       0.107491      -0.463662       0.214982
          38200      0.0993318       0.445717       0.198664
          38300      0.0984529      -0.443741       0.196906
          38400      0.0256696       0.226581      0.0513392
          38500      0.0213165      -0.206478       0.042633
          38600       0.267266       0.731117       0.534532
          38700      0.0974657        0.44151       0.194931
          38800      0.0240839       0.219472      0.0481678
          38900     0.00490628      0.0990584     0.00981257
          39000       0.104509      -0.457185       0.209018
          39100       0.106267      -0.461013       0.212533
          39200       0.142875       0.534555       0.285749
          39300        0.29425      -0.767137         0.5885
          39400    0.000614479     -0.0350565     0.00122896
          39500    1.22783e-05    -0.00495547    2.45567e-05
          39600      0.0344758      -0.262586      0.0689516
          39700       0.126541      -0.503073       0.253082
          39800      0.0434888       -0.29492      0.0869776
          39900      0.0595595      -0.345136       0.119119
          40000    1.29127e-06     0.00160703    2.58254e-06
          40100       0.198788       0.630536       0.397576
          40200       0.111002       0.471172       0.222003
          40300       0.210537       0.648902       0.421074
          40400     0.00926224       0.136105      0.0185245
          40500     0.00241013     -0.0694281     0.00482026
          40600      0.0115333       0.151877      0.0230667
          40700     0.00598392       0.109398      0.0119678
          40800       0.226073      -0.672418       0.452146
          40900       0.530343         1.0299        1.06069
          41000     0.00495936      0.0995927     0.00991871
          41100       0.135814      -0.521179       0.271627
          41200      0.0232087       0.215447      0.0464173
          41300      0.0771767      -0.392878       0.154353
          41400      0.0191647       0.195779      0.0383293
          41500      0.0769895      -0.392401       0.153979
          41600      0.0466838       0.305561      0.0933677
          41700      0.0121363       0.155797      0.0242727
          41800      0.0822458      -0.405576       0.164492
          41900      0.0705082      -0.375522       0.141016
          42000    0.000212078     -0.0205951    0.000424157
          42100      0.0873509       0.417973       0.174702
          42200       0.184324      -0.607165       0.368649
          42300      0.0050821       0.100818      0.0101642
          42400      0.0377076      -0.274618      0.0754152
          42500      0.0159223       0.178451      0.0318446
          42600       0.170942      -0.584709       0.341885
          42700    0.000395863      0.0281376    0.000791726
          42800      0.0232407       0.215595      0.0464814
          42900      0.0720658      -0.379647       0.144132
          43000       0.164834       0.574168       0.329669
          43100      0.0540683       0.328841       0.108137
          43200       0.071992       0.379452       0.143984
          43300      0.0928031        0.43082       0.185606
          43400        0.33799        0.82218        0.67598
          43500       0.212125       0.651345       0.424251
          43600      0.0864852       0.415897        0.17297
          43700     0.00860295       0.131171      0.0172059
          43800      0.0969833      -0.440416       0.193967
          43900       0.305671       0.781884       0.611342
          44000      0.0919049        0.42873        0.18381
          44100      0.0146332       0.171074      0.0292664
          44200      0.0570802      -0.337876        0.11416
          44300      0.0626729      -0.354042       0.125346
          44400     0.00892035      -0.133569      0.0178407
          44500      0.0581365       0.340988       0.116273
          44600    0.000777942      0.0394447     0.00155588
          44700    0.000182022      0.0190799    0.000364044
          44800      0.0782982       0.395723       0.156596
          44900     0.00466022     -0.0965425     0.00932044
          45000      0.0789235         0.3973       0.157847
          45100       0.204725       0.639884       0.409451
          45200     0.00571624       0.106923      0.0114325
          45300       0.186478      -0.610701       0.372956
          45400       0.408177       0.903523       0.816355
          45500      0.0151099       0.173838      0.0302197
          45600       0.375625      -0.866747        0.75125
          45700      0.0470269      -0.306682      0.0940537
          45800      0.0301957       0.245747      0.0603915
          45900     0.00981423       0.140102      0.0196285
          46000       0.133427       0.516579       0.266854
          46100     0.00101299      0.0450109     0.00202598
          46200     0.00656405      -0.114578      0.0131281
          46300       0.122099      -0.494165       0.244199
          46400     0.00354807     -0.0842386     0.00709614
          46500      0.0189143      -0.194496      0.0378285
          46600      0.0626438       -0.35396       0.125288
          46700    0.000775062      0.0393716     0.00155012
          46800      0.0218213       0.208908      0.0436427
          46900       0.187653       0.612623       0.375307
          47000      0.0317619      -0.252039      0.0635238
          47100    0.000322097       0.025381    0.000644194
          47200       0.081117      -0.402783       0.162234
          47300        0.30192      -0.777071        0.60384
          47400     0.00602552       0.109777       0.012051
          47500      0.0292649       0.241929      0.0585299
          47600      0.0882128      -0.420031       0.176426
          47700      0.0783049       -0.39574        0.15661
          47800       0.133519      -0.516757       0.267038
          47900      0.0278282      -0.235916      0.0556564
          48000      0.0804192       0.401047       0.160838
          48100    0.000655135     -0.0361976     0.00131027
          48200     0.00143722     -0.0536138     0.00287444
          48300        0.31478       0.793448       0.629561
          48400      0.0735065      -0.383423       0.147013
          48500    0.000788564      0.0397131     0.00157713
          48600       0.226311      -0.672771       0.452621
          48700    0.000986749     -0.0444241      0.0019735
          48800     0.00196531      0.0626947     0.00393062
          48900      0.0362194      -0.269144      0.0724387
          49000      0.0013093     -0.0511723      0.0026186
          49100       0.276981       0.744286       0.553962
          49200    0.000137757      0.0165986    0.000275514
          49300      0.0169848      -0.184309      0.0339697
          49400       0.051129      -0.319778       0.102258
          49500     0.00551067       0.104983      0.0110213
          49600       0.034266      -0.261786      0.0685321
          49700       0.153725      -0.554482       0.307451
          49800      0.0663246        0.36421       0.132649
          49900      0.0549631      -0.331551       0.109926
          50000     0.00895972       0.133863      0.0179194
          50100      0.0204467       0.202221      0.0408934
          50200      0.0633022       0.355815       0.126604
          50300       0.458733       0.957845       0.917467
          50400      0.0159805      -0.178776       0.031961
          50500       0.273974      -0.740235       0.547949
          50600       0.147233      -0.542647       0.294466
          50700      0.0101066      -0.142173      0.0202133
          50800      0.0713271       0.377696       0.142654
          50900     0.00218572      0.0661168     0.00437143
          51000      0.0479921       0.309813      0.0959843
          51100      0.0732055       0.382637       0.146411
          51200    0.000121829     -0.0156095    0.000243658
          51300      0.0185484       0.192605      0.0370968
          51400      0.0231948      -0.215382      0.0463895
          51500       0.142351       0.533576       0.284703
          51600       0.193224       0.621649       0.386447
          51700       0.443377      -0.941676       0.886754
          51800      0.0105616      -0.145338      0.0211231
          51900     0.00635448       0.112734       0.012709
          52000       0.171375       0.585449        0.34275
          52100         0.1217       0.493357       0.243401
          52200     0.00917291      -0.135447      0.0183458
          52300        0.10522       0.458738       0.210441
          52400     0.00292888       0.076536     0.00585775
          52500     0.00266055     -0.0729459      0.0053211
          52600       0.624203        1.11732        1.24841
          52700      0.0276543       0.235178      0.0553085
          52800      0.0479662        0.30973      0.0959324
          52900     0.00327339     -0.0809122     0.00654679
          53000     0.00669738       0.115736      0.0133948
          53100        0.16105      -0.567538         0.3221
          53200       0.134702       0.519041       0.269403
          53300      0.0173592       0.186329      0.0347184
          53400      0.0151102       -0.17384      0.0302204
          53500       0.711128       -1.19258        1.42226
          53600      0.0668541       0.365661       0.133708
          53700       0.461152      -0.960367       0.922305
          53800     0.00857511       0.130959      0.0171502
          53900      0.0251545       0.224296      0.0503089
          54000    5.63576e-05      0.0106167    0.000112715
          54100      0.0396131      -0.281472      0.0792262
          54200      0.0934214       0.432253       0.186843
          54300       0.027918      -0.236297      0.0558361
          54400      0.0493528      -0.314174      0.0987056
          54500       0.512719        1.01264        1.02544
          54600      0.0178752       0.189078      0.0357505
          54700        0.12225       0.494469       0.244499
          54800     0.00458454      0.0957553     0.00916908
          54900     0.00494755     -0.0994742     0.00989511
          55000     0.00175724     -0.0592831     0.00351448
          55100     0.00354735        0.08423      0.0070947
          55200      0.0522023      -0.323117       0.104405
          55300     0.00120162      -0.049023     0.00240325
          55400       0.464744         0.9641       0.929488
          55500       0.019714      -0.198565       0.039428
          55600       0.108622       0.466095       0.217244
          55700      0.0101658       0.142589      0.0203315
          55800      0.0459718       0.303222      0.0919436
          55900      0.0430857        0.29355      0.0861715
          56000      0.0276089      -0.234985      0.0552178
          56100      0.0271409       0.232984      0.0542817
          56200    0.000169582      0.0184164    0.000339163
          56300      0.0704046      -0.375245       0.140809
          56400      0.0158823       0.178226      0.0317647
          56500      0.0724306       0.380606       0.144861
          56600     0.00491756      0.0991722     0.00983512
          56700     0.00536602       0.103596       0.010732
          56800      0.0395129       0.281115      0.0790257
          56900      0.0552235       0.332336       0.110447
          57000       0.202196       0.635919       0.404393
          57100      0.0112952      -0.150301      0.0225904
          57200      0.0109739       0.148148      0.0219478
          57300      0.0339417       0.260544      0.0678834
          57400     0.00701525        0.11845      0.0140305
          57500       0.123352      -0.496692       0.246703
          57600    0.000238433     -0.0218373    0.000476867
          57700      0.0855962      -0.413754       0.171192
          57800      0.0114705      -0.151463      0.0229411
          57900        1.06121       -1.45685        2.12242
          58000      0.0377103      -0.274628      0.0754207
          58100      0.0194619      -0.197291      0.0389239
          58200       0.127846       0.505661       0.255693
          58300       0.159294       0.564435       0.318587
          58400      0.0115862       0.152225      0.0231723
          58500       0.574972        1.07235        1.14994
          58600      0.0399279      -0.282588      0.0798557
          58700       0.486083       0.985985       0.972166
          58800     0.00328135      0.0810105      0.0065627
          58900      0.0227227      -0.213179      0.0454454
          59000      0.0342512        0.26173      0.0685025
          59100         0.1285      -0.506951       0.256999
          59200       0.306679      -0.783172       0.613359
          59300      0.0555916       0.333442       0.111183
          59400       0.413486        0.90938       0.826972
          59500    0.000568737      0.0337265     0.00113747
          59600       0.022084       0.210162       0.044168
          59700      0.0474002      -0.307897      0.0948004
          59800      0.0671015      -0.366337       0.134203
          59900        0.19562       0.625492       0.391241
          60000      0.0286973      -0.239572      0.0573946
          60100      0.0673374       0.366981       0.134675
          60200       0.177935      -0.596548        0.35587
          60300       0.078286      -0.395692       0.156572
          60400       0.407785       0.903089        0.81557
          60500      0.0637697      -0.357127       0.127539
          60600      0.0238092       0.218217      0.0476185
          60700    0.000445406      0.0298465    0.000890812
          60800        0.02432       0.220545        0.04864
          60900    0.000269014      0.0231954    0.000538028
          61000      0.0911145       0.426883       0.182229
          61100      0.0844441       -0.41096       0.168888
          61200      0.0189655      -0.194759      0.0379311
          61300    0.000524783      -0.032397     0.00104957
          61400       0.169102       0.581553       0.338204
          61500      0.0688312       0.371029       0.137662
          61600      0.0171243       0.185064      0.0342485
          61700     0.00209002     -0.0646533     0.00418005
          61800       0.455377      -0.954335       0.910755
          61900      0.0347148       0.263495      0.0694296
          62000     0.00123929     -0.0497854     0.00247859
          62100       0.178061       -0.59676       0.356122
          62200       0.155451      -0.557585       0.310901
          62300      0.0269911      -0.232341      0.0539822
          62400       0.321474      -0.801841       0.642949
          62500      0.0596888      -0.345511       0.119378
          62600      0.0371043      -0.272413      0.0742086
          62700       0.364205        0.85347       0.728411
          62800       0.102235      -0.452184        0.20447
          62900     0.00212982      -0.065266     0.00425965
          63000       0.172272      -0.586979       0.344545
          63100     0.00132924      0.0515605     0.00265849
          63200      0.0103527      -0.143894      0.0207054
          63300      0.0854525      -0.413407       0.170905
          63400      0.0945545      -0.434867       0.189109
          63500      0.0829264        0.40725       0.165853
          63600       0.168317      -0.580202       0.336634
          63700       0.225595       0.671706       0.451189
          63800     0.00687462       0.117257      0.0137492
          63900       0.241857      -0.695495       0.483713
          64000     0.00503137       0.100313      0.0100627
          64100     0.00453768     -0.0952647     0.00907536
          64200      0.0144433       -0.16996      0.0288865
          64300       0.459288      -0.958423       0.918575
          64400        0.32557      -0.806932       0.651139
          64500      0.0334335       0.258586      0.0668669
          64600       0.575935        1.07325        1.15187
          64700      0.0917386      -0.428342       0.183477
          64800      0.0131092       0.161921      0.0262184
          64900     0.00463487     -0.0962795     0.00926975
          65000     0.00637723       0.112936      0.0127545
          65100      0.0150566      -0.173532      0.0301132
          65200      0.0120281       0.155101      0.0240562
          65300        0.23646      -0.687691       0.472919
          65400      0.0373556       0.273333      0.0747112
          65500       0.139952       0.529059       0.279903
          65600        0.12002       0.489939       0.240041
          65700      0.0336346       0.259363      0.0672692
          65800     0.00491735       -0.09917      0.0098347
          65900        0.14587       -0.54013        0.29174
          66000    0.000353775     -0.0265998    0.000707549
          66100    0.000271342     -0.0232956    0.000542685
          66200     0.00442833     -0.0941098     0.00885666
          66300      0.0606586       0.348306       0.121317
          66400      0.0481271      -0.310249      0.0962543
          66500      0.0188203       0.194012      0.0376405
          66600      0.0712784       0.377567       0.142557
          66700       0.144762      -0.538074       0.289523
          66800       0.116264       0.482211       0.232527
          66900      0.0105017      -0.144925      0.0210034
          67000      0.0317986       0.252185      0.0635973
          67100       0.168877      -0.581166       0.337754
          67200    0.000990781     -0.0445147     0.00198156
          67300       0.268346      -0.732593       0.536692
          67400       0.535456        1.03485        1.07091
          67500     0.00616229       0.111016      0.0123246
          67600      0.0536286      -0.327501       0.107257
          67700      0.0753391       0.388173       0.150678
          67800       0.155385      -0.557467       0.310769
          67900       0.277536      -0.745032       0.555073
          68000      0.0944103      -0.434535       0.188821
          68100       0.525505        1.02519        1.05101
          68200       0.259506      -0.720425       0.519013
          68300       0.118581      -0.486993       0.237162
          68400       0.228249       0.675646       0.456497
          68500      0.0147856      -0.171963      0.0295712
          68600      0.0222549       0.210974      0.0445099
          68700    3.78582e-05    -0.00870152    7.57164e-05
          68800       0.342258      -0.827354       0.684515
          68900      0.0887661      -0.421346       0.177532
          69000       0.269074      -0.733585       0.538148
          69100       0.183441       0.605707       0.366882
          69200    0.000296037      0.0243326    0.000592074
          69300        0.14148        0.53194        0.28296
          69400       0.131243      -0.512333       0.262485
          69500      0.0515935      -0.321227       0.103187
          69600      0.0459225      -0.303059       0.091845
          69700       0.151385      -0.550246       0.302771
          69800     0.00577842      -0.107503      0.0115568
          69900      0.0230509      -0.214713      0.0461017
          70000       0.055555      -0.333332        0.11111
          70100      0.0199022       0.199511      0.0398045
          70200      0.0655217      -0.361999       0.131043
          70300      0.0226178      -0.212686      0.0452355
          70400       0.197177       0.627977       0.394355
          70500    0.000825141      0.0406237     0.00165028
          70600    0.000108388     -0.0147233    0.000216775
          70700       0.322466       0.803077       0.644933
          70800      0.0514983       0.320931       0.102997
          70900      0.0244606       0.221181      0.0489211
          71000    7.01775e-05     -0.0118471    0.000140355
          71100     0.00252407      0.0710503     0.00504815
          71200     0.00134076      0.0517835     0.00268153
          71300       0.222771       -0.66749       0.445542
          71400      0.0640494       0.357909       0.128099
          71500       0.200463       0.633188       0.400927
          71600    3.40203e-07    0.000824868    6.80407e-07
          71700      0.0174468       0.186798      0.0348936
          71800       0.164533      -0.573642       0.329065
          71900     0.00020308      0.0201534    0.000406159
          72000       0.150119      -0.547939       0.300237
          72100      0.0792131      -0.398028       0.158426
          72200      0.0126183        0.15886      0.0252365
          72300      0.0464188       0.304693      0.0928377
          72400       0.217149       0.659013       0.434297
          72500      0.0696426      -0.373209       0.139285
          72600     0.00550913       0.104968      0.0110183
          72700      0.0324296       0.254675      0.0648592
          72800       0.724082         1.2034        1.44816
          72900    0.000616901      0.0351255      0.0012338
          73000       0.116227       0.482134       0.232454
          73100      0.0158794        0.17821      0.0317589
          73200       0.001399     -0.0528962     0.00279801
          73300    2.17583e-05     0.00659671    4.35166e-05
          73400       0.207492      -0.644193       0.414984
          73500       0.237198      -0.688765       0.474397
          73600      0.0229706      -0.214339      0.0459412
          73700      0.0021077      0.0649262     0.00421541
          73800       0.127624       -0.50522       0.255247
          73900      0.0313401        0.25036      0.0626802
          74000       0.202632       0.636603       0.405263
          74100      0.0874481      -0.418206       0.174896
          74200        0.29116       0.763098       0.582319
          74300       0.288224      -0.759242       0.576448
          74400       0.076649      -0.391533       0.153298
          74500     0.00107045     -0.0462699     0.00214091
          74600     0.00423559      -0.092039     0.00847118
          74700        0.16265       -0.57035       0.325299
          74800      0.0794917       0.398727       0.158983
          74900      0.0788183       0.397035       0.157637
          75000     0.00289241      -0.076058     0.00578482
          75100      0.0166043      -0.182232      0.0332085
          75200    0.000335144     -0.0258899    0.000670289
          75300       0.134627       0.518896       0.269253
          75400      0.0538116       -0.32806       0.107623
          75500      0.0655745       0.362145       0.131149
          75600       0.763496        1.23572        1.52699
          75700     0.00963933       0.138848      0.0192787
          75800       0.054789       0.331026       0.109578
          75900      0.0976556        0.44194       0.195311
          76000      0.0382774      -0.276685      0.0765548
          76100       0.251833       0.709695       0.503667
          76200       0.119582      -0.489044       0.239164
          76300       0.128899       0.507738       0.257798
          76400     0.00609977      -0.110452      0.0121995
          76500       0.146676        0.54162       0.293353
          76600      0.0192286      -0.196105      0.0384571
          76700      0.0949193      -0.435705       0.189839
          76800      0.0937015      -0.432901       0.187403
          76900       0.166119       0.576401       0.332238
          77000      0.0266902       0.231042      0.0533803
          77100      0.0120239       0.155074      0.0240478
          77200       0.167622      -0.579002       0.335244
          77300      0.0884626      -0.420625       0.176925
          77400      0.0150529       -0.17351      0.0301058
          77500      0.0391915       -0.27997       0.078383
          77600      0.0689179       0.371262       0.137836
          77700       0.045674      -0.302238      0.0913479
          77800    0.000362402     -0.0269222    0.000724804
          77900      0.0223109       0.211239      0.0446219
          78000      0.0278173       -0.23587      0.0556347
          78100      0.0238651      -0.218472      0.0477301
          78200     0.00479919     -0.0979714     0.00959839
          78300    0.000334799      0.0258766    0.000669598
          78400       0.146658      -0.541587       0.293317
          78500      0.0378738      -0.275223      0.0757476
          78600       0.064453      -0.359035       0.128906
          78700      0.0274561      -0.234334      0.0549123
          78800        0.13889       0.527048       0.277779
          78900       0.168909      -0.581222       0.337818
          79000       0.390782       0.884061       0.781564
          79100       0.309582        0.78687       0.619165
          79200       0.014742      -0.171709      0.0294839
          79300     0.00838664      -0.129512      0.0167733
          79400         0.3183       0.797872         0.6366
          79500       0.104536       0.457243       0.209071
          79600     0.00443843     -0.0942171     0.00887686
          79700      0.0632761      -0.355742       0.126552
          79800      0.0182992      -0.191307      0.0365983
          79900       0.143946       0.536555       0.287892
          80000       0.101399      -0.450332       0.202799
          80100       0.197684      -0.628783       0.395368
          80200       0.109465       0.467901       0.218931
          80300      0.0010434     -0.0456815      0.0020868
          80400      0.0173726       0.186401      0.0347453
          80500       0.264121       0.726803       0.528242
          80600     0.00742687      -0.121876      0.0148537
          80700    0.000541249     -0.0329013      0.0010825
          80800    0.000441593      0.0297184    0.000883186
          80900       0.256315      -0.715982        0.51263
          81000      0.0936368      -0.432751       0.187274
          81100       0.220036      -0.663379       0.440071
          81200       0.108393       0.465604       0.216787
          81300    0.000568137      0.0337087     0.00113627
          81400      0.0689298       0.371294        0.13786
          81500      0.0049166      0.0991625      0.0098332
          81600      0.0415289       0.288197      0.0830577
          81700    2.79997e-06    -0.00236642    5.59994e-06
          81800      0.0241496      -0.219771      0.0482993
          81900        0.11675       0.483218         0.2335
          82000       0.178197      -0.596988       0.356395
          82100       0.235547      -0.686362       0.471093
          82200     0.00171278     -0.0585282     0.00342555
          82300      0.0319219      -0.252673      0.0638438
          82400        0.44973      -0.948399        0.89946
          82500      0.0082552       0.128493      0.0165104
          82600       0.514494       -1.01439        1.02899
          82700      0.0174614      -0.186877      0.0349229
          82800      0.0241666       0.219848      0.0483331
          82900     0.00129293     -0.0508513     0.00258586
          83000       0.106785      -0.462136        0.21357
          83100      0.0224578       0.211933      0.0449155
          83200      0.0420002      -0.289828      0.0840004
          83300      0.0103003       0.143529      0.0206006
          83400     0.00114641      0.0478834     0.00229282
          83500       0.261271        0.72287       0.522542
          83600     0.00875596      -0.132333      0.0175119
          83700       0.412305       -0.90808        0.82461
          83800       0.408684       0.904084       0.817367
          83900        0.11489      -0.479354        0.22978
          84000     0.00375854      -0.086701     0.00751707
          84100       0.185137      -0.608502       0.370275
          84200     0.00860324       0.131173      0.0172065
          84300      0.0455129      -0.301705      0.0910257
          84400      0.0672056      -0.366621       0.134411
          84500      0.0592952      -0.344369        0.11859
          84600       0.155704        0.55804       0.311408
          84700       0.261472      -0.723149       0.522944
          84800     0.00816885       0.127819      0.0163377
          84900      0.0212264       0.206041      0.0424528
          85000      0.0132403       0.162728      0.0264805
          85100      0.0136988       0.165522      0.0273977
          85200      0.0196368       0.198175      0.0392735
          85300       0.199889        0.63228       0.399778
          85400    0.000125734      0.0158578    0.000251469
          85500     0.00779141       0.124831      0.0155828
          85600       0.285468      -0.755603       0.570936
          85700     9.4898e-06     0.00435656    1.89796e-05
          85800    2.63381e-05     0.00725784    5.26762e-05
          85900      0.0686752      -0.370608        0.13735
          86000      0.0613917      -0.350405       0.122783
          86100      0.0858326      -0.414325       0.171665
          86200     0.00398486      0.0892733     0.00796972
          86300       0.456354      -0.955357       0.912708
          86400       0.226216       -0.67263       0.452431
          86500      0.0157425       -0.17744      0.0314849
          86600       0.142028      -0.532968       0.284055
          86700       0.140502       0.530098       0.281004
          86800     0.00347141     -0.0833236     0.00694282
          86900       0.237464       -0.68915       0.474927
          87000       0.019333      -0.196637       0.038666
          87100       0.112754       0.474878       0.225509
          87200     0.00751382       0.122587      0.0150276
          87300       0.367875       0.857758       0.735749
          87400      0.0573227      -0.338593       0.114645
          87500    1.35774e-05     0.00521104    2.71549e-05
          87600      0.0660567       0.363474       0.132113
          87700       0.250709      -0.708109       0.501418
          87800      0.0148545      -0.172363       0.029709
          87900       0.457788       0.956857       0.915576
          88000       0.261664       0.723414       0.523327
          88100      0.0772447       0.393051       0.154489
          88200       0.118197       0.486203       0.236393
          88300       0.131493      -0.512823       0.262987
          88400      0.0250873      -0.223997      0.0501747
          88500      0.0161268      -0.179593      0.0322537
          88600      0.0813944      -0.403471       0.162789
          88700       0.123111       0.496208       0.246223
          88800       0.139611      -0.528415       0.279223
          88900      0.0156238        0.17677      0.0312475
          89000        0.13933       0.527883       0.278661
          89100       0.014184      -0.168428       0.028368
          89200      0.0601773      -0.346922       0.120355
          89300       0.195074      -0.624618       0.390148
          89400       0.108337       0.465482       0.216673
          89500     0.00144419      0.0537436     0.00288838
          89600    0.000286396      0.0239331    0.000572793
          89700       0.224804       0.670528       0.449607
          89800      0.0461322        0.30375      0.0922643
          89900    0.000347581      0.0263659    0.000695162
          90000      0.0832517      -0.408048       0.166503
          90100      0.0431461      -0.293755      0.0862921
          90200       0.660424        1.14928        1.32085
          90300      0.0343925      -0.262269       0.068785
          90400       0.442028       0.940243       0.884057
          90500      0.0523671      -0.323627       0.104734
          90600      0.0116739         0.1528      0.0233478
          90700     0.00209484      0.0647278     0.00418969
          90800        0.17679      -0.594627       0.353581
          90900      0.0259337      -0.227744      0.0518675
          91000      0.0683328       0.369683       0.136666
          91100      0.0105785      -0.145454      0.0211569
          91200      0.0457351      -0.302441      0.0914703
          91300      0.0757607       0.389257       0.151521
          91400      0.0373293      -0.273237      0.0746585
          91500       0.172215      -0.586882       0.344431
          91600      0.0712654      -0.377533       0.142531
          91700     0.00794606      -0.126064      0.0158921
          91800      0.0189618       -0.19474      0.0379236
          91900      0.0185719       0.192727      0.0371437
          92000     0.00582445        0.10793      0.0116489
          92100      0.0222653       0.211023      0.0445305
          92200       0.246016        0.70145       0.492032
          92300       0.265186       0.728267       0.530373
          92400       0.168661       0.580794       0.337322
          92500      0.0299485       0.244739      0.0598971
          92600       0.250308       0.707542       0.500616
          92700      0.0261218      -0.228569      0.0522437
          92800       0.232267      -0.681568       0.464535
          92900      0.0101133       -0.14222      0.0202266
          93000      0.0199563       0.199782      0.0399127
          93100      0.0060757      -0.110233      0.0121514
          93200          0.111       0.471169          0.222
          93300      0.0121512       0.155892      0.0243024
          93400      0.0139487       0.167025      0.0278974
          93500      0.0114877       0.151577      0.0229755
          93600      0.0017411     -0.0590101      0.0034822
          93700      0.0939551      -0.433486        0.18791
          93800      0.0135346      -0.164527      0.0270692
          93900      0.0153215      -0.175051       0.030643
          94000       0.126618      -0.503225       0.253235
          94100     0.00729176       0.120762      0.0145835
          94200       0.108906      -0.466704       0.217813
          94300     0.00865199       0.131545       0.017304
          94400       0.298152      -0.772207       0.596304
          94500    1.72745e-05    -0.00587784     3.4549e-05
          94600     0.00798416      -0.126366      0.0159683
          94700       0.210629      -0.649044       0.421259
          94800     0.00823465       0.128333      0.0164693
          94900     0.00838468      -0.129497      0.0167694
          95000      0.0169314      -0.184018      0.0338627
          95100       0.113018      -0.475433       0.226036
          95200      0.0761139      -0.390164       0.152228
          95300      0.0225541       0.212387      0.0451082
          95400     0.00550205        -0.1049      0.0110041
          95500      0.0186048      -0.192898      0.0372096
          95600        0.15838      -0.562814       0.316759
          95700       0.115607      -0.480846       0.231213
          95800      0.0396092      -0.281457      0.0792183
          95900       0.690466       -1.17513        1.38093
          96000      0.0636697      -0.356846       0.127339
          96100       0.142881      -0.534567       0.285762
          96200      0.0194059      -0.197007      0.0388118
          96300      0.0091756       0.135467      0.0183512
          96400       0.363253      -0.852353       0.726506
          96500     0.00457337      0.0956386     0.00914674
          96600      0.0603691       0.347474       0.120738
          96700       0.235387        0.68613       0.470775
          96800     0.00113441     -0.0476321     0.00226882
          96900     0.00177007     -0.0594991     0.00354015
          97000       0.192986      -0.621266       0.385972
          97100      0.0215561      -0.207635      0.0431121
          97200     0.00254506     -0.0713451     0.00509012
          97300     0.00199723     -0.0632017     0.00399446
          97400      0.0165557       0.181966      0.0331115
          97500      0.0268373      -0.231678      0.0536747
          97600       0.124785       -0.49957        0.24957
          97700       0.035944       0.268119       0.071888
          97800       0.100187       0.447632       0.200375
          97900      0.0978629      -0.442409       0.195726
          98000      0.0448804       0.299601      0.0897609
          98100      0.0657807       0.362714       0.131561
          98200     0.00330011      0.0812417     0.00660022
          98300       0.225619      -0.671743       0.451238
          98400     0.00930615      -0.136427      0.0186123
          98500       0.123351      -0.496691       0.246702
          98600    7.45997e-06    -0.00386263    1.49199e-05
          98700      0.0852307        0.41287       0.170461
          98800      0.0361328       0.268823      0.0722656
          98900     0.00791151        0.12579       0.015823
          99000      0.0959978       0.438173       0.191996
          99100     0.00816123       0.127759      0.0163225
          99200     0.00906117      -0.134619      0.0181223
          99300       0.144649      -0.537865       0.289298
          99400       0.290267      -0.761928       0.580534
          99500       0.133069       0.515885       0.266138
          99600      0.0992379       0.445506       0.198476
          99700        0.18559      -0.609245       0.371179
          99800     0.00391178     -0.0884509     0.00782357
          99900      0.0360922      -0.268671      0.0721844
         100000      0.0679505      -0.368647       0.135901
