              0       0.027476      -0.234419      0.0549521
            100     3.1213e-06    -0.00249852     6.2426e-06
            200        2.08534        2.04222        4.17068
            300        7.57877        3.89327        15.1575
            400       0.140681       0.530435       0.281361
            500        2.07897         2.0391        4.15795
            600        1.30251        1.61401        2.60502
            700        2.36461        2.17468        4.72923
            800       0.138517       -0.52634       0.277034
            900        2.79004       -2.36222        5.58007
           1000        3.20575        -2.5321        6.41151
           1100        14.8649        -5.4525        29.7298
           1200        1.41564       -1.68264        2.83127
           1300       0.124017       0.498031       0.248035
           1400     0.00173205      0.0588566     0.00346409
           1500        2.28782        2.13908        4.57564
           1600       0.463785       0.963104        0.92757
           1700        0.13402       0.517725        0.26804
           1800       0.699042        1.18241        1.39808
           1900        1.01906        1.42763        2.03812
           2000        6.17608        3.51456        12.3522
           2100       0.211561       0.650478       0.423122
           2200        2.37176        2.17796        4.74352
           2300       0.178398       0.597325       0.356797
           2400        2.01709        2.00853        4.03418
           2500        2.46686         2.2212        4.93373
           2600       0.432677       0.930244       0.865353
           2700        6.48772        3.60215        12.9754
           2800     0.00432147      0.0929675     0.00864295
           2900        2.23397        2.11375        4.46794
           3000      0.0014185      0.0532635       0.002837
           3100        5.40689        3.28843        10.8138
           3200        1.15327        1.51873        2.30654
           3300        0.13989       0.528942        0.27978
           3400        1.67034       -1.82775        3.34068
           3500        2.11878       -2.05853        4.23756
           3600        3.72633       -2.72995        7.45265
           3700        3.27763        2.56032        6.55525
           3800        15.3712        5.54458        30.7424
           3900       0.153654       0.554354       0.307309
           4000        5.32898       -3.26465         10.658
           4100          17.24       -5.87197        34.4801
           4200        6.96442       -3.73214        13.9288
           4300        14.3883       -5.36439        28.7766
           4400         20.864       -6.45973        41.7281
           4500        21.5121       -6.55928        43.0241
           4600        24.6777       -7.02534        49.3554
           4700       0.025592      -0.226239      0.0511841
           4800       0.012888       0.160549       0.025776
           4900       0.694826        1.17884        1.38965
           5000       0.295356      -0.768578       0.590712
           5100        9.62541        4.38758        19.2508
           5200       0.095506      -0.437049       0.191012
           5300      0.0594006      -0.344675       0.118801
           5400        2.48445         2.2291         4.9689
           5500        5.17966        3.21859        10.3593
           5600      0.0140121       0.167405      0.0280243
           5700       0.895791        -1.3385        1.79158
           5800        4.45771       -2.98587        8.91542
           5900     0.00293704      0.0766425     0.00587408
           6000        12.7843       -5.05653        25.5685
           6100        2.01485       -2.00741        4.02969
           6200        2.78585       -2.36044         5.5717
           6300        15.9463       -5.64735        31.8926
           6400        20.8904        -6.4638        41.7807
           6500        1.77067       -1.88184        3.54134
           6600       0.744796       -1.22049        1.48959
           6700    0.000627902      0.0354373      0.0012558
           6800       0.440498       0.938614       0.880997
           6900       0.205956      -0.641804       0.411912
           7000        3.31752       -2.57586        6.63503
           7100        2.48991       -2.23155        4.97983
           7200        3.00051        -2.4497        6.00102
           7300       0.529859       -1.02943        1.05972
           7400        6.71057       -3.66349        13.4211
           7500      0.0152425         0.1746      0.0304851
           7600        22.0815        6.64553         44.163
           7700      0.0449134       0.299711      0.0898268
           7800        3.27223       -2.55821        6.54446
           7900        8.55873       -4.13733        17.1175
           8000        6.87734       -3.70873        13.7547
           8100        1.02415       -1.43118        2.04829
           8200        2.80282       -2.36762        5.60564
           8300        1.80182       -1.89833        3.60365
           8400        0.21405      -0.654294         0.4281
           8500        1.31557       -1.62208        2.63113
           8600     0.00318672     -0.0798338     0.00637343
           8700      0.0676253      -0.367764       0.135251
           8800        2.47283        2.22388        4.94566
           8900       0.466939       0.966374       0.933878
           9000        0.85918       -1.31086        1.71836
           9100       0.694501       -1.17856          1.389
           9200        14.5764       -5.39934        29.1529
           9300        18.6074       -6.10039        37.2147
           9400       0.294301      -0.767204       0.588602
           9500       0.881342        1.32766        1.76268
           9600         1.4156       -1.68261        2.83119
           9700        2.19811       -2.09672        4.39622
           9800        19.1539       -6.18933        38.3078
           9900        16.0812       -5.67119        32.1624
          10000        1.66509        1.82488        3.33018
          10100        1.48643        -1.7242        2.97287
          10200        2.93739       -2.42379        5.87478
          10300      0.0578164      -0.340048       0.115633
          10400       0.419893       0.916399       0.839787
          10500        4.61022        3.03652        9.22044
          10600        11.0694        4.70519        22.1388
          10700        10.6068        4.60581        21.2135
          10800        11.6808        4.83338        23.3615
          10900        13.5519        5.20614        27.1039
          11000        9.35143        4.32468        18.7029
          11100        6.04276        3.47642        12.0855
          11200        8.37895        4.09364        16.7579
          11300        1.01393        1.42403        2.02786
          11400        6.83458        3.69718        13.6692
          11500         4.8554        3.11621        9.71079
          11600        2.06274        2.03113        4.12548
          11700       0.376826       0.868132       0.753652
          11800      0.0813464       0.403352       0.162693
          11900    0.000567735      0.0336967     0.00113547
          12000        4.30473       -2.93419        8.60946
          12100      0.0623111      -0.353019       0.124622
          12200       0.157278      -0.560852       0.314555
          12300     0.00182219     -0.0603688     0.00364439
          12400        5.79842        3.40541        11.5968
          12500        1.93578        1.96763        3.87156
          12600         5.4754         3.3092        10.9508
          12700       0.235498       0.686292       0.470997
          12800        2.22777        2.11081        4.45554
          12900      0.0172112       0.185533      0.0344224
          13000        7.07684        3.76214        14.1537
          13100        8.72115         4.1764        17.4423
          13200       0.162956      -0.570887       0.325912
          13300        5.97229       -3.45609        11.9446
          13400        1.53313        1.75108        3.06627
          13500        6.29903       -3.54937        12.5981
          13600       0.555157       -1.05371        1.11031
          13700       0.578631       -1.07576        1.15726
          13800         3.6913       -2.71709         7.3826
          13900        1.36174         1.6503        2.72349
          14000        2.66879        2.31032        5.33759
          14100         9.6399        4.39088        19.2798
          14200      0.0453551       0.301182      0.0907103
          14300        2.62789       -2.29255        5.25577
          14400       0.240909      -0.694131       0.481818
          14500        8.74146        4.18126        17.4829
          14600        12.3195        4.96376        24.6389
          14700        10.7786        4.64298        21.5573
          14800        16.6827        5.77629        33.3655
          14900        7.41647        3.85135        14.8329
          15000        1.76351        1.87804        3.52702
          15100        21.8436        6.60963        43.6872
          15200       0.386999       0.879771       0.773997
          15300        2.16533       -2.08102        4.33065
          15400     0.00194865      0.0624284      0.0038973
          15500       0.120551      -0.491021       0.241102
          15600      0.0372101      -0.272801      0.0744201
          15700        3.74924        2.73834        7.49848
          15800    2.99634e-05    -0.00774125    5.99269e-05
          15900       0.174803      -0.591275       0.349606
          16000       0.499304       0.999304       0.998608
          16100     0.00349593      0.0836173     0.00699186
          16200       0.167406       -0.57863       0.334813
          16300       0.185854       0.609679       0.371709
          16400       0.263383      -0.725787       0.526767
          16500        5.69434        3.37471        11.3887
          16600        7.60199        3.89923         15.204
          16700        7.58765        3.89555        15.1753
          16800        10.2795        4.53421        20.5591
          16900       0.876827       -1.32426        1.75365
          17000        7.35874        3.83634        14.7175
          17100        8.14077        4.03504        16.2815
          17200        1.56736        1.77051        3.13472
          17300         3.5405        2.66101        7.08099
          17400        6.64636        3.64592        13.2927
          17500        1.24414        1.57743        2.48827
          17600        4.59662        3.03203        9.19323
          17700        11.0852       -4.70855        22.1705
          17800        1.05267        1.45098        2.10533
          17900        7.92344       -3.98081        15.8469
          18000        12.1972       -4.93907        24.3944
          18100       0.593712       -1.08969        1.18742
          18200        1.86069        1.92909        3.72137
          18300       0.685931        1.17127        1.37186
          18400        5.01338         3.1665        10.0268
          18500        5.54727        3.33085        11.0945
          18600        2.01022         2.0051        4.02044
          18700        5.23186        3.23477        10.4637
          18800        28.4974        7.54949        56.9949
          18900        7.35802        3.83615         14.716
          19000         5.2297         3.2341        10.4594
          19100        7.62766        3.90581        15.2553
          19200       0.105786        0.45997       0.211573
          19300      0.0233432        0.21607      0.0466863
          19400        8.36051       -4.08913         16.721
          19500        17.5644       -5.92695        35.1288
          19600        8.55603       -4.13667        17.1121
          19700        9.35919       -4.32647        18.7184
          19800        1.25368       -1.58347        2.50736
          19900        0.32561       0.806982        0.65122
          20000      0.0166602       0.182539      0.0333205
          20100        4.93366       -3.14123        9.86732
          20200        3.52875        -2.6566         7.0575
          20300        1.65119       -1.81725        3.30238
          20400       0.118379       0.486577       0.236758
          20500      0.0617322       0.351375       0.123464
          20600    0.000215405      -0.020756     0.00043081
          20700        2.35111       -2.16846        4.70222
          20800        2.16997       -2.08325        4.33995
          20900      0.0122884       -0.15677      0.0245768
          21000       0.257111       0.717093       0.514222
          21100        3.27709       -2.56012        6.55419
          21200        3.17645         2.5205         6.3529
          21300        31.3779        7.92185        62.7558
          21400        14.2273        5.33428        28.4545
          21500        27.2386        7.38086        54.4771
          21600        5.98787         3.4606        11.9757
          21700        7.24014         3.8053        14.4803
          21800        8.04942        4.01234        16.0988
          21900       0.558338        1.05673        1.11668
          22000        7.15382        3.78254        14.3076
          22100        5.63584        3.35733        11.2717
          22200        10.8493        4.65817        21.6985
          22300       0.703995        1.18659        1.40799
          22400        4.13351        2.87524        8.26702
          22500        15.9826        5.65378        31.9652
          22600          10.37        4.55412          20.74
          22700        4.72659         3.0746        9.45318
          22800        18.4546        6.07529        36.9091
          22900       0.827815        1.28671        1.65563
          23000        2.36012        2.17261        4.72024
          23100        1.39533        1.67053        2.79066
          23200        3.23154        2.54226        6.46309
          23300       0.260875       0.722323       0.521751
          23400        3.59938        2.68305        7.19876
          23500      0.0817678      -0.404395       0.163536
          23600        7.98802         -3.997         15.976
          23700        2.59057       -2.27621        5.18113
          23800        1.50799       -1.73666        3.01597
          23900      0.0307844       0.248131      0.0615688
          24000        3.26855       -2.55678         6.5371
          24100        9.47627       -4.35345        18.9525
          24200         3.0641       -2.47552        6.12819
          24300       0.267875      -0.731949        0.53575
          24400        1.30616        1.61627        2.61232
          24500        7.34468        3.83267        14.6894
          24600        19.8825        6.30595         39.765
          24700        33.9095        8.23523         67.819
          24800      0.0864768       0.415877       0.172954
          24900        2.08429       -2.04171        4.16859
          25000        2.36448       -2.17462        4.72895
          25100        3.53371       -2.65846        7.06741
          25200        1.26432       -1.59017        2.52865
          25300        22.6629       -6.73244        45.3258
          25400        12.7698       -5.05366        25.5395
          25500         14.515       -5.38794        29.0299
          25600       0.859015       -1.31074        1.71803
          25700       0.449416      -0.948067       0.898831
          25800        4.11532        2.86891        8.23065
          25900        10.8059        4.64884        21.6117
          26000        7.38634        3.84352        14.7727
          26100        3.15076        2.51028        6.30151
          26200        1.36568        1.65269        2.73137
          26300        4.80255       -3.09921         9.6051
          26400      0.0887791      -0.421377       0.177558
          26500        3.22728        2.54058        6.45456
          26600          8.696        4.17037         17.392
          26700        4.55269        3.01751        9.10539
          26800        8.91542        4.22266        17.8308
          26900        1.62269        1.80149        3.24537
          27000        4.87677       -3.12307        9.75354
          27100        19.2137       -6.19898        38.4273
          27200        12.9401       -5.08727        25.8803
          27300        5.52235       -3.32336        11.0447
          27400        4.03192       -2.83969        8.06384
          27500       0.288841      -0.760054       0.577682
          27600        1.93441       -1.96693        3.86881
          27700        2.56445       -2.26471        5.12889
          27800        6.74645       -3.67327        13.4929
          27900        1.38609       -1.66499        2.77218
          28000      0.0664979      -0.364686       0.132996
          28100         7.8094        3.95206        15.6188
          28200        7.96225       -3.99055        15.9245
          28300        23.8605       -6.90804         47.721
          28400        14.8997       -5.45888        29.7994
          28500        2.03428       -2.01707        4.06856
          28600       0.327351       0.809136       0.654701
          28700        0.10861      -0.466069        0.21722
          28800        1.21013       -1.55572        2.42026
          28900         5.4447       -3.29991        10.8894
          29000        2.20117       -2.09817        4.40233
          29100        2.59616       -2.27866        5.19231
          29200      0.0715999      -0.378417         0.1432
          29300       0.193668      -0.622363       0.387335
          29400         11.255       -4.74447          22.51
          29500         10.701       -4.62623         21.402
          29600        16.2687       -5.70415        32.5373
          29700        4.49866       -2.99955        8.99733
          29800      0.0418004       0.289138      0.0836008
          29900         2.2459       -2.11939         4.4918
          30000        1.37919       -1.66083        2.75837
          30100        2.48826       -2.23081        4.97651
          30200        13.8034       -5.25422        27.6068
          30300        6.65765       -3.64901        13.3153
          30400       0.448548      -0.947151       0.897095
          30500      0.0582074      -0.341196       0.116415
          30600      0.0169261        0.18399      0.0338522
          30700        2.77219        2.35465        5.54438
          30800        2.93864        2.42431        5.87729
          30900        6.46402        3.59556         12.928
          31000        6.95896        3.73067        13.9179
          31100        30.0367         7.7507        60.0734
          31200        0.90507        1.34541        1.81014
          31300        1.34918        1.64267        2.69835
          31400        1.84483        1.92085        3.68965
          31500    0.000130613     -0.0161625    0.000261227
          31600        5.14126       -3.20664        10.2825
          31700        7.52184       -3.87862        15.0437
          31800       0.829791       -1.28825        1.65958
          31900        2.15511        2.07611        4.31021
          32000       0.105733       0.459854       0.211465
          32100        1.10843       -1.48891        2.21686
          32200      0.0603648      -0.347462        0.12073
          32300     0.00668743       -0.11565      0.0133749
          32400        2.06138       -2.03046        4.12276
          32500        3.84957       -2.77473        7.69913
          32600         1.6616       -1.82296         3.3232
          32700      0.0204661       0.202317      0.0409321
          32800       0.753163       -1.22732        1.50633
          32900       0.343162       0.828447       0.686325
          33000       0.749485       -1.22432        1.49897
          33100       0.101501       0.450557       0.203002
          33200        2.77314       -2.35506        5.54629
          33300        6.02918       -3.47251        12.0584
          33400        17.0509       -5.83967        34.1018
          33500     0.00422488      0.0919225     0.00844976
          33600       0.240973      -0.694223       0.481946
          33700       0.179172       0.598618       0.358343
          33800       0.790674       -1.25752        1.58135
          33900       0.925371       -1.36042        1.85074
          34000        20.8227       -6.45332        41.6454
          34100        16.7272       -5.78398        33.4544
          34200        4.27096       -2.92266        8.54192
          34300        2.66152       -2.30717        5.32304
          34400        1.47367        1.71678        2.94734
          34500        0.30425      -0.780065       0.608501
          34600       0.865696        1.31582        1.73139
          34700        6.07449       -3.48554         12.149
          34800       0.153344       0.553794       0.306688
          34900        1.50451        1.73465        3.00902
          35000      0.0414395       0.287887       0.082879
          35100         3.2039        2.53136         6.4078
          35200        6.47857         3.5996        12.9571
          35300        9.83476        4.43503        19.6695
          35400        4.18034        2.89149        8.36069
          35500       0.548218       -1.04711        1.09644
          35600        11.8097        4.85999        23.6195
          35700      0.0804551      -0.401136        0.16091
          35800        8.02582        4.00645        16.0516
          35900        17.4325        5.90465        34.8649
          36000        45.9078        9.58205        91.8157
          36100        26.0732        7.22124        52.1463
          36200        26.1609        7.23338        52.3218
          36300       0.585779        1.08238        1.17156
          36400        8.05246       -4.01309        16.1049
          36500       0.466645        0.96607        0.93329
          36600      0.0100644       0.141876      0.0201287
          36700        5.15066       -3.20957        10.3013
          36800      0.0228246       0.213657      0.0456492
          36900        2.66812       -2.31003        5.33623
          37000        2.46337        2.21962        4.92673
          37100        14.3939        5.36542        28.7878
          37200        7.36808        3.83877        14.7362
          37300        1.72498         1.8574        3.44995
          37400        1.20602        1.55307        2.41203
          37500       0.108554       0.465948       0.217107
          37600       0.879671        -1.3264        1.75934
          37700         2.6589       -2.30603        5.31779
          37800        4.78996       -3.09514        9.57992
          37900        0.44643      -0.944912       0.892859
          38000       0.611474        1.10587        1.22295
          38100        10.7813        4.64355        21.5626
          38200        5.44628        3.30039        10.8926
          38300        4.38211        2.96044        8.76422
          38400    0.000559564      0.0334534     0.00111913
          38500       0.857262         1.3094        1.71452
          38600      0.0182048       0.190813      0.0364097
          38700        7.51518        -3.8769        15.0304
          38800        5.82392       -3.41289        11.6478
          38900        4.02952       -2.83884        8.05904
          39000      0.0680312      -0.368866       0.136062
          39100        2.89151       -2.40479        5.78301
          39200        11.3054       -4.75509        22.6109
          39300        1.08438        1.47267        2.16876
          39400        16.3111        5.71158        32.6222
          39500        25.5331        7.14606        51.0661
          39600        4.20803        2.90104        8.41606
          39700       0.244916       -0.69988       0.489832
          39800         2.0414         2.0206        4.08281
          39900        8.11853        4.02952        16.2371
          40000       0.245541       0.700772       0.491081
          40100        4.07297        2.85411        8.14594
          40200        32.3181        8.03966        64.6362
          40300          45.81        9.57184        91.6201
          40400          17.57        5.92789        35.1399
          40500        3.56259         2.6693        7.12519
          40600        8.28209        4.06991        16.5642
          40700       0.130477       0.510837       0.260954
          40800        1.09406       -1.47923        2.18813
          40900        5.56437        3.33598        11.1287
          41000         20.346        6.37904        40.6921
          41100        12.3838        4.97671        24.7677
          41200        4.98481        3.15747        9.96962
          41300        20.6334        6.42392        41.2667
          41400         32.732        8.09098         65.464
          41500          21.22         6.5146          42.44
          41600        6.62713        3.64064        13.2543
          41700        3.91679        2.79885        7.83357
          41800        5.37355        3.27828        10.7471
          41900         1.2478        1.57975         2.4956
          42000       0.417471       0.913752       0.834943
          42100       0.453046      -0.951888       0.906091
          42200          6.681        3.65541         13.362
          42300        4.09553          2.862        8.19106
          42400       0.673889        1.16094        1.34778
          42500      0.0279723       0.236526      0.0559446
          42600        2.97106       -2.43765        5.94212
          42700        7.28295       -3.81653        14.5659
          42800        8.22389       -4.05559        16.4478
          42900        1.15449       -1.51953        2.30898
          43000        1.66855       -1.82677        3.33711
          43100     0.00148932      0.0545769     0.00297864
          43200      0.0417833      -0.289079      0.0835666
          43300        1.55411        1.76302        3.10822
          43400        1.04525        1.44586        2.09051
          43500       0.054245       0.329378        0.10849
          43600        8.60538       -4.14858        17.2108
          43700      0.0192766        0.19635      0.0385533
          43800    0.000426643      0.0292111    0.000853286
          43900        5.60256        -3.3474        11.2051
          44000        3.47402       -2.63591        6.94804
          44100        1.08387       -1.47233        2.16774
          44200       0.120246         0.4904       0.240492
          44300         2.4084       -2.19472         4.8168
          44400        3.50771       -2.64867        7.01543
          44500       0.455343      -0.954299       0.910686
          44600     0.00891872       0.133557      0.0178374
          44700       0.909558       -1.34875        1.81912
          44800     0.00304304      0.0780133     0.00608607
          44900        1.29613       -1.61005        2.59226
          45000     0.00734228        0.12118      0.0146846
          45100        2.27703       -2.13402        4.55406
          45200        2.52577        2.24756        5.05154
          45300        1.76567       -1.87919        3.53134
          45400       0.108703      -0.466268       0.217406
          45500     0.00825928       0.128525      0.0165186
          45600      0.0754451       0.388446        0.15089
          45700      0.0206038      -0.202996      0.0412076
          45800          1.425       -1.68819           2.85
          45900       0.245827       -0.70118       0.491653
          46000        8.14917        4.03712        16.2983
          46100        2.30193        2.14566        4.60386
          46200       0.467195       0.966638        0.93439
          46300       0.390295        0.88351       0.780591
          46400        4.02197        2.83619        8.04395
          46500        10.5231        4.58761        21.0461
          46600         6.7239        3.66712        13.4478
          46700        2.69209        2.32038        5.38418
          46800        1.52891        1.74866        3.05782
          46900        2.71411        2.32986        5.42823
          47000      0.0123542      -0.157189      0.0247084
          47100     0.00557341      -0.105579      0.0111468
          47200        1.62663        1.80368        3.25327
          47300        2.81502       -2.37277        5.63004
          47400      0.0487131       0.312132      0.0974262
          47500     0.00730126       0.120841      0.0146025
          47600       0.339323       0.823799       0.678645
          47700       0.768688        1.23991        1.53738
          47800        1.02759       -1.43359        2.05518
          47900        1.94745       -1.97355        3.89489
          48000    8.68367e-06     0.00416741    1.73673e-05
          48100         1.6568        1.82033        3.31361
          48200        1.57022        1.77213        3.14044
          48300        2.79655        2.36497         5.5931
          48400       0.147981      -0.544024       0.295962
          48500        5.25441       -3.24173        10.5088
          48600        0.16695       0.577841         0.3339
          48700        6.57028       -3.62499        13.1406
          48800        5.27007       -3.24656        10.5401
          48900        11.1177       -4.71544        22.2354
          49000        2.22537       -2.10968        4.45075
          49100      0.0332708      -0.257957      0.0665417
          49200       0.737706        1.21467        1.47541
          49300       0.371704       0.862212       0.743409
          49400       0.130834       0.511534       0.261667
          49500         3.7243       -2.72921        7.44861
          49600        5.71924       -3.38208        11.4385
          49700       0.553073       -1.05173        1.10615
          49800        30.4653       -7.80581        60.9306
          49900        18.6157       -6.10176        37.2315
          50000        21.6108       -6.57431        43.2216
          50100        3.24667        -2.5482        6.49334
          50200        21.0741       -6.49216        42.1482
          50300         41.909       -9.15522        83.8181
          50400        18.0253       -6.00422        36.0506
          50500        43.5452       -9.33223        87.0904
          50600        45.5477       -9.54439        91.0954
          50700        4.71487       -3.07079        9.42973
          50800        4.12791        -2.8733        8.25583
          50900        7.84374       -3.96074        15.6875
          51000       0.613584       -1.10778        1.22717
          51100        5.68432       -3.37174        11.3686
          51200        15.1427       -5.50322        30.2855
          51300        18.9454       -6.15554        37.8907
          51400        4.20134       -2.89874        8.40269
          51500        10.3416       -4.54788        20.6832
          51600        5.62516       -3.35415        11.2503
          51700       0.384365      -0.876773       0.768731
          51800         6.5844       -3.62888        13.1688
          51900      0.0456333       0.302104      0.0912665
          52000     0.00721137      -0.120095      0.0144227
          52100        1.16268       -1.52491        2.32536
          52200        1.62027        1.80015        3.24054
          52300       0.481021      -0.980838       0.962043
          52400       0.119031      -0.487916       0.238062
          52500        4.60234       -3.03392        9.20469
          52600        3.50979       -2.64945        7.01958
          52700       0.141209        0.53143       0.282418
          52800        1.46771       -1.71331        2.93542
          52900       0.280935        0.74958       0.561871
          53000         2.7937       -2.36377        5.58739
          53100        10.8023       -4.64807        21.6046
          53200        3.27027       -2.55745        6.54054
          53300        7.11867       -3.77324        14.2373
          53400          5.448       -3.30091         10.896
          53500        13.3648       -5.17006        26.7295
          53600        8.10447       -4.02603        16.2089
          53700      0.0117344      -0.153195      0.0234688
          53800        1.25635       -1.58515         2.5127
          53900        4.82099        3.10515        9.64198
          54000        3.82142        2.76457        7.64284
          54100       0.534622       -1.03404        1.06924
          54200      0.0496163       0.315012      0.0992325
          54300        0.17326      -0.588659       0.346519
          54400       0.006366       0.112836       0.012732
          54500        2.38579        2.18439        4.77158
          54600        2.26316        2.12752        4.52633
          54700      0.0213558       0.206668      0.0427116
          54800        2.94622        2.42744        5.89244
          54900      0.0693822       0.372511       0.138764
          55000       0.119308      -0.488484       0.238617
          55100        2.65744        -2.3054        5.31488
          55200       0.187194      -0.611872       0.374387
          55300        4.61997       -3.03973        9.23995
          55400       0.388199      -0.881134       0.776398
          55500        2.33639       -2.16166        4.67277
          55600        3.84249       -2.77218        7.68499
          55700        2.86066       -2.39193        5.72133
          55800       0.195495       0.625292        0.39099
          55900        1.67258        1.82898        3.34516
          56000        1.74685        1.86915         3.4937
          56100        2.29447        2.14218        4.58895
          56200        4.98234        3.15669        9.96467
          56300        2.19501        2.09524        4.39003
          56400        24.9706        7.06691        49.9413
          56500        15.8799        5.63558        31.7598
          56600        4.17474        2.88955        8.34949
          56700      0.0118068       0.153667      0.0236135
          56800       0.514969       -1.01486        1.02994
          56900       0.100133       -0.44751       0.200265
          57000        3.21535       -2.53588         6.4307
          57100      0.0193749        0.19685      0.0387499
          57200        47.4356       -9.74018        94.8712
          57300        14.8295       -5.44601        29.6591
          57400        18.5615       -6.09287         37.123
          57500        4.95933       -3.14939        9.91865
          57600        9.43182       -4.34323        18.8636
          57700        3.56447       -2.67001        7.12893
          57800        8.56485        -4.1388        17.1297
          57900      0.0835404      -0.408755       0.167081
          58000         6.9961       -3.74062        13.9922
          58100       0.423356      -0.920169       0.846712
          58200        10.3283        4.54496        20.6567
          58300      0.0218589       0.209088      0.0437177
          58400      0.0145226      -0.170427      0.0290453
          58500        2.14458       -2.07103        4.28916
          58600        4.69433       -3.06409        9.38866
          58700      0.0493016      -0.314012      0.0986033
          58800      0.0368091       0.271327      0.0736182
          58900        5.04534       -3.17658        10.0907
          59000         11.073       -4.70594        22.1459
          59100        13.0464       -5.10811        26.0928
          59200        1.69642        1.84197        3.39284
          59300         3.5621        2.66912        7.12421
          59400        0.63019        1.12267        1.26038
          59500     0.00691619       0.117611      0.0138324
          59600       0.118277       0.486369       0.236555
          59700        4.69128         3.0631        9.38257
          59800        2.32884        2.15816        4.65767
          59900       0.826397       -1.28561        1.65279
          60000        1.50072       -1.73247        3.00144
          60100        6.64811        -3.6464        13.2962
          60200        2.08304        -2.0411        4.16608
          60300       0.340736      -0.825513       0.681472
          60400        1.09059       -1.47688        2.18117
          60500        0.73115        1.20926         1.4623
          60600        2.54669       -2.25685        5.09338
          60700        5.89742       -3.43436        11.7948
          60800        1.40183       -1.67441        2.80365
          60900      0.0994183      -0.445911       0.198837
          61000        6.76338        3.67787        13.5268
          61100        22.4828        6.70564        44.9657
          61200        19.6155        6.26347         39.231
          61300       0.411343        0.90702       0.822685
          61400        2.83024       -2.37917        5.66047
          61500      0.0224233        0.21177      0.0448466
          61600       0.670755       -1.15824        1.34151
          61700        6.05807        3.48083        12.1161
          61800        1.10529        -1.4868        2.21058
          61900       0.246352       0.701929       0.492705
          62000       0.241153      -0.694482       0.482306
          62100         1.7762        1.88478         3.5524
          62200         1.2035        1.55145        2.40701
          62300        1.60399       -1.79108        3.20797
          62400        2.24998       -2.12131        4.49997
          62500      0.0621545       0.352575       0.124309
          62600     0.00841343      -0.129718      0.0168269
          62700       0.573827       -1.07129        1.14765
          62800       0.404389       0.899321       0.808778
          62900        7.39638       -3.84614        14.7928
          63000        6.53948       -3.61648         13.079
          63100        3.22951       -2.54146        6.45902
          63200       0.534677        -1.0341        1.06935
          63300     0.00336991     -0.0820964     0.00673982
          63400        0.43995        0.93803       0.879901
          63500        0.28553       0.755685        0.57106
          63600        3.84602        2.77345        7.69203
          63700        2.84444        2.38514        5.68887
          63800      0.0259676       0.227893      0.0519352
          63900        6.19513       -3.51998        12.3903
          64000        3.34193       -2.58532        6.68386
          64100        1.19168        1.54381        2.38335
          64200      0.0819321       0.404801       0.163864
          64300        1.05329        -1.4514        2.10657
          64400    0.000108469     -0.0147288    0.000216938
          64500        10.0224       -4.47713        20.0447
          64600        16.4411        -5.7343        32.8822
          64700        2.76729       -2.35257        5.53458
          64800        11.2452       -4.74241        22.4904
          64900        15.7677       -5.61563        31.5353
          65000        11.9708       -4.89302        23.9417
          65100        0.23532      -0.686033       0.470641
          65200       0.786032       -1.25382        1.57206
          65300        1.23711       -1.57297        2.47423
          65400        3.80326        2.75799        7.60652
          65500        4.77523        3.09038        9.55046
          65600        1.25181        1.58228        2.50362
          65700       0.306676      -0.783168       0.613352
          65800        1.80463        1.89981        3.60927
          65900       0.225466      -0.671514       0.450932
          66000         2.5816        2.27227        5.16319
          66100        5.40568        3.28806        10.8114
          66200         1.1032         1.4854         2.2064
          66300       0.497064        0.99706       0.994128
          66400       0.465547      -0.964932       0.931094
          66500       0.399227      -0.893562       0.798454
          66600        8.58924       -4.14469        17.1785
          66700        14.3663       -5.36027        28.7325
          66800        1.42807       -1.69001        2.85614
          66900       0.960365        -1.3859        1.92073
          67000      0.0964489      -0.439201       0.192898
          67100        3.35493        2.59034        6.70985
          67200      0.0476642      -0.308753      0.0953285
          67300        0.37711       0.868458        0.75422
          67400     0.00509766       0.100972      0.0101953
          67500        1.67974       -1.83289        3.35947
          67600        2.10916       -2.05385        4.21831
          67700    0.000108801      0.0147513    0.000217602
          67800        1.40846        1.67837        2.81692
          67900       0.147789       0.543671       0.295578
          68000        5.14099       -3.20655         10.282
          68100       0.372671       0.863332       0.745341
          68200       0.108358      -0.465528       0.216716
          68300      0.0124024       0.157496      0.0248049
          68400       0.504083        1.00407        1.00817
          68500        11.3845       -4.77169         22.769
          68600        12.0984       -4.91902        24.1967
          68700        18.0003       -6.00005        36.0006
          68800        2.12779       -2.06291        4.25559
          68900      0.0305034       0.246995      0.0610067
          69000        7.18982       -3.79205        14.3796
          69100        22.1113       -6.65001        44.2226
          69200        11.3485       -4.76414         22.697
          69300        5.02209       -3.16926        10.0442
          69400         5.3197       -3.26181        10.6394
          69500        1.57005       -1.77203         3.1401
          69600        2.44221       -2.21007        4.88441
          69700      0.0452169       0.300722      0.0904339
          69800       0.189242       0.615211       0.378485
          69900      0.0241613       0.219824      0.0483227
          70000        3.71645        2.72634        7.43291
          70100         7.5584       -3.88803        15.1168
          70200        20.3788       -6.38416        40.7576
          70300       0.146559      -0.541405       0.293119
          70400      0.0578126       0.340037       0.115625
          70500        3.96796        2.81708        7.93593
          70600        3.10602        2.49239        6.21203
          70700        4.89804        3.12987        9.79609
          70800        2.47458       -2.22467        4.94915
          70900        2.81934       -2.37459        5.63869
          71000       0.936913        1.36888        1.87383
          71100        3.20908        2.53341        6.41817
          71200       0.846405       -1.30108        1.69281
          71300       0.302459      -0.777765       0.604918
          71400        2.92432        -2.4184        5.84864
          71500       0.329771      -0.812122       0.659542
          71600         2.2234       -2.10874         4.4468
          71700        5.38707        -3.2824        10.7741
          71800        5.31333       -3.25986        10.6267
          71900       0.681011        1.16706        1.36202
          72000          1.765        1.87883        3.53001
          72100        1.65892        1.82149        3.31784
          72200       0.460552       0.959742       0.921104
          72300        4.23224        2.90938        8.46448
          72400         1.0555       -1.45293        2.11101
          72500       0.312832      -0.790989       0.625663
          72600    0.000870494      0.0417252     0.00174099
          72700         5.1178       -3.19931        10.2356
          72800       0.224053      -0.669407       0.448106
          72900        8.45392        4.11191        16.9078
          73000      0.0644501      -0.359027         0.1289
          73100        1.09393       -1.47914        2.18785
          73200      0.0322092       0.253808      0.0644183
          73300       0.291074       0.762986       0.582148
          73400       0.232276        0.68158       0.464552
          73500        1.77796       -1.88571        3.55592
          73600        9.58118       -4.37748        19.1624
          73700        3.86617       -2.78071        7.73234
          73800      0.0608957      -0.348986       0.121791
          73900        12.0315        4.90541         24.063
          74000        1.87219        1.93504        3.74437
          74100       0.498975       0.998975       0.997951
          74200        4.35838        2.95242        8.71677
          74300        7.52221        3.87871        15.0444
          74400       0.373487       0.864276       0.746973
          74500        0.28956       0.760999        0.57912
          74600       0.651455        1.14145        1.30291
          74700       0.914596       -1.35248        1.82919
          74800        1.50198        1.73319        3.00396
          74900        4.88216        3.12479        9.76432
          75000       0.462307       0.961569       0.924615
          75100        1.99269       -1.99634        3.98537
          75200        1.61713         1.7984        3.23426
          75300        4.66755        3.05534         9.3351
          75400        1.02147        1.42932        2.04294
          75500        3.84687       -2.77376        7.69375
          75600        1.58963       -1.78305        3.17926
          75700        7.77796        -3.9441        15.5559
          75800        17.5169       -5.91894        35.0338
          75900       0.149602      -0.546995       0.299203
          76000      0.0625683      -0.353747       0.125137
          76100       0.130472       0.510827       0.260944
          76200     0.00621567       0.111496      0.0124313
          76300      0.0628261       0.354475       0.125652
          76400      0.0109213      -0.147793      0.0218427
          76500        3.08173       -2.48263        6.16345
          76600        2.27466        2.13291        4.54933
          76700        1.25771         -1.586        2.51541
          76800        1.60433        1.79127        3.20865
          76900        11.0118        4.69293        22.0236
          77000        8.51665        4.12714        17.0333
          77100       0.418141       0.914485       0.836283
          77200       0.195929      -0.625986       0.391859
          77300       0.391795      -0.885207       0.783591
          77400        1.04576        1.44621        2.09153
          77500    0.000583913      0.0341735     0.00116783
          77600      0.0813527      -0.403368       0.162705
          77700        7.44089       -3.85769        14.8818
          77800        1.48802       -1.72512        2.97603
          77900        15.9418       -5.64656        31.8837
          78000        8.52601        4.12941         17.052
          78100        2.08655        2.04282         4.1731
          78200        5.76603        3.39589        11.5321
          78300        0.44782       0.946383        0.89564
          78400        4.14848       -2.88045        8.29697
          78500        9.91511       -4.45311        19.8302
          78600       0.183057       0.605073       0.366113
          78700        13.4985       -5.19587        26.9971
          78800        14.8434       -5.44855        29.6867
          78900        11.9703        -4.8929        23.9405
          79000       0.225012      -0.670839       0.450024
          79100      0.0189426       0.194641      0.0378852
          79200         9.8886       -4.44716        19.7772
          79300        1.83728       -1.91692        3.67456
          79400        2.02425        2.01209        4.04849
          79500          1.741        1.86601          3.482
          79600       0.575221        1.07259        1.15044
          79700        1.33501        1.63402        2.67003
          79800        12.5592        5.01183        25.1185
          79900       0.529516        1.02909        1.05903
          80000        1.04787        1.44767        2.09574
          80100       0.185372       0.608887       0.370743
          80200       0.787585        1.25506        1.57517
          80300        5.54397       -3.32986        11.0879
          80400       0.295733      -0.769068       0.591465
          80500       0.133991       -0.51767       0.267982
          80600       0.113021       -0.47544       0.226043
          80700        5.30895       -3.25851        10.6179
          80800        1.34477       -1.63998        2.68954
          80900       0.257586       0.717755       0.515172
          81000     0.00188876     -0.0614615     0.00377752
          81100          2.861       -2.39207        5.72201
          81200       0.439573       0.937628       0.879146
          81300       0.144408      -0.537415       0.288815
          81400      0.0219648       0.209594      0.0439297
          81500        13.1378        5.12597        26.2756
          81600        19.6152        6.26342        39.2304
          81700        13.1637        5.13103        26.3274
          81800        2.90223        2.40924        5.80446
          81900         2.7519        2.34602         5.5038
          82000          1.638        1.80997          3.276
          82100        0.51568        1.01556        1.03136
          82200     0.00146883      0.0542002     0.00293766
          82300        6.06614        3.48314        12.1323
          82400       0.383058        0.87528       0.766116
          82500         9.2167       -4.29341        18.4334
          82600        31.0587       -7.88146        62.1175
          82700        15.4986       -5.56752        30.9973
          82800        2.92275       -2.41775         5.8455
          82900        1.00315       -1.41644         2.0063
          83000         3.6796        2.71278         7.3592
          83100        12.3348        4.96685        24.6696
          83200        8.64019        4.15697        17.2804
          83300        1.12638        1.50092        2.25276
          83400       0.590259       -1.08652        1.18052
          83500        2.49924       -2.23573        4.99849
          83600        2.66909       -2.31045        5.33819
          83700        1.57479       -1.77471        3.14958
          83800        8.00185       -4.00046        16.0037
          83900        8.16127       -4.04012        16.3225
          84000         10.645        -4.6141        21.2899
          84100        2.69153       -2.32014        5.38306
          84200        17.7688       -5.96134        35.5376
          84300        45.2145       -9.50942        90.4291
          84400        31.1045       -7.88727        62.2091
          84500        8.80118       -4.19552        17.6024
          84600        15.3431       -5.53951        30.6861
          84700        7.21001       -3.79737          14.42
          84800        5.14166       -3.20676        10.2833
          84900        5.18972       -3.22171        10.3794
          85000        3.12256       -2.49902        6.24512
          85100        2.81399        2.37233        5.62797
          85200        2.78463        2.35993        5.56926
          85300        2.18578        2.09083        4.37156
          85400       0.258632       -0.71921       0.517263
          85500        4.18545       -2.89325         8.3709
          85600       0.547689        -1.0466        1.09538
          85700        4.21621       -2.90386        8.43243
          85800         17.116       -5.85081         34.232
          85900       0.187284      -0.612019       0.374567
          86000        7.23128       -3.80297        14.4626
          86100        1.16724        -1.5279        2.33449
          86200        3.85787       -2.77772        7.71574
          86300      0.0425958       0.291876      0.0851915
          86400       0.298519      -0.772682       0.597037
          86500        2.61638        2.28752        5.23275
          86600        4.31841        2.93885        8.63682
          86700      0.0548154      -0.331105       0.109631
          86800        1.57191       -1.77308        3.14381
          86900         1.8336         -1.915        3.66721
          87000      0.0938994      -0.433358       0.187799
          87100        3.20324         2.5311        6.40648
          87200       0.265191      -0.728273       0.530381
          87300        8.06199       -4.01547         16.124
          87400         1.5045       -1.73465          3.009
          87500        6.13592        3.50312        12.2718
          87600        8.94571        4.22982        17.8914
          87700        6.90787        3.71695        13.8157
          87800      0.0507564       0.318611       0.101513
          87900       0.375009      -0.866035       0.750017
          88000       0.102845        0.45353        0.20569
          88100        3.28243        -2.5622        6.56485
          88200       0.474324      -0.973985       0.948647
          88300        6.30836         -3.552        12.6167
          88400        18.5119       -6.08472        37.0238
          88500        1.90781       -1.95336        3.81562
          88600         2.4097       -2.19531         4.8194
          88700       0.813985       -1.27592        1.62797
          88800        3.63011       -2.69448        7.26023
          88900      0.0776695      -0.394131       0.155339
          89000        2.69771         2.3228        5.39542
          89100        8.90348        4.21983         17.807
          89200         0.2584       0.718888         0.5168
          89300     0.00689311       0.117415      0.0137862
          89400       0.171315      -0.585346        0.34263
          89500    0.000194341      -0.019715    0.000388682
          89600        2.79331        2.36361        5.58663
          89700        17.5006        5.91619        35.0013
          89800        18.5248        6.08684        37.0497
          89900        4.99578        3.16094        9.99156
          90000        0.12448      -0.498958        0.24896
          90100        5.73994         3.3882        11.4799
          90200        2.07558        2.03744        4.15116
          90300        8.41966       -4.10357        16.8393
          90400        22.7285       -6.74219        45.4571
          90500        22.1944       -6.66249        44.3888
          90600        17.1682       -5.85973        34.3364
          90700        9.10776       -4.26797        18.2155
          90800      0.0378204       0.275029      0.0756408
          90900      0.0012873      0.0507406     0.00257461
          91000        1.27462       -1.59664        2.54925
          91100        5.87431       -3.42763        11.7486
          91200        12.5716        -5.0143        25.1432
          91300       0.436571      -0.934421       0.873143
          91400        3.59305       -2.68069         7.1861
          91500        2.58868       -2.27538        5.17736
          91600        4.64932       -3.04937        9.29863
          91700        7.78329       -3.94545        15.5666
          91800        3.05939       -2.47362        6.11878
          91900         2.9284        2.42008        5.85679
          92000        2.98117        2.44179        5.96235
          92100        5.21272        3.22884        10.4254
          92200        4.40867         2.9694        8.81735
          92300       0.143399       0.535536       0.286799
          92400       0.956493       -1.38311        1.91299
          92500       0.524416       -1.02412        1.04883
          92600        7.70214        3.92483        15.4043
          92700       0.572651       -1.07019         1.1453
          92800        4.49218        2.99739        8.98436
          92900        2.80981        2.37058        5.61963
          93000       0.868759        1.31815        1.73752
          93100        11.6699        4.83112        23.3397
          93200         31.338        7.91681        62.6759
          93300        2.73613        2.33928        5.47225
          93400     0.00406583      0.0901758     0.00813167
          93500       0.790941       -1.25773        1.58188
          93600         1.5192         1.7431        3.03839
          93700         3.1731        2.51917        6.34619
          93800        6.26921        3.54096        12.5384
          93900       0.684237        1.16982        1.36847
          94000        5.33873       -3.26764        10.6775
          94100        28.1769       -7.50692        56.3539
          94200        21.7628        -6.5974        43.5257
          94300        26.6512       -7.30085        53.3024
          94400        13.3264       -5.16263        26.6527
          94500        17.8473       -5.97449        35.6945
          94600        6.84814       -3.70085        13.6963
          94700      0.0216987       0.208321      0.0433975
          94800       0.843708       -1.29901        1.68742
          94900        4.86066        -3.1179        9.72133
          95000        2.48563       -2.22963        4.97127
          95100        30.8712       -7.85763        61.7423
          95200        30.3248       -7.78779        60.6496
          95300        29.9326       -7.73727        59.8653
          95400         36.195       -8.50823          72.39
          95500        27.6413       -7.43523        55.2826
          95600        1.29716       -1.61069        2.59433
          95700       0.210129       0.648274       0.420259
          95800       0.488428        0.98836       0.976856
          95900     0.00452566     -0.0951385     0.00905133
          96000        2.59502        2.27816        5.19003
          96100        0.49314       0.993117       0.986281
          96200       0.432347      -0.929889       0.864693
          96300       0.537133        1.03647        1.07427
          96400        19.9865        6.32242         39.973
          96500        8.46371         4.1143        16.9274
          96600        7.25568        3.80938        14.5114
          96700        8.49009         4.1207        16.9802
          96800      0.0415315      -0.288206       0.083063
          96900      0.0710632      -0.376996       0.142126
          97000        1.41997        1.68521        2.83993
          97100        3.23624        2.54411        6.47248
          97200       0.252386      -0.710473       0.504772
          97300       0.678357        1.16478        1.35671
          97400        1.97993       -1.98994        3.95987
          97500        1.54749       -1.75925        3.09498
          97600       0.141407      -0.531803       0.282814
          97700       0.842905        1.29839        1.68581
          97800        7.17603        3.78841        14.3521
          97900        14.0523        5.30138        28.1047
          98000        6.40403        3.57883        12.8081
          98100        2.62534        2.29144        5.25068
          98200        3.68426        -2.7145        7.36852
          98300     0.00486419     -0.0986326     0.00972838
          98400      0.0776671      -0.394125       0.155334
          98500        2.40676        2.19397        4.81351
          98600        1.57352        1.77399        3.14705
          98700       0.322504       0.803124       0.645009
          98800        1.83564        1.91606        3.67128
          98900        4.04827       -2.84544        8.09654
          99000        0.76065       -1.23341         1.5213
          99100         7.8042        3.95075        15.6084
          99200        0.21992       0.663205       0.439841
          99300      0.0928375         0.4309       0.185675
          99400      0.0500175      -0.316283       0.100035
          99500        7.68661       -3.92087        15.3732
          99600        4.08647       -2.85884        8.17294
          99700        0.25219      -0.710197        0.50438
          99800     0.00243977      0.0698537     0.00487954
          99900       0.142298       0.533476       0.284597
         100000        3.47412        2.63595        6.94824
