              0        2.74265       -2.34207         5.4853
            100       0.227549       -0.67461       0.455099
            200        14.7333       -5.42831        29.4666
            300        4.07994       -2.85655        8.15988
            400         2.6535       -2.30369        5.30701
            500         2.6115        2.28539          5.223
            600      0.0818557       0.404613       0.163711
            700        13.3628       -5.16968        26.7256
            800        4.95961        3.14948        9.91921
            900       0.677758       -1.16427        1.35552
           1000       0.195937       0.625999       0.391875
           1100        14.0274        5.29668        28.0548
           1200      0.0291054       0.241269      0.0582108
           1300       0.115539      -0.480706       0.231078
           1400         3.0241        2.45931        6.04819
           1500       0.933869        1.36665        1.86774
           1600        46.1698        9.60935        92.3396
           1700       0.758002       -1.23126          1.516
           1800        1.51106        1.73842        3.02211
           1900        1.31505        1.62176        2.63011
           2000        22.8129        6.75469        45.6258
           2100        9.79774        4.42668        19.5955
           2200        1.52673       -1.74741        3.05345
           2300        4.48412        -2.9947        8.96823
           2400       0.334254       0.817624       0.668509
           2500        2.15664       -2.07684        4.31328
           2600       0.141573       0.532115       0.283147
           2700        4.26825        2.92173        8.53649
           2800        3.30032        2.56917        6.60064
           2900    0.000777474     -0.0394328     0.00155495
           3000        43.5755       -9.33547        87.1509
           3100        21.4877        6.55556        42.9753
           3200        8.71694       -4.17539        17.4339
           3300        4.44557         2.9818        8.89114
           3400        3.10181       -2.49071        6.20362
           3500        2.61867        2.28853        5.23735
           3600        2.85171       -2.38818        5.70342
           3700        9.20607       -4.29094        18.4121
           3800     0.00997882       0.141271      0.0199576
           3900       0.403593       0.898436       0.807186
           4000        1.01072       -1.42177        2.02143
           4100        4.13993        2.87748        8.27987
           4200        38.7121        8.79911        77.4243
           4300        16.1325        5.68022        32.2649
           4400       0.166681      -0.577375       0.333362
           4500        5.80997         3.4088        11.6199
           4600        20.1326        6.34549        40.2653
           4700        6.11084       -3.49595        12.2217
           4800        31.7858        7.97318        63.5716
           4900        3.73562        2.73336        7.47123
           5000        0.71586        1.19655        1.43172
           5100        12.0867       -4.91664        24.1733
           5200       0.290198      -0.761837       0.580395
           5300       0.128552       0.507054       0.257104
           5400      0.0117222      -0.153115      0.0234444
           5500      0.0617441       0.351409       0.123488
           5600        15.3111        5.53373        30.6222
           5700        1.61666        1.79814        3.23332
           5800        3.78131       -2.75002        7.56262
           5900        22.5892        6.72149        45.1784
           6000       0.330642      -0.813193       0.661283
           6100        8.22298        4.05536         16.446
           6200      0.0485326       0.311553      0.0970651
           6300         2.3476       -2.16684         4.6952
           6400       0.998974        1.41349        1.99795
           6500        5.15839       -3.21197        10.3168
           6600        0.26559       -0.72882       0.531179
           6700       0.349456       -0.83601       0.698912
           6800        23.3444       -6.83292        46.6888
           6900      0.0197046       0.198517      0.0394092
           7000        1.91993       -1.95956        3.83986
           7100        4.83096       -3.10836        9.66192
           7200          3.344       -2.58612          6.688
           7300        2.69018       -2.31956        5.38036
           7400       0.530102        1.02966         1.0602
           7500      0.0998436      -0.446864       0.199687
           7600        8.81869        4.19969        17.6374
           7700      0.0263387      -0.229516      0.0526774
           7800        10.0002       -4.47217        20.0003
           7900         5.9286       -3.44343        11.8572
           8000      0.0313881       0.250552      0.0627762
           8100        4.24511         2.9138        8.49023
           8200      0.0602794      -0.347216       0.120559
           8300      0.0153006      -0.174932      0.0306012
           8400      0.0908706      -0.426311       0.181741
           8500        1.90438        1.95161        3.80877
           8600        1.84672        1.92183        3.69345
           8700        16.6267       -5.76657        33.2534
           8800      0.0635199      -0.356427        0.12704
           8900        1.06717        1.46094        2.13434
           9000       0.274095       0.740399       0.548191
           9100        14.4737       -5.38027        28.9473
           9200        9.63041        4.38872        19.2608
           9300         0.3202       0.800249       0.640399
           9400     1.1012e-05     0.00469297     2.2024e-05
           9500        8.92357       -4.22459        17.8471
           9600        0.39878      -0.893063       0.797561
           9700        0.99086       -1.40774        1.98172
           9800        12.5053        5.00106        25.0106
           9900        2.19375       -2.09464         4.3875
          10000       0.633684        1.12577        1.26737
          10100        15.6131        5.58804        31.2262
          10200       0.764667       -1.23666        1.52933
          10300        1.59498       -1.78605        3.18997
          10400       0.828278       -1.28707        1.65656
          10500       0.174114      -0.590109       0.348229
          10600        9.34142       -4.32237        18.6828
          10700        8.16465       -4.04095        16.3293
          10800        0.62742         1.1202        1.25484
          10900      0.0600341       0.346508       0.120068
          11000        26.2603       -7.24711        52.5206
          11100     0.00389721      -0.088286     0.00779442
          11200       0.152655      -0.552548       0.305309
          11300       0.237324       0.688947       0.474648
          11400         1.6632        1.82384         3.3264
          11500       0.700395        1.18355        1.40079
          11600        5.17372       -3.21674        10.3474
          11700        2.10683       -2.05272        4.21366
          11800       0.789945       -1.25694        1.57989
          11900       0.206733       0.643014       0.413467
          12000        10.5038        -4.5834        21.0075
          12100       0.608355        1.10305        1.21671
          12200        0.33661         0.8205        0.67322
          12300        2.87389       -2.39745        5.74778
          12400        0.17375      -0.589491       0.347499
          12500        5.31914        3.26164        10.6383
          12600        0.45995      -0.959114         0.9199
          12700        2.69163       -2.32019        5.38327
          12800       0.847585        1.30199        1.69517
          12900        2.56103        -2.2632        5.12206
          13000          17.14       -5.85491          34.28
          13100        4.80395       -3.09966         9.6079
          13200        7.16162         3.7846        14.3232
          13300         14.204       -5.32992        28.4081
          13400        11.6025        4.81717        23.2051
          13500        7.36423       -3.83777        14.7285
          13600        6.64266        -3.6449        13.2853
          13700        2.73492        2.33877        5.46983
          13800        4.46218        2.98737        8.92436
          13900        8.91498       -4.22255          17.83
          14000       0.489785       0.989732       0.979569
          14100       0.501479       -1.00148        1.00296
          14200       0.131545       0.512922       0.263089
          14300        1.96536        -1.9826        3.93072
          14400     0.00658481       0.114759      0.0131696
          14500       0.348493      -0.834857       0.696986
          14600       0.208761      -0.646159       0.417521
          14700       0.070336       0.375063       0.140672
          14800        13.5591        5.20751        27.1182
          14900        18.4423        6.07327        36.8846
          15000        2.81666       -2.37346        5.63332
          15100        2.42465       -2.20211        4.84931
          15200        1.51519         1.7408        3.03038
          15300       0.865273        -1.3155        1.73055
          15400        1.23047       -1.56874        2.46093
          15500       0.189209       0.615158       0.378419
          15600        7.40639        3.84874        14.8128
          15700       0.620155       -1.11369        1.24031
          15800        1.42356        1.68734        2.84712
          15900        11.7761       -4.85307        23.5523
          16000       0.184467        -0.6074       0.368934
          16100       0.563243        1.06136        1.12649
          16200        17.2373         5.8715        34.4745
          16300        0.15687      -0.560125        0.31374
          16400       0.253056      -0.711415       0.506111
          16500        8.38052       -4.09402         16.761
          16600       0.610625         1.1051        1.22125
          16700        1.54119        1.75567        3.08237
          16800      0.0583481       0.341608       0.116696
          16900     0.00750934      -0.122551      0.0150187
          17000       0.420691       0.917269       0.841382
          17100        4.98828        3.15857        9.97656
          17200       0.343595      -0.828969       0.687189
          17300       0.182966      -0.604923       0.365931
          17400        14.7997       -5.44054        29.5994
          17500       0.315659       0.794555       0.631318
          17600        2.43439        2.20653        4.86878
          17700        8.55975        4.13757        17.1195
          17800       0.754895       -1.22874        1.50979
          17900        1.61125       -1.79513         3.2225
          18000        15.1549       -5.50543        30.3097
          18100        15.9505       -5.64811        31.9011
          18200       0.014549      -0.170582      0.0290981
          18300        3.40852        2.61095        6.81704
          18400        3.86974        2.78199        7.73947
          18500     0.00563081       0.106121      0.0112616
          18600        1.82236        1.90912        3.64473
          18700        6.09754        3.49215        12.1951
          18800        1.37387        1.65763        2.74773
          18900      0.0278702       0.236094      0.0557404
          19000       0.813142        1.27526        1.62628
          19100        4.37179       -2.95695        8.74358
          19200        10.7792        -4.6431        21.5584
          19300      0.0230383      -0.214655      0.0460766
          19400        7.70687       -3.92603        15.4137
          19500        1.71781        1.85354        3.43562
          19600       0.450782      -0.949507       0.901564
          19700       0.233433      -0.683277       0.466867
          19800        1.61729        1.79849        3.23458
          19900        2.69454       -2.32144        5.38907
          20000         9.2204        4.29428        18.4408
          20100      0.0346024      -0.263068      0.0692049
          20200       0.456727      -0.955748       0.913453
          20300        15.0834       -5.49243        30.1668
          20400        3.05967        2.47373        6.11934
          20500        4.20172       -2.89887        8.40344
          20600        1.07907       -1.46906        2.15814
          20700        5.98913        3.46096        11.9783
          20800       0.746047        1.22151        1.49209
          20900        12.1339       -4.92623        24.2678
          21000       0.498237      -0.998235       0.996473
          21100        6.35851       -3.56609         12.717
          21200       0.313049      -0.791264       0.626098
          21300        4.48114        2.99371        8.96228
          21400      0.0663283      -0.364221       0.132657
          21500       0.403339      -0.898152       0.806677
          21600        1.15755        1.52154         2.3151
          21700       0.527253        1.02689        1.05451
          21800        2.84335        2.38468        5.68671
          21900      0.0030027      0.0774946     0.00600541
          22000       0.765297       -1.23717        1.53059
          22100        6.64282       -3.64495        13.2856
          22200     0.00837254       0.129403      0.0167451
          22300        5.57031       -3.33776        11.1406
          22400        12.0005       -4.89907        24.0009
          22500       0.830157        1.28853        1.66031
          22600     0.00711768       0.119312      0.0142354
          22700        3.83636       -2.76997        7.67271
          22800      0.0437504       0.295805      0.0875009
          22900       0.365055      -0.854465       0.730111
          23000     0.00176107      0.0593476     0.00352214
          23100       0.850147        1.30395        1.70029
          23200       0.114677      -0.478909       0.229353
          23300          2.497        2.23473        4.99401
          23400        3.81336       -2.76165        7.62673
          23500        2.16593       -2.08131        4.33186
          23600       0.050093       0.316522       0.100186
          23700        2.00382        2.00191        4.00763
          23800        7.55996       -3.88843        15.1199
          23900        15.0735        5.49062        30.1469
          24000        9.28081        4.30832        18.5616
          24100      0.0528675       0.325169       0.105735
          24200      0.0407457       0.285467      0.0814913
          24300        0.62489       -1.11794        1.24978
          24400       0.756247       -1.22984        1.51249
          24500       0.664236        1.15259        1.32847
          24600        5.77298        3.39794         11.546
          24700        25.9571        7.20514        51.9141
          24800       0.719781       -1.19982        1.43956
          24900         2.1068       -2.05271        4.21361
          25000      0.0161037      -0.179464      0.0322075
          25100      0.0753616       0.388231       0.150723
          25200        7.33755        3.83081        14.6751
          25300        1.85442        1.92583        3.70883
          25400       0.293667       0.766377       0.587333
          25500      0.0415239       -0.28818      0.0830479
          25600         5.8402       -3.41766        11.6804
          25700        14.5358       -5.39182        29.0717
          25800         1.5119        1.73891        3.02381
          25900        1.88986       -1.94415        3.77972
          26000        16.8573        5.80642        33.7145
          26100       0.230115      -0.678402       0.460229
          26200       0.011724      -0.153128       0.023448
          26300        1.99284        1.99642        3.98567
          26400      0.0142722       0.168951      0.0285445
          26500        5.12502        3.20157          10.25
          26600       0.877764       -1.32496        1.75553
          26700      0.0342221       0.261618      0.0684442
          26800        4.26791        2.92161        8.53582
          26900        1.28195        1.60122         2.5639
          27000        1.56904        1.77146        3.13808
          27100        1.95343       -1.97658        3.90686
          27200         3.8949       -2.79102         7.7898
          27300       0.339621       0.824161       0.679242
          27400       0.113311       0.476049       0.226623
          27500        3.08092        2.48231        6.16185
          27600       0.793335        1.25963        1.58667
          27700        1.57629        1.77555        3.15258
          27800      0.0313428      -0.250371      0.0626856
          27900       0.536541        -1.0359        1.07308
          28000       0.197236       -0.62807       0.394472
          28100      0.0415206       0.288169      0.0830412
          28200        13.4084        -5.1785        26.8168
          28300     0.00144403     -0.0537407     0.00288807
          28400         1.0027        1.41612         2.0054
          28500        10.5477        4.59297        21.0954
          28600        15.2899        5.52991        30.5799
          28700        10.2305       -4.52338         20.461
          28800     0.00808536       0.127164      0.0161707
          28900        2.42816       -2.20371        4.85633
          29000        9.70234       -4.40507        19.4047
          29100         1.4311        -1.6918         2.8622
          29200        2.28061        -2.1357        4.56122
          29300       0.014634      -0.171079       0.029268
          29400       0.521703       -1.02147        1.04341
          29500        1.54454       -1.75758        3.08907
          29600        5.67928        3.37025        11.3586
          29700     0.00728479       0.120705      0.0145696
          29800        1.12362        1.49908        2.24724
          29900       0.289053      -0.760332       0.578105
          30000        17.2894       -5.88037        34.5787
          30100       0.030442      -0.246747      0.0608839
          30200      0.0437743      -0.295886      0.0875486
          30300       0.473603      -0.973245       0.947207
          30400        16.2418       -5.69943        32.4835
          30500       0.458696       0.957806       0.917393
          30600        1.09036        1.47672        2.18071
          30700       0.489995       0.989945       0.979991
          30800         3.3385       -2.58399        6.67699
          30900     0.00787295       0.125483      0.0157459
          31000        5.54734        3.33087        11.0947
          31100        5.92067       -3.44112        11.8413
          31200        1.10148       -1.48424        2.20296
          31300        11.7419       -4.84601        23.4838
          31400        4.20708        2.90072        8.41416
          31500        17.0464        -5.8389        34.0928
          31600        27.7899        7.45518        55.5797
          31700        2.39266       -2.18754        4.78532
          31800        8.61261       -4.15033        17.2252
          31900       0.479572      -0.979359       0.959144
          32000        1.69999       -1.84391        3.39999
          32100       0.703876        1.18649        1.40775
          32200         4.3706        2.95655         8.7412
          32300       0.821975        1.28217        1.64395
          32400        12.5312       -5.00623        25.0623
          32500       0.268353       0.732603       0.536707
          32600        2.52185        2.24582         5.0437
          32700        7.88218       -3.97044        15.7644
          32800        6.26971         3.5411        12.5394
          32900     0.00624632      -0.111771      0.0124926
          33000        5.08651        3.18952         10.173
          33100       0.294067      -0.766899       0.588134
          33200      0.0055465       0.105323       0.011093
          33300       0.930383         1.3641        1.86077
          33400     0.00303442     -0.0779028     0.00606884
          33500      0.0582904       0.341439       0.116581
          33600        1.54901        1.76012        3.09802
          33700        5.09303        3.19156        10.1861
          33800       0.166532       0.577117       0.333063
          33900        2.13606        2.06691        4.27212
          34000        1.33501       -1.63402        2.67002
          34100        2.43817        2.20824        4.87634
          34200        8.74777       -4.18277        17.4955
          34300      0.0215167       0.207445      0.0430335
          34400        3.24863        2.54897        6.49725
          34500        6.86769       -3.70613        13.7354
          34600       0.213346       0.653217       0.426693
          34700      0.0178254       0.188814      0.0356507
          34800        2.17876       -2.08747        4.35752
          34900        5.25647       -3.24237        10.5129
          35000       0.309106      -0.786264       0.618211
          35100        7.09062         3.7658        14.1812
          35200        15.8778       -5.63521        31.7556
          35300         3.1915       -2.52646        6.38301
          35400        39.7659        8.91806        79.5319
          35500       0.103509       0.454991       0.207017
          35600      0.0258155      -0.227225      0.0516311
          35700      0.0954481      -0.436917       0.190896
          35800        5.65598       -3.36333         11.312
          35900        1.52068        1.74395        3.04137
          36000        2.01464        2.00731        4.02929
          36100        4.81147        3.10209        9.62293
          36200        8.73862       -4.18058        17.4772
          36300        8.01631       -4.00408        16.0326
          36400     0.00787646       0.125511      0.0157529
          36500       0.387426      -0.880257       0.774852
          36600     0.00169565     -0.0582349      0.0033913
          36700        6.84488        3.69997        13.6898
          36800        8.20123           4.05        16.4025
          36900        3.71817       -2.72696        7.43633
          37000       0.158478       0.562989       0.316957
          37100        26.0902        -7.2236        52.1804
          37200        28.1598        7.50464        56.3196
          37300        1.77651        1.88494        3.55301
          37400        1.46381        1.71103        2.92761
          37500        3.05645        2.47243         6.1129
          37600        8.85421        4.20814        17.7084
          37700        0.22157       0.665688        0.44314
          37800       0.254934       0.714051       0.509868
          37900       0.279696       0.747925       0.559392
          38000        1.94054       -1.97005        3.88109
          38100      0.0193991       0.196973      0.0387983
          38200       0.498708       0.998707       0.997415
          38300        1.42869       -1.69038        2.85738
          38400       0.485361       0.985252       0.970722
          38500        27.6825        7.44077         55.365
          38600        25.4198       -7.13019        50.8396
          38700        1.11556        1.49369        2.23112
          38800        2.86041        2.39182        5.72082
          38900       0.930824       -1.36442        1.86165
          39000        1.68396       -1.83519        3.36792
          39100        7.06794        3.75977        14.1359
          39200        34.0866         8.2567        68.1732
          39300       0.311346      -0.789108       0.622691
          39400        60.5202       -11.0018         121.04
          39500        10.7988        4.64733        21.5977
          39600       0.874029       -1.32214        1.74806
          39700        11.6945       -4.83622        23.3891
          39800        3.95321       -2.81183        7.90641
          39900        9.28476        4.30924        18.5695
          40000        7.14176       -3.77936        14.2835
          40100        7.09111        3.76593        14.1822
          40200       0.777644        1.24711        1.55529
          40300      0.0228165       0.213619      0.0456331
          40400        8.81553       -4.19894        17.6311
          40500        3.99939        2.82821        7.99878
          40600        1.28679       -1.60424        2.57358
          40700          11.47        4.78957          22.94
          40800        2.63805       -2.29698        5.27611
          40900       0.324236      -0.805278       0.648473
          41000         0.3954        0.88927       0.790801
          41100       0.235787      -0.686713       0.471575
          41200        1.23355         1.5707        2.46709
          41300        5.19999         3.2249           10.4
          41400        3.77949        2.74936        7.55899
          41500        2.54487        2.25605        5.08974
          41600        28.9584        7.61031        57.9168
          41700        21.9265        6.62215        43.8529
          41800        6.18437        3.51692        12.3687
          41900        2.65118       -2.30268        5.30235
          42000        1.41339         1.6813        2.82678
          42100      0.0429015      -0.292921      0.0858029
          42200       0.118394       0.486609       0.236789
          42300        8.06237       -4.01556        16.1247
          42400       0.616119        1.11006        1.23224
          42500        11.0187       -4.69441        22.0375
          42600        4.71257        3.07004        9.42513
          42700        1.47411        1.71704        2.94822
          42800        1.27961       -1.59976        2.55923
          42900       0.416833       0.913053       0.833665
          43000        3.89902         2.7925        7.79804
          43100        10.5915        4.60249        21.1829
          43200        1.69438        1.84086        3.38877
          43300        1.59188       -1.78431        3.18376
          43400        28.9844       -7.61372        57.9688
          43500       0.951492        1.37949        1.90298
          43600        1.82385         1.9099         3.6477
          43700        7.90743        3.97679        15.8149
          43800        1.79197       -1.89313        3.58395
          43900       0.528938        1.02853        1.05788
          44000        28.0512        7.49016        56.1025
          44100        2.09787        2.04835        4.19574
          44200        7.57434        3.89213        15.1487
          44300          3.569        -2.6717        7.13799
          44400       0.160377       0.566351       0.320754
          44500        1.57683       -1.77586        3.15366
          44600        1.60459       -1.79142        3.20917
          44700       0.934452       -1.36708         1.8689
          44800       0.167422       0.578657       0.334844
          44900       0.454317       0.953223       0.908634
          45000        3.01081         2.4539        6.02162
          45100        15.3223        5.53576        30.6446
          45200        4.48102        2.99367        8.96204
          45300        16.4192       -5.73048        32.8384
          45400        6.95099        3.72854         13.902
          45500        3.64982        2.70178        7.29964
          45600        1.30317       -1.61442        2.60635
          45700        12.2249       -4.94467        24.4497
          45800        4.47864        2.99287        8.95727
          45900        2.70818        2.32731        5.41636
          46000    0.000305849     -0.0247325    0.000611699
          46100       0.256388      -0.716083       0.512775
          46200        1.27629       -1.59768        2.55257
          46300        5.40517        3.28791        10.8103
          46400       0.915145        1.35288        1.83029
          46500       0.307859       0.784677       0.615718
          46600        19.3623       -6.22292        38.7247
          46700      0.0161499       0.179722      0.0322999
          46800        4.68168       -3.05996        9.36336
          46900        3.95119        2.81112        7.90238
          47000        1.78415          1.889        3.56831
          47100        1.65131       -1.81731        3.30261
          47200       0.610072        -1.1046        1.22014
          47300        11.6443        4.82583        23.2887
          47400       0.982671        1.40191        1.96534
          47500         16.783       -5.79361        33.5659
          47600       0.217913       0.660171       0.435825
          47700        6.69931       -3.66041        13.3986
          47800        8.68073       -4.16671        17.3615
          47900      0.0223169      -0.211267      0.0446339
          48000        3.83222       -2.76847        7.66444
          48100        4.22775       -2.90783         8.4555
          48200         1.1472       -1.51473         2.2944
          48300       0.150013      -0.547746       0.300026
          48400        10.7118       -4.62856        21.4236
          48500        1.28081         1.6005        2.56161
          48600        8.88994        4.21662        17.7799
          48700        1.88578       -1.94205        3.77156
          48800        6.02009        -3.4699        12.0402
          48900        5.46244        3.30528        10.9249
          49000        2.13506        2.06643        4.27013
          49100         20.764       -6.44423        41.5281
          49200      0.0291533       0.241468      0.0583066
          49300       0.965049       -1.38928         1.9301
          49400        1.92633       -1.96282        3.85266
          49500        5.19396       -3.22303        10.3879
          49600        2.31463       -2.15157        4.62926
          49700        14.5857       -5.40106        29.1714
          49800      0.0555839      -0.333418       0.111168
          49900        1.91214       -1.95558        3.82428
          50000         1.4923        -1.7276        2.98461
          50100        27.5701       -7.42565        55.1402
          50200        7.47895        3.86754        14.9579
          50300       0.594502        1.09041          1.189
          50400         2.5878         -2.275         5.1756
          50500       0.665989        1.15411        1.33198
          50600       0.498461       -0.99846       0.996923
          50700        30.8569       -7.85582        61.7139
          50800        1.68637         1.8365        3.37273
          50900        16.5515        5.75351        33.1029
          51000         5.2226         3.2319        10.4452
          51100        9.50686       -4.36047        19.0137
          51200        11.7064       -4.83869        23.4129
          51300       0.598713       -1.09427        1.19743
          51400       0.844598       -1.29969         1.6892
          51500        1.45995       -1.70877         2.9199
          51600       0.449842       0.948516       0.899683
          51700        5.41015        3.28942        10.8203
          51800        2.10724        2.05292        4.21448
          51900        15.1615        5.50663         30.323
          52000       0.988815        1.40628        1.97763
          52100        7.55912       -3.88822        15.1182
          52200        6.87409        3.70785        13.7482
          52300         1.8013       -1.89805        3.60259
          52400        1.33487       -1.63393        2.66973
          52500        2.25884       -2.12548        4.51768
          52600      0.0507266      -0.318517       0.101453
          52700       0.730806        1.20897        1.46161
          52800        9.34748        4.32377         18.695
          52900         10.189       -4.51419        20.3779
          53000        2.70853       -2.32746        5.41706
          53100        3.42023        2.61543        6.84046
          53200        2.11199        2.05523        4.22399
          53300         9.7784        4.42231        19.5568
          53400        3.54934       -2.66433        7.09868
          53500       0.784741        1.25279        1.56948
          53600       0.861973        1.31299        1.72395
          53700       0.652849       -1.14267         1.3057
          53800       0.208612      -0.645929       0.417225
          53900        2.96721        2.43607        5.93443
          54000       0.897225       -1.33957        1.79445
          54100          9.602        4.38224         19.204
          54200        7.26917        3.81292        14.5383
          54300       0.829753        1.28822        1.65951
          54400        6.47053       -3.59737        12.9411
          54500        3.05777        2.47296        6.11553
          54600       0.428954       0.926233       0.857907
          54700       0.674546        -1.1615        1.34909
          54800        1.37275       -1.65695        2.74549
          54900       0.119939       0.489774       0.239879
          55000    0.000557603      0.0333947     0.00111521
          55100      0.0389551      -0.279124      0.0779102
          55200        5.75493        3.39262        11.5099
          55300          16.06       -5.66744        32.1199
          55400       0.236344      -0.687523       0.472688
          55500        6.50719        3.60754        13.0144
          55600        4.17303       -2.88895        8.34605
          55700       0.375887       0.867049       0.751774
          55800        1.75677       -1.87444        3.51353
          55900        7.87856       -3.96952        15.7571
          56000        2.36572        2.17519        4.73144
          56100       0.620769        1.11424        1.24154
          56200        3.29947       -2.56884        6.59894
          56300       0.316308       0.795372       0.632616
          56400        3.20788       -2.53294        6.41577
          56500        3.50251         2.6467        7.00503
          56600        2.46618        2.22089        4.93236
          56700        7.21335        3.79825        14.4267
          56800        9.34425       -4.32302        18.6885
          56900        1.67417        1.82985        3.34834
          57000        13.0502        5.10886        26.1004
          57100       0.179421      -0.599033       0.358841
          57200        1.41772       -1.68388        2.83545
          57300       0.834345        1.29178        1.66869
          57400        5.70728        3.37854        11.4146
          57500        1.91919       -1.95918        3.83838
          57600        2.09178        2.04538        4.18357
          57700      0.0894255      -0.422908       0.178851
          57800       0.381421      -0.873408       0.762842
          57900        15.7964        5.62074        31.5927
          58000        5.03115       -3.17211        10.0623
          58100      0.0930341      -0.431356       0.186068
          58200        4.50095        3.00032         9.0019
          58300      0.0217451       0.208543      0.0434902
          58400        5.66116       -3.36486        11.3223
          58500     0.00617634      -0.111143      0.0123527
          58600        11.0057       -4.69164        22.0115
          58700       0.221627       0.665774       0.443255
          58800      0.0825137       0.406236       0.165027
          58900        12.8915        -5.0777         25.783
          59000        9.95913        4.46299        19.9183
          59100        1.72086       -1.85519        3.44172
          59200        16.2011        5.69229        32.4022
          59300       0.647299         1.1378         1.2946
          59400        14.9352        5.46538        29.8704
          59500       0.891451       -1.33525         1.7829
          59600      0.0021252      -0.065195     0.00425039
          59700        4.57105        3.02359         9.1421
          59800        12.9851         5.0961        25.9702
          59900        4.97125        3.15317        9.94251
          60000        19.8012        6.29305        39.6024
          60100        2.82656        2.37763        5.65313
          60200        3.03957       -2.46559        6.07913
          60300       0.431163      -0.928615       0.862325
          60400        2.77259        2.35482        5.54518
          60500    0.000339394      0.0260536    0.000678788
          60600       0.258871      -0.719543       0.517743
          60700        1.05644        1.45358        2.11289
          60800        1.93239        1.96591        3.86478
          60900        12.9854       -5.09616        25.9709
          61000        7.13112        3.77654        14.2622
          61100          1.758        -1.8751          3.516
          61200        3.07151        2.47851        6.14301
          61300        1.27483       -1.59677        2.54966
          61400        10.1916        4.51478        20.3832
          61500        5.07291       -3.18525        10.1458
          61600       0.085663      -0.413915       0.171326
          61700        3.20977       -2.53368        6.41955
          61800       0.066398      -0.364412       0.132796
          61900        2.29486        2.14237        4.58973
          62000       0.754635        1.22852        1.50927
          62100       0.882267       -1.32836        1.76453
          62200       0.431285      -0.928747       0.862571
          62300        1.81631        1.90594        3.63261
          62400        10.1463        4.50472        20.2925
          62500        1.48556       -1.72369        2.97111
          62600        0.10682       0.462213       0.213641
          62700       0.151182      -0.549876       0.302364
          62800       0.488159      -0.988088       0.976319
          62900        5.93162       -3.44431        11.8632
          63000     0.00981623       0.140116      0.0196325
          63100        16.0959       -5.67378        32.1918
          63200        18.4999        6.08274        36.9997
          63300        4.18182       -2.89199        8.36363
          63400        10.0917        4.49258        20.1833
          63500        14.1573        5.32115        28.3146
          63600        10.2051        4.51777        20.4103
          63700        4.45717       -2.98569        8.91434
          63800        2.10469       -2.05168        4.20937
          63900       0.406762      -0.901956       0.813525
          64000        3.54578          2.663        7.09156
          64100        4.73187        3.07632        9.46374
          64200        5.73987        3.38818        11.4797
          64300        5.03374       -3.17293        10.0675
          64400        5.90623        3.43693        11.8125
          64500         6.0797       -3.48703        12.1594
          64600        15.9974        5.65639        31.9947
          64700       0.971557       -1.39396        1.94311
          64800        4.71764        3.07169        9.43527
          64900        7.58997        3.89614        15.1799
          65000         3.9596       -2.81411         7.9192
          65100        1.17411       -1.53239        2.34821
          65200        1.11596       -1.49396        2.23192
          65300        2.67325        2.31225        5.34651
          65400        21.7128       -6.58981        43.4256
          65500       0.334214      -0.817575       0.668428
          65600        19.4993       -6.24489        38.9986
          65700        9.72767       -4.41082        19.4553
          65800      0.0158763      -0.178193      0.0317526
          65900        11.5357       -4.80328        23.0715
          66000        7.52567         3.8796        15.0513
          66100        4.64012       -3.04635        9.28024
          66200        9.17512       -4.28372        18.3502
          66300        1.69219        1.83967        3.38438
          66400       0.265963      -0.729333       0.531927
          66500        16.9512        5.82257        33.9023
          66600        17.3842        5.89647        34.7684
          66700        2.30235        2.14586        4.60471
          66800       0.103895        0.45584        0.20779
          66900        1.33807       -1.63589        2.67614
          67000        3.62747         2.6935        7.25495
          67100       0.318756       0.798444       0.637513
          67200       0.261518      -0.723213       0.523036
          67300       0.572972       -1.07049        1.14594
          67400        3.79841        2.75623        7.59682
          67500         4.9712       -3.15316         9.9424
          67600       0.136625       0.522734       0.273251
          67700        22.2827       -6.67573        44.5654
          67800        14.1828        5.32594        28.3657
          67900        1.24452       -1.57767        2.48905
          68000       0.416605       0.912804       0.833211
          68100        4.26948        2.92215        8.53895
          68200       0.278112      -0.745804       0.556223
          68300        13.4506       -5.18664        26.9012
          68400        3.08184        2.48267        6.16367
          68500       0.419827       0.916326       0.839654
          68600         44.003       -9.38115         88.006
          68700        6.01768         3.4692        12.0354
          68800        1.88087        1.93952        3.76174
          68900        1.46462        -1.7115        2.92924
          69000    4.25719e-05    -0.00922733    8.51437e-05
          69100       0.686342        1.17162        1.37268
          69200        3.22237       -2.53865        6.44474
          69300      0.0548358      -0.331167       0.109672
          69400        1.35941        1.64888        2.71882
          69500       0.660358        1.14922        1.32072
          69600       0.175647        -0.5927       0.351293
          69700    0.000219981      0.0209753    0.000439961
          69800        6.76608        3.67861        13.5322
          69900        29.3106        7.65645        58.6213
          70000       0.251346       0.709007       0.502691
          70100        14.8233        5.44486        29.6465
          70200       0.702227        -1.1851        1.40445
          70300       0.277065         0.7444       0.554131
          70400        0.16173      -0.568735       0.323459
          70500        3.09068        2.48624        6.18136
          70600        7.24457        3.80646        14.4891
          70700        4.33445        -2.9443         8.6689
          70800        2.54639       -2.25672        5.09279
          70900        1.27048       -1.59404        2.54096
          71000       0.859834       -1.31136        1.71967
          71100        28.5527       -7.55682        57.1055
          71200        6.45299        3.59249         12.906
          71300        22.5087       -6.70949        45.0173
          71400        7.75045       -3.93712        15.5009
          71500        6.44896        3.59137        12.8979
          71600        6.27062        3.54136        12.5412
          71700       0.664539       -1.15286        1.32908
          71800        1.03298       -1.43735        2.06597
          71900         5.9035       -3.43613         11.807
          72000       0.947962       -1.37693        1.89592
          72100       0.388524      -0.881503       0.777048
          72200         5.5245         -3.324         11.049
          72300        3.38362       -2.60139        6.76725
          72400         6.8832        3.71031        13.7664
          72500        2.83595        2.38158         5.6719
          72600       0.164423      -0.573451       0.328846
          72700        15.3062       -5.53286        30.6125
          72800       0.229351      -0.677275       0.458702
          72900        11.8562        4.86953        23.7124
          73000       0.304108      -0.779882       0.608216
          73100         0.2536        0.71218         0.5072
          73200       0.999576       -1.41391        1.99915
          73300        0.39333      -0.886939       0.786661
          73400        7.10971        3.77086        14.2194
          73500        8.36646       -4.09059        16.7329
          73600        12.2146         4.9426        24.4293
          73700       0.113959       0.477407       0.227918
          73800        4.34432       -2.94765        8.68864
          73900        3.89256        2.79018        7.78512
          74000        10.1512        4.50581        20.3023
          74100       0.103573      -0.455133       0.207146
          74200        9.51668       -4.36272        19.0334
          74300        6.37297        3.57015        12.7459
          74400      0.0171219       0.185051      0.0342438
          74500       0.803811        1.26792        1.60762
          74600        0.83249        1.29034        1.66498
          74700        15.4956        5.56697        30.9912
          74800        6.64832       -3.64646        13.2966
          74900        20.0872       -6.33833        40.1744
          75000        0.73798       -1.21489        1.47596
          75100        3.44224        2.62383        6.88448
          75200        13.3494         5.1671        26.6989
          75300        8.30736       -4.07612        16.6147
          75400        1.31864       -1.62397        2.63727
          75500       0.263324      -0.725706       0.526649
          75600        9.42756        4.34225        18.8551
          75700        4.00239        2.82927        8.00478
          75800        10.4965        4.58181         20.993
          75900        14.1524       -5.32023        28.3049
          76000        8.66939       -4.16399        17.3388
          76100       0.687737        1.17281        1.37547
          76200        20.7213       -6.43759        41.4426
          76300        12.6731         5.0345        25.3462
          76400       0.597915        1.09354        1.19583
          76500        3.99348       -2.82612        7.98696
          76600        26.6287        7.29777        53.2575
          76700       0.520209        1.02001        1.04042
          76800        2.34232         2.1644        4.68464
          76900       0.685708       -1.17108        1.37142
          77000        1.75555         1.8738        3.51111
          77100       0.130936       0.511733       0.261871
          77200        3.41153        -2.6121        6.82305
          77300        1.16879        1.52892        2.33758
          77400       0.212514      -0.651942       0.425028
          77500        1.69908        1.84341        3.39816
          77600        9.89435        4.44845        19.7887
          77700      0.0120895      -0.155496       0.024179
          77800        1.27153         1.5947        2.54307
          77900        9.71316       -4.40753        19.4263
          78000    0.000472127      0.0307287    0.000944254
          78100         1.4053        1.67648        2.81059
          78200       0.154732      -0.556295       0.309464
          78300        2.21001        2.10239        4.42003
          78400        13.9922       -5.29002        27.9843
          78500         2.8244        2.37672         5.6488
          78600         4.7301        3.07574        9.46021
          78700        9.70251        4.40511         19.405
          78800        2.65393       -2.30388        5.30786
          78900       0.440957       0.939102       0.881913
          79000        3.82185       -2.76472         7.6437
          79100        16.4229       -5.73113        32.8459
          79200        20.0967       -6.33983        40.1934
          79300        15.6083       -5.58718        31.2166
          79400       0.722271        1.20189        1.44454
          79500        1.64919       -1.81614        3.29837
          79600        10.8609        4.66067        21.7219
          79700      0.0972933       -0.44112       0.194587
          79800        4.15352       -2.88219        8.30703
          79900        13.8534       -5.26373        27.7069
          80000        6.45821       -3.59394        12.9164
          80100        3.96969        2.81769        7.93939
          80200        27.1229        7.36518        54.2459
          80300       0.491729      -0.991695       0.983458
          80400        7.53624        3.88233        15.0725
          80500        7.21547       -3.79881        14.4309
          80600        5.07009        3.18437        10.1402
          80700       0.303156       0.778661       0.606312
          80800        3.67135       -2.70974         7.3427
          80900       0.675522       -1.16234        1.35104
          81000      0.0315707       0.251279      0.0631413
          81100        1.78826        1.89117        3.57651
          81200       0.689241       -1.17409        1.37848
          81300        2.00539       -2.00269        4.01077
          81400        2.81503       -2.37278        5.63007
          81500        3.29644       -2.56766        6.59288
          81600        29.4588        7.67578        58.9177
          81700       0.221817       0.666059       0.443634
          81800      0.0594312       0.344764       0.118862
          81900       0.985499        1.40392          1.971
          82000       0.345788        0.83161       0.691575
          82100       0.684419       -1.16997        1.36884
          82200        8.29826        4.07388        16.5965
          82300        9.23382         4.2974        18.4676
          82400        8.52294       -4.12867        17.0459
          82500        2.24883        2.12077        4.49766
          82600       0.184706       0.607793       0.369412
          82700        4.62657         3.0419        9.25314
          82800         1.3664        1.65312         2.7328
          82900        14.5903       -5.40191        29.1807
          83000        17.4273       -5.90377        34.8545
          83100      0.0816419       0.404084       0.163284
          83200        6.83061       -3.69611        13.6612
          83300        4.62982       -3.04297        9.25964
          83400        7.50645       -3.87465        15.0129
          83500       0.368698      -0.858717       0.737395
          83600        2.08183        -2.0405        4.16366
          83700         1.1936       -1.54505        2.38719
          83800       0.759564        1.23253        1.51913
          83900        3.13077       -2.50231        6.26155
          84000        8.81639        4.19914        17.6328
          84100        8.26646        4.06607        16.5329
          84200        6.64231        3.64481        13.2846
          84300       0.755114       -1.22891        1.51023
          84400     0.00275851     -0.0742766     0.00551702
          84500        5.92393        3.44207        11.8479
          84600        1.01796        1.42686        2.03593
          84700        1.59583        1.78652        3.19166
          84800     0.00224936      0.0670725     0.00449873
          84900        8.34742        4.08593        16.6948
          85000       0.389276      -0.882356       0.778551
          85100        1.37918       -1.66083        2.75836
          85200        2.02443        2.01218        4.04885
          85300        9.11257        4.26909        18.2251
          85400       0.468699      -0.968194       0.937399
          85500       0.202801      -0.636869       0.405602
          85600        3.68809        2.71591        7.37618
          85700         9.5155        4.36245         19.031
          85800        8.45778       -4.11285        16.9156
          85900       0.426022      -0.923062       0.852044
          86000        13.2953        5.15662        26.5907
          86100       0.721051        1.20088         1.4421
          86200        4.82886        3.10769        9.65771
          86300      0.0125039      -0.158139      0.0250079
          86400        17.5132        5.91831        35.0263
          86500        8.05073       -4.01266        16.1015
          86600        3.56857       -2.67154        7.13713
          86700        13.1089       -5.12032        26.2177
          86800        1.98861        -1.9943        3.97721
          86900        1.47709       -1.71877        2.95418
          87000         1.7651        1.87888         3.5302
          87100         4.7721        3.08937        9.54421
          87200      0.0189585      -0.194723       0.037917
          87300      0.0979849       0.442685        0.19597
          87400        19.5676       -6.25582        39.1352
          87500       0.329597       0.811908       0.659194
          87600        5.08849        3.19014         10.177
          87700        47.6538       -9.76256        95.3076
          87800       0.209926       0.647959       0.419851
          87900       0.225246      -0.671187       0.450492
          88000       0.462723      -0.962001       0.925446
          88100       0.135472      -0.520522       0.270944
          88200        4.64753        3.04878        9.29506
          88300         1.3265         1.6288        2.65299
          88400        2.58446        2.27353        5.16892
          88500        13.5731        -5.2102        27.1461
          88600        8.81325       -4.19839        17.6265
          88700        2.84374       -2.38484        5.68747
          88800       0.436207      -0.934031       0.872414
          88900        25.7958       -7.18272        51.5915
          89000       0.669306        1.15698        1.33861
          89100      0.0073658       0.121374      0.0147316
          89200         1.3769       -1.65946        2.75379
          89300        11.8378        4.86576        23.6756
          89400       0.228133       0.675474       0.456265
          89500        12.2444       -4.94862        24.4889
          89600        4.20703         2.9007        8.41406
          89700        9.17861        4.28453        18.3572
          89800        3.86761        2.78123        7.73522
          89900        0.85592       -1.30837        1.71184
          90000        4.97791       -3.15528        9.95581
          90100        1.41124       -1.68003        2.82248
          90200        6.83888       -3.69835        13.6778
          90300        25.0041       -7.07165        50.0083
          90400        20.1916       -6.35478        40.3832
          90500        2.06727       -2.03336        4.13454
          90600        0.23104      -0.679764       0.462079
          90700          10.01       -4.47436        20.0199
          90800     0.00261366     -0.0723002     0.00522732
          90900        6.73183        3.66928        13.4637
          91000        11.4191       -4.77894        22.8382
          91100        1.50052       -1.73235        3.00104
          91200        13.3352       -5.16435        26.6705
          91300        6.35108       -3.56401        12.7022
          91400      0.0340517      -0.260966      0.0681035
          91500        2.94542         2.4271        5.89083
          91600        1.66262        1.82352        3.32524
          91700     0.00152572     -0.0552398     0.00305144
          91800         3.2799       -2.56121         6.5598
          91900        14.0448       -5.29995        28.0895
          92000        4.76548       -3.08722        9.53095
          92100        3.58612         2.6781        7.17224
          92200        5.47108       -3.30789        10.9422
          92300        39.9837        8.94245        79.9673
          92400         9.2153        4.29309        18.4306
          92500         4.2942         2.9306        8.58839
          92600        3.98741        2.82397        7.97482
          92700        10.1668       -4.50929        20.3337
          92800        3.67977       -2.71285        7.35953
          92900        9.56505         4.3738        19.1301
          93000        5.00539        3.16398        10.0108
          93100         9.7691         4.4202        19.5382
          93200        9.27056       -4.30594        18.5411
          93300         1.7517        1.87174         3.5034
          93400       0.825847        1.28518        1.65169
          93500        2.42751       -2.20341        4.85502
          93600        0.30215      -0.777368       0.604301
          93700      0.0556273      -0.333549       0.111255
          93800        9.56285        4.37329        19.1257
          93900      0.0063467       0.112665      0.0126934
          94000      0.0562859      -0.335517       0.112572
          94100        2.24998       -2.12131        4.49996
          94200        7.17425        3.78794        14.3485
          94300        1.02316        -1.4305        2.04633
          94400        7.66848       -3.91624         15.337
          94500      0.0964326      -0.439164       0.192865
          94600         21.963       -6.62767         43.926
          94700        6.23425       -3.53108        12.4685
          94800        9.55975        4.37258        19.1195
          94900        3.12633       -2.50053        6.25266
          95000         1.9885       -1.99424          3.977
          95100       0.895716       -1.33844        1.79143
          95200        2.34701       -2.16657        4.69402
          95300        16.8974       -5.81334        33.7949
          95400        8.05634       -4.01406        16.1127
          95500        1.27714        1.59821        2.55429
          95600        13.5148        5.19901        27.0297
          95700      0.0040305     -0.0897831       0.008061
          95800        1.33808         1.6359        2.67616
          95900       0.896318       -1.33889        1.79264
          96000        13.8372       -5.26065        27.6745
          96100       0.437142      -0.935031       0.874284
          96200        3.43206        2.61995        6.86412
          96300          5.344       -3.26925         10.688
          96400        20.3973        6.38706        40.7946
          96500       0.284053      -0.753727       0.568105
          96600       0.702141        1.18502        1.40428
          96700       0.184254       0.607048       0.368507
          96800       0.432492       0.930045       0.864985
          96900       0.097355        0.44126        0.19471
          97000        30.6405       -7.82821        61.2809
          97100        5.44542        3.30013        10.8908
          97200        5.07583       -3.18617        10.1517
          97300    2.99455e-06    -0.00244726     5.9891e-06
          97400        8.59002        4.14488          17.18
          97500        1.29368       -1.60853        2.58737
          97600        8.21336       -4.05299        16.4267
          97700       0.562956        1.06109        1.12591
          97800       0.733344       -1.21107        1.46669
          97900        3.30912         2.5726        6.61825
          98000        2.67481        2.31293        5.34963
          98100        3.69414        2.71814        7.38828
          98200       0.437097      -0.934984       0.874195
          98300        6.06352        3.48239         12.127
          98400       0.967387        1.39096        1.93477
          98500        20.4879       -6.40123        40.9758
          98600        7.79337          3.948        15.5867
          98700       0.739802       -1.21639         1.4796
          98800        1.12534       -1.50023        2.25069
          98900        16.3558       -5.71941        32.7116
          99000       0.952669       -1.38034        1.90534
          99100        1.66779       -1.82636        3.33557
          99200        0.16617      -0.576489        0.33234
          99300       0.361734       -0.85057       0.723469
          99400        5.97615       -3.45721        11.9523
          99500        3.80564       -2.75886        7.61128
          99600      0.0363731       0.269715      0.0727462
          99700       0.614734       -1.10881        1.22947
          99800       0.303502      -0.779105       0.607005
          99900         9.3059       -4.31414        18.6118
         100000       0.343675       0.829066        0.68735
