              0              0              0              0
            100      0.0388055      -0.278588       0.077611
            200        2.41078        -2.1958        4.82156
            300       0.191811      -0.619372       0.383621
            400    0.000724227      0.0380586     0.00144845
            500       0.378663      -0.870245       0.757326
            600        1.57872       -1.77692        3.15744
            700     0.00559606      -0.105793      0.0111921
            800       0.427728      -0.924909       0.855456
            900      0.0536329      -0.327515       0.107266
           1000       0.260349       0.721594       0.520698
           1100      0.0199246       0.199622      0.0398491
           1200       0.279255       0.747335        0.55851
           1300       0.127077      -0.504137       0.254155
           1400    0.000307065      0.0247816    0.000614129
           1500      0.0777792      -0.394409       0.155558
           1600      0.0671299       0.366415        0.13426
           1700       0.377194      -0.868555       0.754389
           1800       0.558179        1.05658        1.11636
           1900      0.0435548      -0.295143      0.0871095
           2000       0.613391        -1.1076        1.22678
           2100        1.01856        1.42728        2.03712
           2200       0.066918      -0.365836       0.133836
           2300    0.000696905      0.0373338     0.00139381
           2400        0.48116      -0.980979       0.962319
           2500        2.02212       -2.01103        4.04425
           2600        0.36346      -0.852597       0.726921
           2700       0.469559      -0.969081       0.939117
           2800       0.190977      -0.618025       0.381954
           2900       0.168505      -0.580525       0.337009
           3000       0.179368      -0.598946       0.358736
           3100       0.386136       -0.87879       0.772272
           3200       0.021686      -0.208259       0.043372
           3300        1.53062       -1.74964        3.06124
           3400        0.96146       -1.38669        1.92292
           3500        1.10079        1.48377        2.20158
           3600      0.0842343      -0.410449       0.168469
           3700       0.305306       0.781417       0.610613
           3800     0.00662631       -0.11512      0.0132526
           3900        0.11751      -0.484789       0.235021
           4000       0.448872       0.947494       0.897744
           4100        1.56648        1.77002        3.13295
           4200      0.0205628       0.202794      0.0411255
           4300      0.0149442       0.172883      0.0298885
           4400     0.00127866        0.05057     0.00255732
           4500       0.267823       0.731879       0.535646
           4600        1.61944       -1.79969        3.23888
           4700       0.276912      -0.744194       0.553824
           4800       0.344468       0.830022       0.688936
           4900    0.000887252     -0.0421249      0.0017745
           5000       0.219056      -0.661901       0.438113
           5100       0.549943       -1.04875        1.09989
           5200       0.135866       0.521279       0.271732
           5300       0.144688      -0.537938       0.289377
           5400      0.0284425       0.238506      0.0568851
           5500       0.222746       0.667452       0.445492
           5600      0.0620837       0.352374       0.124167
           5700      0.0437152      -0.295686      0.0874305
           5800       0.132249       0.514293       0.264498
           5900        2.61057        2.28498        5.22113
           6000       0.456027      -0.955016       0.912055
           6100        0.24654       0.702196        0.49308
           6200       0.726848        1.20569         1.4537
           6300      0.0237786       0.218076      0.0475573
           6400      0.0250799       0.223964      0.0501599
           6500    0.000119318     -0.0154479    0.000238637
           6600        1.47784        1.71921        2.95569
           6700     0.00527196       0.102684      0.0105439
           6800     0.00373716     -0.0864541     0.00747432
           6900       0.323298      -0.804111       0.646595
           7000       0.168774       0.580988       0.337547
           7100    0.000205613      0.0202787    0.000411226
           7200       0.385366      -0.877914       0.770732
           7300      0.0292666       0.241936      0.0585332
           7400       0.378426      -0.869972       0.756852
           7500        2.38925        2.18598        4.77849
           7600        2.15711       -2.07707        4.31422
           7700     0.00699789      -0.118304      0.0139958
           7800        1.11869       -1.49579        2.23738
           7900       0.138167      -0.525675       0.276334
           8000      0.0946007      -0.434973       0.189201
           8100       0.366196       0.855799       0.732392
           8200        0.23164      -0.680646        0.46328
           8300        2.30845         2.1487        4.61689
           8400       0.477314      -0.977051       0.954629
           8500      0.0273725       0.233976      0.0547449
           8600     0.00702092      -0.118498      0.0140418
           8700       0.192914       0.621151       0.385828
           8800       0.378964      -0.870591       0.757929
           8900        1.15347       -1.51886        2.30694
           9000      0.0191827      -0.195871      0.0383655
           9100       0.121194      -0.492329       0.242387
           9200        0.41429       0.910264        0.82858
           9300        2.66807       -2.31001        5.33614
           9400      0.0033327     -0.0816419     0.00666539
           9500        1.29623        1.61011        2.59245
           9600        1.58457        1.78021        3.16914
           9700      0.0132791       0.162967      0.0265581
           9800    9.66537e-06     0.00439667    1.93307e-05
           9900     0.00842222       0.129786      0.0168444
          10000      0.0236374      -0.217428      0.0472749
          10100        1.16391        1.52572        2.32782
          10200      0.0105722      -0.145411      0.0211443
          10300       0.100935        -0.4493       0.201871
          10400        1.56662         1.7701        3.13325
          10500       0.126492      -0.502975       0.252983
          10600      0.0038976      0.0882904      0.0077952
          10700     0.00952242       0.138003      0.0190448
          10800       0.133181      -0.516103       0.266363
          10900        1.14965       -1.51634         2.2993
          11000       0.357395       0.845453       0.714791
          11100       0.568535       -1.06634        1.13707
          11200        1.08814        1.47522        2.17629
          11300       0.381453      -0.873445       0.762906
          11400       0.277233      -0.744625       0.554466
          11500        0.37499       0.866014       0.749979
          11600        1.08875       -1.47564        2.17751
          11700        1.35842        1.64828        2.71684
          11800       0.580693        1.07768        1.16139
          11900        0.17528       0.592082       0.350561
          12000         1.0528       -1.45107        2.10559
          12100      0.0188635       0.194234       0.037727
          12200      0.0416475      -0.288609      0.0832949
          12300       0.338987       0.823392       0.677974
          12400        2.06109        2.03032        4.12218
          12500       0.397178      -0.891267       0.794356
          12600        1.10526       -1.48678        2.21051
          12700       0.147401      -0.542957       0.294802
          12800       0.399702       0.894094       0.799404
          12900       0.335005      -0.818542       0.670011
          13000      0.0231057       0.214968      0.0462114
          13100        0.87363       -1.32184        1.74726
          13200       0.382119      -0.874208       0.764239
          13300       0.163539       0.571908       0.327078
          13400       0.670376       -1.15791        1.34075
          13500      0.0387404      -0.278354      0.0774808
          13600         2.2875       -2.13893          4.575
          13700       0.396279       0.890257       0.792557
          13800      0.0743469      -0.385608       0.148694
          13900       0.345535      -0.831306        0.69107
          14000       0.231533       -0.68049       0.463067
          14100       0.381066       0.873002       0.762132
          14200        0.29863       0.772826        0.59726
          14300       0.120143       -0.49019       0.240286
          14400        1.11034        1.49019        2.22067
          14500        1.70762        1.84804        3.41524
          14600      0.0111514       0.149341      0.0223027
          14700        1.28242        1.60151        2.56484
          14800        0.19901      -0.630889       0.398021
          14900       0.155905        -0.5584        0.31181
          15000       0.166268        0.57666       0.332536
          15100       0.165806      -0.575858       0.331613
          15200        0.45973       0.958885       0.919461
          15300      0.0631313       0.355335       0.126263
          15400       0.335702       0.819393       0.671405
          15500       0.212657      -0.652161       0.425314
          15600       0.598331       -1.09392        1.19666
          15700        1.50475        1.73479        3.00951
          15800       0.575832       -1.07316        1.15166
          15900       0.819086        1.27991        1.63817
          16000       0.544041        1.04311        1.08808
          16100        1.50185        1.73312        3.00369
          16200      0.0282137      -0.237544      0.0564273
          16300       0.952301        1.38007         1.9046
          16400       0.111168       0.471524       0.222335
          16500        2.02493       -2.01243        4.04986
          16600      0.0580611       0.340767       0.116122
          16700       0.411833      -0.907561       0.823666
          16800        1.23696       -1.57287        2.47393
          16900        1.37606        1.65895        2.75212
          17000       0.707206        1.18929        1.41441
          17100       0.936673         1.3687        1.87335
          17200      0.0379878       0.275637      0.0759755
          17300       0.703411         1.1861        1.40682
          17400       0.412847       0.908677       0.825694
          17500     0.00306669     -0.0783158     0.00613337
          17600       0.342429      -0.827562       0.684859
          17700       0.592602        1.08867         1.1852
          17800      0.0313513       0.250405      0.0627026
          17900       0.317197       0.796488       0.634393
          18000        3.31261       -2.57395        6.62523
          18100      0.0624597      -0.353439       0.124919
          18200       0.228843      -0.676525       0.457686
          18300        0.85377       -1.30673        1.70754
          18400     0.00356252     -0.0844099     0.00712504
          18500        2.10088        2.04982        4.20175
          18600     0.00426092     -0.0923138     0.00852185
          18700        0.01129       0.150267        0.02258
          18800        1.73304       -1.86174        3.46607
          18900       0.979733       -1.39981        1.95947
          19000       0.183288       0.605454       0.366575
          19100       0.322446      -0.803052       0.644892
          19200       0.210369       0.648643       0.420738
          19300       0.408649       0.904045       0.817297
          19400    0.000564559     -0.0336024     0.00112912
          19500      0.0317844       0.252128      0.0635688
          19600       0.383464      -0.875744       0.766928
          19700       0.819837         1.2805        1.63967
          19800       0.100373      -0.448047       0.200746
          19900      0.0439824       0.296588      0.0879647
          20000      0.0861849      -0.415175        0.17237
          20100       0.153242        0.55361       0.306484
          20200        2.81156        2.37131        5.62313
          20300      0.0258584       0.227413      0.0517168
          20400       0.057782       0.339947       0.115564
          20500       0.657681        1.14689        1.31536
          20600       0.490991       -0.99095       0.981982
          20700       0.130871       0.511608       0.261743
          20800      0.0305093        0.24702      0.0610187
          20900       0.354413       0.841918       0.708827
          21000      0.0851175       0.412595       0.170235
          21100       0.656757        1.14609        1.31351
          21200        0.85933        1.31098        1.71866
          21300        0.23445      -0.684762         0.4689
          21400       0.038287       -0.27672       0.076574
          21500       0.116121      -0.481916       0.232243
          21600       0.160301      -0.566217       0.320601
          21700      0.0304577      -0.246811      0.0609155
          21800        1.11833       -1.49554        2.23665
          21900       0.232769      -0.682304       0.465538
          22000       0.195015      -0.624523       0.390029
          22100       0.014228       0.168689      0.0284559
          22200      0.0903503      -0.425089       0.180701
          22300        0.47142         -0.971       0.942841
          22400       0.546504        1.04547        1.09301
          22500        1.22937        1.56804        2.45874
          22600       0.262109      -0.724029       0.524219
          22700        0.21234      -0.651674       0.424679
          22800       0.050697       0.318424       0.101394
          22900       0.103659       0.455321       0.207317
          23000      0.0128919      -0.160573      0.0257838
          23100       0.286708      -0.757242       0.573416
          23200       0.199939       0.632359       0.399878
          23300      0.0753294      -0.388148       0.150659
          23400       0.438339      -0.936311       0.876677
          23500       0.143101      -0.534979       0.286203
          23600      0.0070304      -0.118578      0.0140608
          23700     0.00278676      -0.074656     0.00557351
          23800        1.39579        -1.6708        2.79157
          23900       0.307402      -0.784095       0.614804
          24000      0.0134358       0.163925      0.0268715
          24100         1.1864       -1.54039         2.3728
          24200         1.0637        1.45856         2.1274
          24300         1.1728        1.53154         2.3456
          24400        1.17847        1.53523        2.35694
          24500        2.43844        2.20836        4.87687
          24600        0.38749        0.88033        0.77498
          24700     0.00775487      -0.124538      0.0155097
          24800       0.274872       0.741448       0.549745
          24900       0.235543      -0.686357       0.471085
          25000       0.962132       -1.38718        1.92426
          25100       0.214771      -0.655395       0.429542
          25200      0.0278547      -0.236028      0.0557094
          25300       0.264376      -0.727153       0.528752
          25400     0.00309583      0.0786872     0.00619167
          25500      0.0741384       0.385067       0.148277
          25600       0.108628       0.466108       0.217257
          25700       0.156423       0.559327       0.312847
          25800       0.477608       0.977352       0.955217
          25900       0.154746        0.55632       0.309491
          26000       0.491714       -0.99168       0.983429
          26100        1.56151       -1.76721        3.12302
          26200      0.0229806      -0.214386      0.0459613
          26300      0.0400155       0.282897       0.080031
          26400     0.00297743     -0.0771677     0.00595486
          26500      0.0871902       0.417589        0.17438
          26600       0.421679      -0.918345       0.843357
          26700       0.138497       0.526302       0.276994
          26800       0.268345      -0.732591       0.536689
          26900       0.113426        0.47629       0.226852
          27000       0.266472       -0.73003       0.532944
          27100        0.97628        1.39734        1.95256
          27200       0.501392        1.00139        1.00278
          27300         1.0045       -1.41739          2.009
          27400       0.530065        1.02963        1.06013
          27500       0.674632       -1.16158        1.34926
          27600       0.783029       -1.25142        1.56606
          27700       0.705089        1.18751        1.41018
          27800    0.000569895     -0.0337608     0.00113979
          27900       0.408676      -0.904075       0.817352
          28000       0.671128        1.15856        1.34226
          28100     0.00107958     -0.0464668     0.00215916
          28200       0.122694       0.495366       0.245388
          28300        1.44329        1.69899        2.88658
          28400     0.00114376      0.0478279     0.00228751
          28500    0.000690826      0.0371706     0.00138165
          28600       0.060438      -0.347672       0.120876
          28700     0.00178482      0.0597465     0.00356964
          28800     0.00502872       0.100287      0.0100574
          28900      0.0553217       0.332631       0.110643
          29000      0.0602342       0.347086       0.120468
          29100       0.635923       -1.12776        1.27185
          29200       0.029474      -0.242792       0.058948
          29300       0.854503       -1.30729        1.70901
          29400        1.83813        1.91736        3.67627
          29500       0.034657       0.263275       0.069314
          29600      0.0470909        0.30689      0.0941817
          29700        1.38191       -1.66248        2.76383
          29800     0.00270435      0.0735438      0.0054087
          29900       0.178032      -0.596711       0.356064
          30000        0.25017       0.707347        0.50034
          30100    0.000641431     -0.0358171     0.00128286
          30200       0.039887      -0.282443       0.079774
          30300       0.156031      -0.558625       0.312062
          30400       0.397677       0.891826       0.795353
          30500       0.126492      -0.502976       0.252985
          30600      0.0287286       0.239702      0.0574572
          30700     0.00416877      0.0913102     0.00833755
          30800        1.48265          1.722        2.96529
          30900       0.175005      -0.591616        0.35001
          31000      0.0068671       0.117193      0.0137342
          31100       0.212486       0.651898       0.424971
          31200       0.475515      -0.975207       0.951029
          31300      0.0160313        0.17906      0.0320626
          31400       0.332988       0.816073       0.665975
          31500       0.271729       0.737195       0.543457
          31600       0.351342       0.838262       0.702683
          31700      0.0283535      -0.238132      0.0567069
          31800    9.30971e-05      0.0136453    0.000186194
          31900     0.00261972      -0.072384     0.00523945
          32000      0.0911404      -0.426944       0.182281
          32100    0.000114535      0.0151351    0.000229071
          32200       0.226452      -0.672982       0.452905
          32300       0.228807       0.676472       0.457615
          32400      0.0909438      -0.426483       0.181888
          32500        2.49799        2.23517        4.99597
          32600      0.0151817       0.174251      0.0303634
          32700      0.0200011       0.200005      0.0400021
          32800       0.153324      -0.553759       0.306649
          32900       0.176886       0.594787       0.353772
          33000      0.0857827      -0.414205       0.171565
          33100      0.0669946      -0.366045       0.133989
          33200       0.412376      -0.908159       0.824752
          33300      0.0034725     -0.0833367       0.006945
          33400        2.39682       -2.18944        4.79365
          33500    0.000745396      0.0386108     0.00149079
          33600       0.575891       -1.07321        1.15178
          33700      0.0496844       0.315228      0.0993688
          33800        1.67296        1.82919        3.34592
          33900       0.108109       0.464993       0.216219
          34000       0.227315      -0.674263        0.45463
          34100     0.00208263     -0.0645389     0.00416527
          34200      0.0463202      -0.304369      0.0926403
          34300       0.880567       -1.32708        1.76113
          34400        1.88269       -1.94046        3.76538
          34500        0.63343        1.12555        1.26686
          34600      0.0205209       0.202588      0.0410419
          34700       0.135146      -0.519896       0.270292
          34800     0.00910841       -0.13497      0.0182168
          34900        1.95975        1.97977         3.9195
          35000      0.0356422       0.266992      0.0712845
          35100       0.289933       -0.76149       0.579866
          35200    0.000369641      0.0271897    0.000739282
          35300       0.510687       -1.01063        1.02137
          35400        2.43962        -2.2089        4.87923
          35500      0.0168866       0.183775      0.0337732
          35600       0.222322      -0.666816       0.444643
          35700       0.166558      -0.577161       0.333115
          35800      0.0764894       0.391125       0.152979
          35900       0.249434      -0.706306       0.498868
          36000       0.211418      -0.650258       0.422836
          36100        2.34926       -2.16761        4.69852
          36200    0.000106335      0.0145832     0.00021267
          36300        0.26774      -0.731765        0.53548
          36400      0.0194165       0.197061      0.0388331
          36500       0.848314       -1.30255        1.69663
          36600     0.00978584      -0.139899      0.0195717
          36700        1.19028        1.54291        2.38056
          36800       0.328988      -0.811157       0.657976
          36900        1.12168        1.49779        2.24336
          37000      0.0988003      -0.444523       0.197601
          37100      0.0119172       0.154384      0.0238345
          37200        2.19265       -2.09411        4.38529
          37300     0.00634662       0.112664      0.0126932
          37400      0.0857357      -0.414091       0.171471
          37500        1.04837       -1.44801        2.09674
          37600       0.712667        1.19387        1.42533
          37700       0.435929      -0.933733       0.871858
          37800       0.400495        0.89498       0.800989
          37900       0.160347       0.566299       0.320694
          38000      0.0790553      -0.397631       0.158111
          38100       0.844999           -1.3           1.69
          38200       0.264118       0.726799       0.528237
          38300       0.551484        1.05022        1.10297
          38400       0.194998       0.624497       0.389996
          38500        1.24707        1.57929        2.49415
          38600      0.0518014      -0.321874       0.103603
          38700     0.00200256     -0.0632859     0.00400511
          38800       0.843814       -1.29909        1.68763
          38900       0.923906        1.35934        1.84781
          39000     0.00917323       0.135449      0.0183465
          39100       0.160704       0.566928       0.321407
          39200       0.867195       -1.31696        1.73439
          39300      0.0729418      -0.381947       0.145884
          39400      0.0327715      -0.256014      0.0655431
          39500       0.772691        1.24313        1.54538
          39600        1.05755       -1.45434         2.1151
          39700     0.00853022      -0.130616      0.0170604
          39800        3.41921        2.61504        6.83841
          39900       0.627769       -1.12051        1.25554
          40000       0.305541      -0.781717       0.611082
          40100        1.77606        1.88471        3.55213
          40200       0.246923      -0.702741       0.493845
          40300       0.588155        1.08458        1.17631
          40400      0.0114799       0.151525      0.0229598
          40500       0.441563      -0.939748       0.883126
          40600        2.33103        2.15918        4.66206
          40700      0.0546187       0.330511       0.109237
          40800         1.9748        1.98736         3.9496
          40900       0.135634       0.520833       0.271267
          41000        1.48953         -1.726        2.97906
          41100       0.216322      -0.657757       0.432645
          41200       0.876235        1.32381        1.75247
          41300    0.000869206      0.0416943     0.00173841
          41400       0.206844       0.643186       0.413689
          41500      0.0877179        0.41885       0.175436
          41600     0.00775062       0.124504      0.0155012
          41700       0.221872        0.66614       0.443743
          41800       0.426221      -0.923277       0.852441
          41900       0.392597       0.886112       0.785194
          42000      0.0472264      -0.307332      0.0944528
          42100        1.79866        1.89666        3.59733
          42200        1.19325        1.54483        2.38651
          42300      0.0423724      -0.291109      0.0847447
          42400    9.02438e-05      0.0134346    0.000180488
          42500      0.0121331      -0.155776      0.0242661
          42600       0.057748      -0.339847       0.115496
          42700      0.0632269      -0.355604       0.126454
          42800      0.0809068        0.40226       0.161814
          42900       0.287365        0.75811        0.57473
          43000       0.183573      -0.605926       0.367147
          43100        1.06264        1.45784        2.12529
          43200       0.990782       -1.40768        1.98156
          43300        1.00526        1.41793        2.01051
          43400       0.088556      -0.420847       0.177112
          43500       0.135889      -0.521324       0.271779
          43600       0.128684      -0.507315       0.257368
          43700       0.807017       -1.27045        1.61403
          43800     0.00247942       0.070419     0.00495884
          43900       0.349441       0.835992       0.698882
          44000       0.726212        1.20517        1.45242
          44100      0.0372485       0.272941       0.074497
          44200      0.0242936       0.220425      0.0485871
          44300      0.0569467       0.337481       0.113893
          44400       0.118483      -0.486792       0.236966
          44500      0.0157944       0.177732      0.0315887
          44600        1.22615       -1.56598         2.4523
          44700       0.416675       -0.91288        0.83335
          44800       0.656308       -1.14569        1.31262
          44900       0.448807       0.947425       0.897615
          45000       0.307511      -0.784233       0.615022
          45100      0.0734604       0.383302       0.146921
          45200        0.31794      -0.797421        0.63588
          45300      0.0373115      -0.273172      0.0746229
          45400      0.0128629       0.160393      0.0257258
          45500      0.0852728      -0.412972       0.170546
          45600       0.127443       0.504863       0.254886
          45700      0.0244534      -0.221149      0.0489068
          45800     0.00643284      -0.113427      0.0128657
          45900      0.0843326      -0.410689       0.168665
          46000       0.582818        1.07965        1.16564
          46100       0.905796        1.34595        1.81159
          46200       0.045801      -0.302658       0.091602
          46300        0.23319        0.68292       0.466379
          46400        1.22787       -1.56708        2.45575
          46500       0.154745      -0.556318       0.309489
          46600     0.00395203     -0.0889048     0.00790406
          46700     0.00280884     -0.0749511     0.00561767
          46800       0.457804       0.956874       0.915607
          46900       0.594332        1.09026        1.18866
          47000      0.0998724      -0.446928       0.199745
          47100      0.0934706       0.432367       0.186941
          47200       0.991118        1.40792        1.98224
          47300       0.798603        1.26381        1.59721
          47400      0.0687821      -0.370896       0.137564
          47500       0.405183      -0.900203       0.810366
          47600       0.139828       0.528825       0.279656
          47700      0.0071925      -0.119937       0.014385
          47800      0.0884513       0.420598       0.176903
          47900       0.185502      -0.609101       0.371004
          48000     0.00655562      -0.114504      0.0131112
          48100      0.0453122      -0.301039      0.0906243
          48200       0.173049        -0.5883       0.346097
          48300        1.44297       -1.69881        2.88594
          48400       0.530458        1.03001        1.06092
          48500       0.662851        1.15139         1.3257
          48600       0.730994       -1.20913        1.46199
          48700    9.85747e-07      0.0014041    1.97149e-06
          48800       0.286771       0.757325       0.573542
          48900    7.93437e-06    -0.00398356    1.58687e-05
          49000      0.0130933      -0.161823      0.0261865
          49100     0.00849034       -0.13031      0.0169807
          49200       0.792484       -1.25896        1.58497
          49300      0.0177564      -0.188449      0.0355129
          49400      0.0689484       0.371344       0.137897
          49500      0.0823951      -0.405944        0.16479
          49600      0.0413081       -0.28743      0.0826161
          49700       0.144931      -0.538388       0.289862
          49800       0.199481       0.631635       0.398963
          49900       0.306822      -0.783354       0.613643
          50000      0.0106456       0.145915      0.0212911
          50100        2.85287       -2.38867        5.70573
          50200       0.124111       0.498218       0.248221
          50300        2.10669        2.05265        4.21339
          50400       0.385348      -0.877893       0.770696
          50500       0.511775       -1.01171        1.02355
          50600      0.0991337       0.445272       0.198267
          50700       0.220712      -0.664398       0.441425
          50800        1.35773        1.64787        2.71546
          50900       0.535786        1.03517        1.07157
          51000        0.47733       0.977067       0.954659
          51100     0.00925991       0.136088      0.0185198
          51200      0.0106081       0.145658      0.0212162
          51300      0.0112976       0.150317      0.0225952
          51400       0.150244      -0.548169       0.300489
          51500      0.0409015      -0.286012      0.0818029
          51600       0.452665      -0.951488       0.905329
          51700       0.132045      -0.513897       0.264091
          51800       0.420413      -0.916966       0.840827
          51900      0.0145377      -0.170515      0.0290754
          52000    0.000204491     -0.0202233    0.000408981
          52100       0.116164      -0.482004       0.232328
          52200         2.3565        2.17094        4.71299
          52300       0.232178       0.681436       0.464356
          52400      0.0163717      -0.180951      0.0327434
          52500        1.11639        1.49425        2.23277
          52600      0.0280015       0.236649       0.056003
          52700       0.133283      -0.516301       0.266567
          52800        0.04638       0.304565        0.09276
          52900      0.0882196       0.420047       0.176439
          53000       0.959852       -1.38553         1.9197
          53100      0.0063755        0.11292       0.012751
          53200       0.596525        1.09227        1.19305
          53300       0.319442       0.799302       0.638883
          53400      0.0590657       0.343703       0.118131
          53500       0.129022      -0.507981       0.258044
          53600      0.0386237       0.277934      0.0772475
          53700       0.587795        1.08425        1.17559
          53800     0.00892842        0.13363      0.0178568
          53900       0.359299       0.847701       0.718597
          54000       0.398773      -0.893054       0.797546
          54100       0.863108       -1.31386        1.72622
          54200      0.0651136        0.36087       0.130227
          54300      0.0253466      -0.225152      0.0506932
          54400        2.34649       -2.16633        4.69298
          54500       0.575426        1.07278        1.15085
          54600      0.0855616        0.41367       0.171123
          54700         1.1354        1.50692         2.2708
          54800        0.74531        1.22091        1.49062
          54900      0.0642033       0.358339       0.128407
          55000       0.966429       -1.39027        1.93286
          55100       0.489953      -0.989902       0.979906
          55200       0.313026      -0.791234       0.626051
          55300       0.289249        0.76059       0.578497
          55400      0.0176414      -0.187837      0.0352829
          55500       0.419043        0.91547       0.838086
          55600      0.0238317       0.218319      0.0476634
          55700       0.380577      -0.872441       0.761154
          55800       0.014993       0.173164      0.0299859
          55900       0.343594       0.828967       0.687187
          56000       0.458118       0.957202       0.916235
          56100       0.234973       0.685525       0.469945
          56200      0.0369521       0.271853      0.0739043
          56300       0.291428      -0.763451       0.582857
          56400       0.145344       0.539155       0.290688
          56500       0.134942       0.519504       0.269885
          56600       0.250448      -0.707741       0.500897
          56700       0.630985        1.12337        1.26197
          56800        0.16634       0.576784        0.33268
          56900      0.0502168       0.316913       0.100434
          57000      0.0225321      -0.212283      0.0450642
          57100       0.194761      -0.624118       0.389523
          57200      0.0330066       -0.25693      0.0660132
          57300       0.069486       0.372789       0.138972
          57400     0.00277526      0.0745019     0.00555053
          57500    0.000106769      0.0146129    0.000213538
          57600        3.43352         2.6205        6.86704
          57700      0.0631373      -0.355351       0.126275
          57800       0.210375       0.648653       0.420751
          57900        0.62545        1.11844         1.2509
          58000       0.642029        1.13316        1.28406
          58100        0.01354        0.16456        0.02708
          58200        1.08776       -1.47497        2.17553
          58300      0.0487796       0.312345      0.0975593
          58400       0.427445       0.924603       0.854891
          58500       0.256236       0.715871       0.512471
          58600       0.837073       -1.29389        1.67415
          58700        0.25934      -0.720194        0.51868
          58800      0.0482126       0.310524      0.0964251
          58900      0.0903011       0.424973       0.180602
          59000       0.250254       0.707466       0.500508
          59100        0.66622        1.15431        1.33244
          59200      0.0571677       0.338135       0.114335
          59300       0.158911      -0.563757       0.317822
          59400       0.116838         0.4834       0.233675
          59500       0.394111       0.887818       0.788221
          59600       0.130216       0.510326       0.260433
          59700       0.929978         1.3638        1.85996
          59800       0.522281       -1.02204        1.04456
          59900       0.687455       -1.17257        1.37491
          60000       0.337309       0.821352       0.674618
          60100       0.402391      -0.897096       0.804782
          60200       0.433715      -0.931359       0.867429
          60300       0.472036      -0.971633       0.944071
          60400        1.77872       -1.88612        3.55744
          60500       0.113362       0.476155       0.226724
          60600      0.0650537      -0.360704       0.130107
          60700      0.0324033      -0.254572      0.0648067
          60800       0.488076       0.988004       0.976152
          60900      0.0786654       0.396649       0.157331
          61000       0.104865      -0.457963        0.20973
          61100        1.52116       -1.74423        3.04232
          61200    0.000589717      0.0343429     0.00117943
          61300       0.845928       -1.30071        1.69186
          61400       0.437063       0.934947       0.874127
          61500       0.375586       0.866701       0.751171
          61600      0.0012852      0.0506992     0.00257041
          61700        1.27385       -1.59615         2.5477
          61800       0.329814       0.812174       0.659627
          61900        0.33903      -0.823445       0.678061
          62000        2.59058        2.27621        5.18115
          62100       0.909787        1.34892        1.81957
          62200       0.103187       0.454285       0.206375
          62300        0.43563      -0.933413       0.871261
          62400       0.474382      -0.974045       0.948764
          62500        2.69868       -2.32322        5.39736
          62600       0.239737       0.692441       0.479474
          62700       0.954925        1.38197        1.90985
          62800       0.167064       0.578038       0.334128
          62900       0.288572        -0.7597       0.577145
          63000        2.06681        2.03313        4.13362
          63100       0.142313       0.533503       0.284626
          63200      0.0668118       0.365546       0.133624
          63300        1.57307        1.77374        3.14614
          63400     0.00554689       0.105327      0.0110938
          63500       0.524874        1.02457        1.04975
          63600       0.313514       0.791851       0.627028
          63700    0.000274996      0.0234519    0.000549991
          63800       0.652082          1.142        1.30416
          63900       0.952584       -1.38028        1.90517
          64000     0.00196893      0.0627524     0.00393786
          64100       0.443552       0.941862       0.887104
          64200       0.310261       0.787733       0.620523
          64300        0.44707       -0.94559        0.89414
          64400    5.86494e-05      0.0108305    0.000117299
          64500     0.00559579       -0.10579      0.0111916
          64600       0.811443       -1.27393        1.62289
          64700        1.13659       -1.50771        2.27319
          64800       0.108314      -0.465434       0.216629
          64900       0.413192      -0.909057       0.826385
          65000        0.16022      -0.566073       0.320439
          65100       0.609181        1.10379        1.21836
          65200       0.096397       0.439083       0.192794
          65300     0.00360473     -0.0849085     0.00720945
          65400       0.132805      -0.515373        0.26561
          65500       0.117194       0.484137       0.234388
          65600       0.164031       0.572767       0.328062
          65700         0.1754      -0.592284       0.350801
          65800        1.74447        1.86787        3.48894
          65900     0.00920896      -0.135713      0.0184179
          66000      0.0753685      -0.388249       0.150737
          66100        3.89006       -2.78929        7.78012
          66200       0.691904        1.17635        1.38381
          66300       0.118747       0.487334       0.237494
          66400       0.391804      -0.885216       0.783608
          66500      0.0107411       0.146568      0.0214823
          66600       0.133242      -0.516221       0.266484
          66700       0.143824      -0.536329       0.287649
          66800      0.0682639       0.369497       0.136528
          66900        1.08176        1.47089        2.16352
          67000      0.0380811       0.275975      0.0761621
          67100        0.84102       -1.29693        1.68204
          67200       0.247535       0.703612        0.49507
          67300        2.19077       -2.09321        4.38153
          67400        2.71033       -2.32823        5.42067
          67500        2.19605       -2.09573        4.39209
          67600        1.64228        1.81234        3.28456
          67700        1.74749        1.86949        3.49498
          67800       0.547559       -1.04648        1.09512
          67900        1.12957        1.50305        2.25915
          68000       0.585717       -1.08233        1.17143
          68100        0.24459       0.699414       0.489179
          68200       0.172849       0.587961       0.345698
          68300        2.56427        2.26463        5.12855
          68400      0.0324586       0.254789      0.0649173
          68500       0.727781        1.20647        1.45556
          68600      0.0250558       0.223856      0.0501116
          68700       0.373206       0.863951       0.746412
          68800        1.09831        -1.4821        2.19663
          68900     0.00168766     -0.0580975     0.00337532
          69000       0.255044      -0.714205       0.510088
          69100       0.450211       0.948906       0.900423
          69200       0.160783       0.567069       0.321567
          69300       0.245755       0.701078        0.49151
          69400        0.83319       -1.29088        1.66638
          69500      0.0779022       0.394721       0.155804
          69600       0.114467       -0.47847       0.228934
          69700       0.218608       0.661223       0.437216
          69800         1.6085        -1.7936          3.217
          69900       0.528917       -1.02851        1.05783
          70000        3.56049        2.66852        7.12099
          70100       0.169853      -0.582843       0.339706
          70200    0.000235494      0.0217023    0.000470988
          70300        1.24748        1.57954        2.49496
          70400       0.232206       0.681478       0.464412
          70500        4.14111       -2.87789        8.28223
          70600       0.174364       0.590532       0.348728
          70700      0.0534061      -0.326821       0.106812
          70800       0.932078       -1.36534        1.86416
          70900      0.0605024      -0.347857       0.121005
          71000       0.651511         1.1415        1.30302
          71100       0.183868      -0.606412       0.367736
          71200        3.39611       -2.60619        6.79221
          71300        1.10774       -1.48845        2.21549
          71400    0.000610135     -0.0349324     0.00122027
          71500      0.0279372       0.236378      0.0558744
          71600      0.0440173       0.296706      0.0880346
          71700        2.48625       -2.22991         4.9725
          71800     0.00177141      0.0595216     0.00354282
          71900     0.00308108     -0.0784995     0.00616217
          72000       0.169694       0.582571       0.339389
          72100        1.67704        1.83142        3.35409
          72200        0.62958        1.12212        1.25916
          72300       0.151782       0.550966       0.303563
          72400       0.153668      -0.554378       0.307335
          72500      0.0787954      -0.396977       0.157591
          72600     0.00961931       0.138703      0.0192386
          72700       0.786048       -1.25383         1.5721
          72800      0.0939547      -0.433485       0.187909
          72900        7.31898        3.82596         14.638
          73000       0.555332       -1.05388        1.11066
          73100       0.130885       0.511635       0.261771
          73200      0.0243008       0.220458      0.0486015
          73300       0.479735       0.979526       0.959471
          73400      0.0505386      -0.317926       0.101077
          73500        1.14363       -1.51237        2.28726
          73600       0.838555        1.29503        1.67711
          73700     0.00637969       0.112957      0.0127594
          73800       0.994589        1.41038        1.98918
          73900        0.73994        -1.2165        1.47988
          74000       0.235619      -0.686468       0.471238
          74100       0.452446       0.951258       0.904891
          74200     0.00169571      0.0582359     0.00339142
          74300       0.282287      -0.751381       0.564573
          74400        1.75109        1.87141        3.50219
          74500        2.20995        2.10236         4.4199
          74600      0.0671809      -0.366554       0.134362
          74700       0.156783       -0.55997       0.313566
          74800      0.0187613      -0.193708      0.0375226
          74900       0.707164       -1.18926        1.41433
          75000       0.822473       -1.28255        1.64495
          75100          1.648        1.81549        3.29599
          75200     0.00275661       0.074251     0.00551322
          75300       0.885795        1.33101        1.77159
          75400      0.0636867      -0.356894       0.127373
          75500       0.179858      -0.599763       0.359716
          75600        1.72752        1.85877        3.45503
          75700      0.0408311      -0.285766      0.0816622
          75800       0.461229       0.960446       0.922457
          75900       0.325941       0.807393       0.651883
          76000        1.64424        1.81342        3.28848
          76100       0.481111      -0.980929       0.962222
          76200       0.636664       -1.12842        1.27333
          76300       0.478928       0.978701       0.957855
          76400      0.0790808      -0.397695       0.158162
          76500      0.0308491       0.248391      0.0616982
          76600       0.175417      -0.592312       0.350834
          76700       0.108439       0.465702       0.216878
          76800       0.944726       -1.37457        1.88945
          76900       0.868475       -1.31793        1.73695
          77000        3.83082        2.76797        7.66163
          77100       0.172026      -0.586559       0.344052
          77200     0.00880398      -0.132695       0.017608
          77300      0.0594212       0.344735       0.118842
          77400       0.221213      -0.665152       0.442427
          77500       0.693171       -1.17743        1.38634
          77600        1.10339        1.48552        2.20678
          77700    5.82911e-05      0.0107973    0.000116582
          77800       0.569786        1.06751        1.13957
          77900        1.69079        1.83891        3.38158
          78000    0.000192096      0.0196008    0.000384192
          78100        1.48442       -1.72303        2.96884
          78200        1.41428       -1.68183        2.82855
          78300       0.529904        1.02947        1.05981
          78400      0.0410273      -0.286452      0.0820545
          78500      0.0240252       0.219204      0.0480505
          78600        2.98048        2.44151        5.96095
          78700       0.331029      -0.813669       0.662058
          78800     0.00204806     -0.0640009     0.00409612
          78900      0.0511015      -0.319692       0.102203
          79000       0.164172       0.573012       0.328343
          79100      0.0360161      -0.268388      0.0720322
          79200        1.02728       -1.43337        2.05456
          79300        2.09884       -2.04882        4.19768
          79400       0.532517         -1.032        1.06503
          79500        1.38547       -1.66461        2.77093
          79600       0.861694        1.31278        1.72339
          79700        1.93261       -1.96601        3.86521
          79800       0.989757       -1.40695        1.97951
          79900         1.0521       -1.45058         2.1042
          80000       0.809933        1.27274        1.61987
          80100         2.2891        2.13967        4.57821
          80200       0.657475        1.14671        1.31495
          80300        1.01096       -1.42194        2.02192
          80400        3.92102       -2.80036        7.84203
          80500       0.427591      -0.924761       0.855182
          80600       0.805746       -1.26945        1.61149
          80700       0.634044        1.12609        1.26809
          80800     0.00258274     -0.0718712     0.00516547
          80900        2.13083        2.06438        4.26167
          81000    0.000147358      0.0171673    0.000294717
          81100       0.530537        1.03008        1.06107
          81200      0.0197882      -0.198938      0.0395765
          81300     0.00303682      0.0779336     0.00607365
          81400       0.906088        1.34617        1.81218
          81500       0.259599      -0.720554       0.519197
          81600       0.762885        1.23522        1.52577
          81700        3.48891        2.64156        6.97782
          81800        0.31838      -0.797973       0.636761
          81900       0.590493        1.08673        1.18099
          82000       0.159154       0.564187       0.318307
          82100         0.0388      -0.278568      0.0775999
          82200       0.775909       -1.24572        1.55182
          82300       0.346327      -0.832259       0.692654
          82400       0.393891      -0.887571       0.787782
          82500      0.0930462       0.431384       0.186092
          82600       0.164734      -0.573992       0.329467
          82700       0.482835      -0.982685       0.965669
          82800       0.105468      -0.459278       0.210937
          82900        2.00585        2.00292        4.01169
          83000       0.760002       -1.23288           1.52
          83100      0.0669387      -0.365893       0.133877
          83200       0.178932       0.598218       0.357864
          83300      0.0757134      -0.389136       0.151427
          83400      0.0438384      -0.296103      0.0876767
          83500       0.657151       -1.14643         1.3143
          83600       0.320067      -0.800084       0.640135
          83700      0.0462878       0.304262      0.0925755
          83800      0.0252718      -0.224819      0.0505435
          83900       0.891608        1.33537        1.78322
          84000       0.101574      -0.450719       0.203147
          84100      0.0351787        0.26525      0.0703574
          84200     0.00945258       0.137496      0.0189052
          84300        1.39861       -1.67249        2.79722
          84400        1.79338       -1.89387        3.58675
          84500       0.141857      -0.532648       0.283714
          84600      0.0148418      -0.172289      0.0296835
          84700      0.0501211      -0.316611       0.100242
          84800       0.163311       0.571508       0.326621
          84900       0.426222       0.923279       0.852444
          85000       0.035223       0.265417       0.070446
          85100       0.481772       0.981603       0.963545
          85200      0.0102175      -0.142951       0.020435
          85300       0.114125       0.477756        0.22825
          85400      0.0292188      -0.241739      0.0584376
          85500       0.392359       0.885843       0.784717
          85600       0.557587       -1.05602        1.11517
          85700       0.586953       -1.08347        1.17391
          85800       0.146738      -0.541734       0.293476
          85900       0.103449       -0.45486       0.206898
          86000       0.239429       0.691995       0.478858
          86100        0.80042       -1.26524        1.60084
          86200       0.430168       0.927543       0.860336
          86300      0.0130456       0.161527      0.0260911
          86400       0.203489      -0.637948       0.406978
          86500      0.0136758      -0.165383      0.0273515
          86600       0.054346       0.329685       0.108692
          86700      0.0313136       0.250254      0.0626273
          86800        0.14435       0.537309       0.288701
          86900       0.051331       0.320409       0.102662
          87000       0.207137       0.643642       0.414275
          87100       0.413899       0.909834       0.827799
          87200        0.40347      -0.898298        0.80694
          87300      0.0101494       0.142474      0.0202988
          87400     0.00624366       0.111747      0.0124873
          87500       0.323261       0.804066       0.646522
          87600        1.83252        1.91443        3.66503
          87700       0.333445      -0.816634       0.666891
          87800        1.32343       -1.62692        2.64687
          87900      0.0319163      -0.252651      0.0638326
          88000       0.147239      -0.542659       0.294479
          88100    4.93207e-05     0.00993183    9.86413e-05
          88200      0.0299829       0.244879      0.0599658
          88300      0.0320552        -0.2532      0.0641105
          88400       0.268073        0.73222       0.536147
          88500      0.0227354       0.213239      0.0454709
          88600      0.0260427       0.228222      0.0520855
          88700      0.0647318       -0.35981       0.129464
          88800       0.708228        1.19015        1.41646
          88900      0.0384283        0.27723      0.0768566
          89000        0.38014       -0.87194        0.76028
          89100       0.881972       -1.32814        1.76394
          89200        1.52047        1.74383        3.04094
          89300       0.132456      -0.514696       0.264912
          89400      0.0990984       0.445193       0.198197
          89500      0.0504118       0.317527       0.100824
          89600      0.0814732      -0.403666       0.162946
          89700        1.15033        1.51679        2.30067
          89800      0.0862649      -0.415367        0.17253
          89900       0.129512       0.508944       0.259024
          90000       0.193823       0.622612       0.387645
          90100        1.19447       -1.54562        2.38894
          90200    0.000453846      0.0301279    0.000907692
          90300      0.0226694      -0.212929      0.0453388
          90400       0.696784         1.1805        1.39357
          90500         1.5557        1.76392         3.1114
          90600        2.44771        2.21256        4.89542
          90700       0.485114       0.985002       0.970228
          90800        0.11193       0.473139        0.22386
          90900      0.0195603       0.197789      0.0391207
          91000       0.656893        -1.1462        1.31379
          91100       0.253792       0.712449       0.507583
          91200       0.389712       -0.88285       0.779424
          91300    0.000397007      0.0281782    0.000794013
          91400       0.887659        1.33241        1.77532
          91500       0.927395        1.36191        1.85479
          91600      0.0504174       0.317545       0.100835
          91700       0.418348       0.914711       0.836697
          91800       0.772235        1.24277        1.54447
          91900          1.867        1.93236          3.734
          92000        1.55523        1.76365        3.11046
          92100       0.583547        1.08032        1.16709
          92200        1.39889       -1.67266        2.79777
          92300        1.74708        1.86927        3.49416
          92400       0.292293      -0.764582       0.584586
          92500       0.466049       0.965452       0.932098
          92600      0.0314887       0.250953      0.0629773
          92700       0.199149      -0.631108       0.398297
          92800     0.00615982      -0.110994      0.0123196
          92900       0.133157      -0.516057       0.266314
          93000          2.153       -2.07509          4.306
          93100       0.467606      -0.967064       0.935213
          93200       0.953372        1.38085        1.90674
          93300        2.44246        2.21018        4.88492
          93400     0.00243729     -0.0698182     0.00487458
          93500        1.45951       -1.70851        2.91902
          93600     0.00129296      -0.050852     0.00258592
          93700        2.01637       -2.00817        4.03275
          93800       0.962777       -1.38764        1.92555
          93900       0.197592       0.628636       0.395184
          94000       0.805174        1.26899        1.61035
          94100       0.064235       0.358427        0.12847
          94200       0.882244        1.32834        1.76449
          94300        1.47802        1.71931        2.95604
          94400      0.0154582      -0.175831      0.0309165
          94500       0.504501       -1.00449          1.009
          94600       0.780371        -1.2493        1.56074
          94700     8.2105e-05     -0.0128144     0.00016421
          94800         1.5152         1.7408         3.0304
          94900        1.45386         1.7052        2.90772
          95000      0.0425165      -0.291604      0.0850331
          95100      0.0201742      -0.200869      0.0403485
          95200      0.0344125      -0.262345      0.0688249
          95300        1.84094        1.91882        3.68188
          95400      0.0528574       0.325138       0.105715
          95500        0.52598        1.02565        1.05196
          95600      0.0800325       0.400081       0.160065
          95700        1.16509         1.5265        2.33019
          95800        0.40846       0.903836        0.81692
          95900       0.146934       0.542095       0.293867
          96000       0.238075       0.690036       0.476149
          96100         1.7972        1.89589        3.59441
          96200       0.735313        1.21269        1.47063
          96300       0.155745       0.558113        0.31149
          96400       0.370328      -0.860614       0.740656
          96500       0.192625      -0.620685        0.38525
          96600       0.051219      -0.320059       0.102438
          96700        1.44399       -1.69941        2.88798
          96800       0.105049      -0.458365       0.210099
          96900       0.516248       -1.01612         1.0325
          97000      0.0180765       -0.19014       0.036153
          97100          1.204        1.55177        2.40799
          97200       0.128183       0.506326       0.256366
          97300     0.00313348      0.0791641     0.00626696
          97400      0.0885334       0.420793       0.177067
          97500     0.00490479     -0.0990434     0.00980959
          97600       0.987616       -1.40543        1.97523
          97700      0.0557249       0.333841        0.11145
          97800       0.464523        0.96387       0.929045
          97900     0.00189212     -0.0615162     0.00378424
          98000       0.374895       0.865904        0.74979
          98100       0.729122       -1.20758        1.45824
          98200       0.607543        1.10231        1.21509
          98300       0.679114        1.16543        1.35823
          98400       0.115314       0.480237       0.230628
          98500         0.3156      -0.794481       0.631199
          98600    0.000439654     -0.0296531    0.000879308
          98700      0.0332597       0.257913      0.0665194
          98800        1.84869       -1.92286        3.69739
          98900       0.529041        1.02863        1.05808
          99000      0.0318211       0.252274      0.0636423
          99100        2.83278       -2.38024        5.66555
          99200       0.296868       0.770543       0.593736
          99300        3.81129        -2.7609        7.62258
          99400        1.28284       -1.60177        2.56567
          99500      0.0233329       0.216023      0.0466659
          99600        1.33885        1.63637         2.6777
          99700     0.00107775     -0.0464273     0.00215549
          99800       0.076478       0.391096       0.152956
          99900       0.812133        1.27447        1.62427
         100000        1.62592        1.80328        3.25184
