              0    0.000260797     -0.0228384    0.000521594
            100      0.0444607       0.298197      0.0889214
            200       0.116927       0.483584       0.233853
            300       0.132839       0.515439       0.265677
            400       0.121621       0.493196       0.243242
            500      0.0234114       0.216386      0.0468228
            600       0.224864       0.670618       0.449728
            700       0.169744       0.582655       0.339487
            800       0.347035       0.833108       0.694069
            900       0.614149        1.10829         1.2283
           1000        0.80317        1.26741        1.60634
           1100       0.284319       0.754081       0.568637
           1200      0.0737031       0.383935       0.147406
           1300      0.0752218        0.38787       0.150444
           1400       0.123011       0.496007       0.246023
           1500      0.0909388       0.426471       0.181878
           1600      0.0379207       0.275393      0.0758414
           1700       0.277862       0.745469       0.555724
           1800       0.887864        1.33256        1.77573
           1900        1.81925        1.90749         3.6385
           2000        1.36065        1.64964        2.72131
           2100        1.43188        1.69227        2.86376
           2200         1.4305        1.69145          2.861
           2300        2.23769        2.11551        4.47537
           2400        1.98677        1.99338        3.97355
           2500        2.92697        2.41949        5.85395
           2600        3.18449        2.52368        6.36898
           2700        2.33347        2.16031        4.66694
           2800        2.03357        2.01672        4.06714
           2900        2.11813        2.05822        4.23626
           3000        2.22647         2.1102        4.45295
           3100        1.57056        1.77232        3.14112
           3200        1.41297        1.68106        2.82595
           3300       0.890661        1.33466        1.78132
           3400       0.966377        1.39024        1.93275
           3500        1.27131        1.59456        2.54262
           3600        1.20099        1.54983        2.40198
           3700        1.86264         1.9301        3.72527
           3800        2.39381        2.18806        4.78762
           3900        2.54144        2.25452        5.08287
           4000        1.23404        1.57101        2.46808
           4100        1.02391        1.43102        2.04781
           4200         1.0429        1.44423        2.08581
           4300       0.862638         1.3135        1.72528
           4400       0.610224        1.10474        1.22045
           4500       0.866364        1.31633        1.73273
           4600       0.738537        1.21535        1.47707
           4700       0.359965       0.848487        0.71993
           4800       0.277253       0.744652       0.554507
           4900     0.00446341     -0.0944819     0.00892683
           5000     0.00250854      0.0708314     0.00501709
           5100       0.106861        -0.4623       0.213721
           5200      0.0953069      -0.436593       0.190614
           5300      0.0910629      -0.426762       0.182126
           5400      0.0109869      -0.148235      0.0219737
           5500     0.00405694     -0.0900771     0.00811388
           5600    0.000682774     -0.0369533     0.00136555
           5700    0.000840332     -0.0409959     0.00168066
           5800      0.0971125       -0.44071       0.194225
           5900       0.168495      -0.580508        0.33699
           6000       0.106572      -0.461674       0.213143
           6100      0.0128841      -0.160525      0.0257682
           6200      0.0721779       0.379942       0.144356
           6300       0.159546       0.564882       0.319092
           6400      0.0330776       0.257207      0.0661553
           6500      0.0127096       0.159434      0.0254192
           6600    0.000218453      0.0209023    0.000436906
           6700      0.0980035      -0.442727       0.196007
           6800       0.200328      -0.632975       0.400657
           6900       0.388391      -0.881352       0.776781
           7000       0.383868      -0.876205       0.767735
           7100       0.618052        -1.1118         1.2361
           7200       0.635243       -1.12716        1.27049
           7300       0.894715        -1.3377        1.78943
           7400         1.3419       -1.63823         2.6838
           7500        2.23628       -2.11484        4.47255
           7600         1.7678       -1.88032         3.5356
           7700        2.15381       -2.07548        4.30761
           7800        2.35417       -2.16987        4.70835
           7900        1.16549       -1.52675        2.33098
           8000        1.63639       -1.80908        3.27278
           8100       0.970475       -1.39318        1.94095
           8200       0.710297       -1.19189        1.42059
           8300       0.358845      -0.847166       0.717691
           8400       0.406398      -0.901552       0.812797
           8500       0.392356       -0.88584       0.784712
           8600       0.602038        -1.0973        1.20408
           8700       0.697962       -1.18149        1.39592
           8800       0.129973      -0.509848       0.259945
           8900       0.109811      -0.468638       0.219622
           9000       0.311388      -0.789162       0.622777
           9100        0.19851      -0.630095       0.397019
           9200       0.435385       -0.93315        0.87077
           9300       0.355229      -0.842886       0.710457
           9400       0.205256      -0.640713       0.410513
           9500       0.145652      -0.539726       0.291305
           9600      0.0928209      -0.430862       0.185642
           9700        0.18233      -0.603871        0.36466
           9800       0.141058      -0.531146       0.282116
           9900      0.0569136       0.337383       0.113827
          10000        0.18572       0.609459        0.37144
          10100       0.355665       0.843404        0.71133
          10200       0.396044       0.889994       0.792089
          10300        0.56842        1.06623        1.13684
          10400       0.358711       0.847007       0.717421
          10500       0.103779       0.455586       0.207559
          10600       0.109713        0.46843       0.219427
          10700       0.177328       0.595531       0.354657
          10800    3.00023e-05    -0.00774627    6.00047e-05
          10900      0.0205137      -0.202552      0.0410274
          11000      0.0882885      -0.420211       0.176577
          11100      0.0356771      -0.267122      0.0713541
          11200       0.083385      -0.408375        0.16677
          11300       0.183578      -0.605935       0.367157
          11400      0.0692884      -0.372259       0.138577
          11500      0.0459231      -0.303062      0.0918463
          11600       0.335539      -0.819193       0.671078
          11700       0.153638      -0.554324       0.307275
          11800      0.0260926       0.228441      0.0521852
          11900      0.0188878      -0.194359      0.0377756
          12000      0.0276807        0.23529      0.0553614
          12100    0.000537623      0.0327909     0.00107525
          12200       0.104727      -0.457661       0.209454
          12300        0.05368      -0.327658        0.10736
          12400      0.0688552      -0.371094        0.13771
          12500       0.170446       -0.58386       0.340892
          12600       0.129309      -0.508545       0.258618
          12700      0.0192153      -0.196037      0.0384307
          12800       0.216264      -0.657668       0.432528
          12900       0.202264      -0.636026       0.404529
          13000       0.198126      -0.629486       0.396252
          13100       0.132631      -0.515036       0.265262
          13200       0.313689      -0.792072       0.627377
          13300        0.37536      -0.866441       0.750721
          13400        1.14883        -1.5158        2.29766
          13500        1.60342       -1.79077        3.20685
          13600        1.35488       -1.64613        2.70976
          13700        1.55366       -1.76276        3.10732
          13800       0.892552       -1.33608         1.7851
          13900       0.901451       -1.34272         1.8029
          14000       0.769179       -1.24031        1.53836
          14100        1.36877       -1.65455        2.73754
          14200        1.35319       -1.64511        2.70638
          14300         1.6874       -1.83706         3.3748
          14400        1.55466       -1.76333        3.10932
          14500        1.62102       -1.80057        3.24204
          14600        1.73243       -1.86142        3.46487
          14700        1.71459       -1.85181        3.42918
          14800        1.41342       -1.68132        2.82684
          14900       0.830349       -1.28868         1.6607
          15000       0.772917       -1.24332        1.54583
          15100        1.07952       -1.46937        2.15904
          15200        1.08458        -1.4728        2.16915
          15300       0.463456      -0.962763       0.926912
          15400       0.341141      -0.826004       0.682283
          15500       0.113001      -0.475396       0.226001
          15600       0.505412        -1.0054        1.01082
          15700       0.723692       -1.20307        1.44738
          15800       0.762983        -1.2353        1.52597
          15900       0.640395       -1.13172        1.28079
          16000       0.953178       -1.38071        1.90636
          16100       0.911318       -1.35005        1.82264
          16200       0.375489      -0.866589       0.750977
          16300       0.549474       -1.04831        1.09895
          16400       0.449799      -0.948471       0.899598
          16500       0.353085      -0.840339        0.70617
          16600       0.174451      -0.590679       0.348901
          16700       0.288253       -0.75928       0.576506
          16800       0.235696       -0.68658       0.471392
          16900       0.128696      -0.507338       0.257392
          17000       0.238876      -0.691196       0.477752
          17100       0.365963      -0.855526       0.731926
          17200       0.192323      -0.620199       0.384646
          17300        0.20272      -0.636742        0.40544
          17400       0.354139      -0.841593       0.708279
          17500       0.429228      -0.926529       0.858456
          17600       0.360328      -0.848914       0.720656
          17700       0.198064      -0.629388       0.396129
          17800       0.174022      -0.589953       0.348045
          17900       0.140069      -0.529281       0.280139
          18000       0.056192      -0.335237       0.112384
          18100      0.0375829      -0.274164      0.0751659
          18200       0.138829      -0.526932       0.277657
          18300       0.273456      -0.739534       0.546911
          18400       0.154478      -0.555839       0.308957
          18500    0.000146125     -0.0170953    0.000292249
          18600    0.000239876     -0.0219032    0.000479752
          18700      0.0574689      -0.339025       0.114938
          18800      0.0100389      -0.141696      0.0200778
          18900      0.0182668      -0.191138      0.0365337
          19000      0.0893198      -0.422658        0.17864
          19100       0.198744      -0.630466       0.397488
          19200       0.120158      -0.490221       0.240317
          19300       0.189768      -0.616064       0.379535
          19400       0.146917      -0.542064       0.293834
          19500      0.0326456      -0.255521      0.0652911
          19600       0.119737      -0.489361       0.239474
          19700      0.0980461      -0.442823       0.196092
          19800      0.0145282       -0.17046      0.0290565
          19900       0.118729      -0.487296       0.237458
          20000      0.0725338      -0.380877       0.145068
          20100       0.284169      -0.753882       0.568338
          20200       0.468796      -0.968294       0.937592
          20300       0.180144      -0.600241       0.360289
          20400      0.0854784      -0.413469       0.170957
          20500       0.188024      -0.613227       0.376048
          20600        0.26145      -0.723118       0.522899
          20700       0.167194      -0.578263       0.334388
          20800     0.00842395      -0.129799      0.0168479
          20900     0.00611434      -0.110583      0.0122287
          21000      0.0188895      -0.194368       0.037779
          21100      0.0266734      -0.230969      0.0533467
          21200    0.000399637      0.0282714    0.000799274
          21300     0.00110542     -0.0470196     0.00221084
          21400     0.00228582     -0.0676139     0.00457164
          21500      0.0813364       0.403327       0.162673
          21600    0.000220534     -0.0210016    0.000441067
          21700    0.000482068     -0.0310505    0.000964136
          21800     0.00909493        0.13487      0.0181899
          21900       0.014491       0.170241       0.028982
          22000      0.0181171      -0.190353      0.0362341
          22100      0.0646768      -0.359658       0.129354
          22200      0.0171006      -0.184936      0.0342012
          22300     0.00586793      -0.108332      0.0117359
          22400     0.00200988     -0.0634016     0.00401976
          22500      0.0628904       0.354656       0.125781
          22600     0.00199349     -0.0631426     0.00398698
          22700      0.0183548      -0.191598      0.0367096
          22800      0.0447909      -0.299302      0.0895817
          22900       0.119175      -0.488211        0.23835
          23000      0.0549954      -0.331649       0.109991
          23100       0.465024       -0.96439       0.930048
          23200       0.120461      -0.490839       0.240923
          23300      0.0292652      -0.241931      0.0585304
          23400      0.0264481      -0.229992      0.0528962
          23500      0.0090753       0.134724      0.0181506
          23600      0.0855948      -0.413751        0.17119
          23700     0.00700497      -0.118364      0.0140099
          23800      0.0832507      -0.408046       0.166501
          23900       0.388864      -0.881889       0.777728
          24000       0.138486      -0.526281       0.276972
          24100       0.509583       -1.00954        1.01917
          24200       0.466142      -0.965548       0.932283
          24300       0.597156       -1.09285        1.19431
          24400       0.255422      -0.714734       0.510845
          24500      0.0741289      -0.385043       0.148258
          24600       0.181529      -0.602543       0.363058
          24700      0.0459493      -0.303148      0.0918987
          24800      0.0924558       0.430013       0.184912
          24900       0.038844       0.278726      0.0776881
          25000     0.00119777      0.0489443     0.00239554
          25100      0.0293565       0.242308       0.058713
          25200     0.00129395      0.0508714      0.0025879
          25300    0.000508022      0.0318755     0.00101604
          25400       0.045456       0.301516      0.0909121
          25500      0.0343018       0.261923      0.0686037
          25600      0.0128239       0.160149      0.0256478
          25700      0.0130055       0.161279       0.026011
          25800       0.020762       0.203774       0.041524
          25900     0.00352585     -0.0839744      0.0070517
          26000       0.014287       0.169038       0.028574
          26100      0.0887875       0.421397       0.177575
          26200       0.463495       0.962803       0.926989
          26300       0.171542       0.585734       0.343084
          26400       0.091255       0.427212        0.18251
          26500    3.12555e-09    7.90638e-05    6.25109e-09
          26600     0.00526984      -0.102663      0.0105397
          26700       0.129714       -0.50934       0.259428
          26800      0.0391896      -0.279963      0.0783791
          26900      0.0146365      -0.171094       0.029273
          27000      0.0401174      -0.283257      0.0802348
          27100      0.0120886       -0.15549      0.0241773
          27200    0.000551102     -0.0331995      0.0011022
          27300       0.132032      -0.513871       0.264063
          27400       0.047211      -0.307282      0.0944219
          27500     0.00880248       0.132684       0.017605
          27600     0.00178711      0.0597847     0.00357421
          27700      0.0425616      -0.291759      0.0851231
          27800     0.00883736      -0.132946      0.0176747
          27900       0.081606      -0.403995       0.163212
          28000      0.0751083      -0.387578       0.150217
          28100    3.73301e-05    -0.00864062    7.46602e-05
          28200       0.136691       0.522859       0.273381
          28300       0.280289       0.748718       0.560578
          28400       0.260034       0.721158       0.520069
          28500     0.00588037       0.108447      0.0117607
          28600       0.118885       0.487617        0.23777
          28700       0.209418       0.647176       0.418836
          28800       0.250418       0.707697       0.500836
          28900       0.274051       0.740339       0.548101
          29000       0.155802       0.558214       0.311603
          29100       0.149043       0.545973       0.298086
          29200    0.000241645      0.0219838     0.00048329
          29300    0.000103176      0.0143649    0.000206351
          29400      0.0212372      -0.206093      0.0424744
          29500        0.01937      -0.196825      0.0387399
          29600     0.00133274     -0.0516284     0.00266549
          29700    0.000116714     -0.0152783    0.000233428
          29800      0.0533206        0.32656       0.106641
          29900      0.0362683       0.269326      0.0725367
          30000     0.00331162      0.0813833     0.00662324
          30100    0.000987882      0.0444496     0.00197576
          30200     0.00200687      0.0633541     0.00401375
          30300      0.0420298        0.28993      0.0840596
          30400      0.0270637      -0.232653      0.0541274
          30500      0.0496791      -0.315211      0.0993582
          30600      0.0164795       0.181546      0.0329589
          30700       0.412629       0.908437       0.825257
          30800       0.271827       0.737329       0.543653
          30900       0.343421        0.82876       0.686843
          31000       0.135176       0.519954       0.270352
          31100       0.497108       0.997104       0.994217
          31200          0.356       0.843801          0.712
          31300        1.17422        1.53246        2.34843
          31400        0.79508        1.26102        1.59016
          31500       0.693909        1.17806        1.38782
          31600       0.473192       0.972823       0.946384
          31700        1.12951        1.50301        2.25903
          31800        1.53136        1.75006        3.06271
          31900       0.904899        1.34529         1.8098
          32000       0.159479       0.564764       0.318958
          32100      0.0546931       0.330736       0.109386
          32200         0.2626       0.724707         0.5252
          32300       0.265424       0.728593       0.530848
          32400       0.125464       0.500927       0.250928
          32500       0.024442       0.221097       0.048884
          32600      0.0413839       0.287694      0.0827679
          32700      0.0033867     -0.0823007      0.0067734
          32800      0.0728522      -0.381713       0.145704
          32900     0.00329043     -0.0811225     0.00658085
          33000       0.072078       0.379679       0.144156
          33100      0.0742956       0.385475       0.148591
          33200      0.0429929       0.293233      0.0859858
          33300       0.243076       0.697246       0.486152
          33400       0.426888          0.924       0.853775
          33500       0.544938        1.04397        1.08988
          33600       0.117848       0.485485       0.235696
          33700      0.0227148       0.213142      0.0454295
          33800      0.0022746     -0.0674478      0.0045492
          33900     0.00228873      0.0676569     0.00457746
          34000      0.0721691       0.379919       0.144338
          34100      0.0249001       0.223159      0.0498001
          34200      0.0199863       0.199931      0.0399725
          34300     0.00449254     -0.0947897     0.00898508
          34400     0.00184166     -0.0606903     0.00368332
          34500       0.136423       0.522347       0.272846
          34600       0.205178        0.64059       0.410356
          34700      0.0857027       0.414011       0.171405
          34800       0.694819        1.17883        1.38964
          34900       0.628822        1.12145        1.25764
          35000        1.00033        1.41445        2.00066
          35100        0.63573        1.12759        1.27146
          35200        0.36455       0.853874         0.7291
          35300       0.451419       0.950178       0.902838
          35400      0.0999204       0.447035       0.199841
          35500       0.102521       0.452817       0.205043
          35600       0.437536       0.935453       0.875073
          35700        0.25216       0.710155        0.50432
          35800       0.219403       0.662425       0.438807
          35900       0.982795          1.402        1.96559
          36000         1.0195        1.42793        2.03899
          36100       0.979046        1.39932        1.95809
          36200       0.431127       0.928576       0.862254
          36300       0.324425       0.805512       0.648849
          36400        1.41526        1.68241        2.83051
          36500         1.8226        1.90924        3.64519
          36600        1.90534         1.9521        3.81069
          36700        1.70222        1.84511        3.40444
          36800        1.69317         1.8402        3.38634
          36900       0.840119        1.29624        1.68024
          37000       0.527592        1.02722        1.05518
          37100       0.590241         1.0865        1.18048
          37200       0.351828       0.838843       0.703657
          37300       0.246779       0.702537       0.493558
          37400       0.530005        1.02957        1.06001
          37500       0.287061       0.757709       0.574123
          37600       0.100948       0.449329       0.201896
          37700       0.100643       0.448649       0.201286
          37800      0.0836235       0.408958       0.167247
          37900       0.258455       0.718965       0.516911
          38000       0.430467       0.927865       0.860933
          38100       0.432389       0.929935       0.864779
          38200       0.376236       0.867451       0.752472
          38300       0.263064       0.725347       0.526129
          38400       0.490934       0.990893       0.981869
          38500        1.26339        1.58958        2.52678
          38600        2.76382        2.35109        5.52764
          38700        3.23861        2.54504        6.47722
          38800        2.58527        2.27388        5.17054
          38900        2.75611        2.34781        5.51223
          39000        3.14867        2.50945        6.29734
          39100        3.56313        2.66951        7.12627
          39200        3.00551        2.45174        6.01102
          39300        2.99738        2.44842        5.99477
          39400        1.82826         1.9122        3.65651
          39500        1.92681        1.96306        3.85362
          39600        1.67348        1.82947        3.34697
          39700        2.90276        2.40947        5.80552
          39800        1.92973        1.96455        3.85945
          39900        2.38907         2.1859        4.77815
          40000        2.91607        2.41498        5.83214
          40100        1.42534         1.6884        2.85068
          40200         1.7122        1.85051         3.4244
          40300       0.793338        1.25963        1.58668
          40400       0.457358       0.956408       0.914717
          40500       0.633901        1.12597         1.2678
          40600       0.672105         1.1594        1.34421
          40700        0.58424        1.08096        1.16848
          40800       0.370106       0.860356       0.740212
          40900       0.307917       0.784751       0.615834
          41000       0.317645       0.797051       0.635291
          41100       0.394021       0.887718       0.788043
          41200       0.460803       0.960003       0.921606
          41300       0.317401       0.796745       0.634802
          41400       0.221756       0.665967       0.443512
          41500       0.294839       0.767905       0.589679
          41600       0.315589       0.794467       0.631178
          41700       0.207701       0.644516       0.415401
          41800       0.462756       0.962036       0.925512
          41900       0.538446        1.03773        1.07689
          42000        1.14337        1.51219        2.28673
          42100        1.08377        1.47226        2.16754
          42200        1.11916         1.4961        2.23831
          42300        1.44195         1.6982        2.88389
          42400        1.51288        1.73947        3.02575
          42500        2.03139        2.01564        4.06279
          42600        2.49367        2.23324        4.98735
          42700        2.88232        2.40097        5.76465
          42800        2.22869        2.11125        4.45738
          42900        2.12966        2.06381        4.25932
          43000        1.58096        1.77818        3.16193
          43100        1.19491         1.5459        2.38982
          43200       0.890096        1.33424        1.78019
          43300       0.882687        1.32867        1.76537
          43400        1.05137        1.45008        2.10274
          43500        1.02494        1.43174        2.04988
          43600         1.0037        1.41683         2.0074
          43700        1.03281        1.43723        2.06562
          43800        1.69836        1.84302        3.39672
          43900        1.23033        1.56865        2.46067
          44000        1.06385        1.45867        2.12771
          44100       0.973927        1.39566        1.94785
          44200         1.0293        1.43478        2.05859
          44300        1.90843        1.95368        3.81686
          44400        1.78931        1.89172        3.57862
          44500         1.7988        1.89673         3.5976
          44600        2.10222        2.05047        4.20445
          44700        1.85197        1.92456        3.70393
          44800        1.51324        1.73968        3.02648
          44900        1.63249        1.80693        3.26498
          45000        1.46523        1.71186        2.93045
          45100        1.19564        1.54638        2.39128
          45200        0.39769       0.891841        0.79538
          45300       0.479546       0.979333       0.959093
          45400       0.220246       0.663695       0.440492
          45500       0.151608       0.550651       0.303217
          45600    9.59931e-05      0.0138559    0.000191986
          45700      0.0180691      -0.190101      0.0361383
          45800    0.000705617     -0.0375664     0.00141123
          45900     0.00291028      0.0762926     0.00582056
          46000      0.0429375      -0.293044       0.085875
          46100      0.0521491      -0.322952       0.104298
          46200    0.000669344     -0.0365881     0.00133869
          46300     0.00108166      0.0465115     0.00216332
          46400      0.0100873      -0.142037      0.0201746
          46500    0.000874153      0.0418128     0.00174831
          46600     0.00978232      -0.139874      0.0195646
          46700    0.000186229      0.0192992    0.000372458
          46800      0.0529037       0.325281       0.105807
          46900       0.306535       0.782988        0.61307
          47000       0.436971       0.934848       0.873941
          47100       0.325475       0.806815        0.65095
          47200       0.185684       0.609399       0.371367
          47300        0.64485        1.13565         1.2897
          47400       0.797185        1.26268        1.59437
          47500       0.561304        1.05953        1.12261
          47600       0.238713        0.69096       0.477426
          47700       0.248482       0.704956       0.496964
          47800       0.426095       0.923141        0.85219
          47900       0.491301       0.991263       0.982602
          48000       0.383132       0.875365       0.766264
          48100       0.230678       0.679232       0.461356
          48200       0.260238        0.72144       0.520475
          48300       0.165054       0.574549       0.330107
          48400       0.394889       0.888695       0.789778
          48500       0.222219       0.666663       0.444439
          48600       0.387503       0.880345       0.775007
          48700       0.372949       0.863654       0.745898
          48800       0.252256        0.71029       0.504512
          48900       0.359471       0.847904       0.718941
          49000       0.236509       0.687763       0.473018
          49100       0.103795       0.455622       0.207591
          49200       0.303414       0.778992       0.606829
          49300       0.177713       0.596176       0.355426
          49400      0.0190802       0.195347      0.0381604
          49500    0.000510862      0.0319644     0.00102172
          49600     0.00114383      0.0478296     0.00228767
          49700       0.037002       0.272037      0.0740039
          49800         0.3567        0.84463         0.7134
          49900       0.208575       0.645872        0.41715
          50000       0.375198       0.866254       0.750396
          50100       0.157097        0.56053       0.314193
          50200      0.0880159       0.419561       0.176032
          50300      0.0802098       0.400524        0.16042
          50400      0.0698232       0.373693       0.139646
          50500      0.0486263       0.311854      0.0972526
          50600       0.200181       0.632741       0.400361
          50700       0.204039        0.63881       0.408078
          50800       0.294594       0.767586       0.589188
          50900        0.15454       0.555949       0.309079
          51000       0.220447       0.663998       0.440893
          51100       0.153236       0.553599       0.306472
          51200       0.149837       0.547425       0.299674
          51300       0.135424        0.52043       0.270848
          51400       0.239403       0.691959       0.478807
          51500       0.252627       0.710812       0.505254
          51600        0.25454       0.713499       0.509081
          51700       0.380845       0.872748       0.761689
          51800       0.320445       0.800556        0.64089
          51900       0.107248       0.463137       0.214496
          52000       0.246293       0.701845       0.492587
          52100      0.0703001       0.374967         0.1406
          52200      0.0249427        0.22335      0.0498854
          52300     0.00533808      -0.103325      0.0106762
          52400     0.00454001      0.0952891     0.00908002
          52500       0.192465       0.620427        0.38493
          52600       0.112636       0.474628       0.225272
          52700        0.16781       0.579327        0.33562
          52800       0.057439       0.338936       0.114878
          52900     0.00176135     -0.0593523      0.0035227
          53000      0.0128405       0.160253      0.0256811
          53100      0.0147588      -0.171807      0.0295175
          53200      0.0277083      -0.235407      0.0554165
          53300      0.0214496      -0.207121      0.0428992
          53400       0.145536      -0.539511       0.291072
          53500       0.127795      -0.505559        0.25559
          53600       0.373077      -0.863802       0.746154
          53700       0.587274       -1.08377        1.17455
          53800       0.741546       -1.21782        1.48309
          53900     0.00465106     -0.0964475     0.00930211
          54000       0.102434      -0.452623       0.204868
          54100       0.137545      -0.524489       0.275089
          54200       0.251975      -0.709895       0.503951
          54300      0.0467087      -0.305643      0.0934174
          54400        0.31218      -0.790164       0.624359
          54500      0.0735386      -0.383506       0.147077
          54600     0.00828182         0.1287      0.0165636
          54700     0.00843152       0.129858       0.016863
          54800    0.000892957     -0.0422601     0.00178591
          54900      0.0131545      -0.162201       0.026309
          55000      0.0033651     -0.0820377     0.00673019
          55100      0.0123199       0.156971      0.0246399
          55200      0.0178455        0.18892      0.0356909
          55300      0.0102505       0.143182      0.0205011
          55400      0.0328567       0.256346      0.0657135
          55500      0.0188342       0.194083      0.0376683
          55600      0.0086611       0.131614      0.0173222
          55700      0.0916554       0.428148       0.183311
          55800      0.0127488       0.159679      0.0254975
          55900      0.0297566       0.243953      0.0595131
          56000       0.126391       0.502775       0.252782
          56100       0.131907       0.513629       0.263815
          56200       0.240877       0.694085       0.481754
          56300       0.215274       0.656162       0.430549
          56400       0.375873       0.867033       0.751746
          56500      0.0421886       0.290477      0.0843771
          56600      0.0956168       0.437303       0.191234
          56700       0.174054       0.590006       0.348107
          56800       0.473652       0.973295       0.947304
          56900       0.455049       0.953991       0.910099
          57000      0.0350017       0.264581      0.0700033
          57100      0.0820014       0.404973       0.164003
          57200       0.161147        0.56771       0.322294
          57300       0.109252       0.467444       0.218504
          57400       0.177002       0.594982       0.354004
          57500     0.00901463       0.134273      0.0180293
          57600       0.320709       0.800886       0.641419
          57700       0.459576       0.958724       0.919152
          57800       0.416303       0.912473       0.832607
          57900       0.297729       0.771659       0.595458
          58000       0.292687       0.765097       0.585374
          58100       0.177683       0.596125       0.355365
          58200      0.0596893       0.345512       0.119379
          58300     0.00243539      -0.069791     0.00487078
          58400     0.00775317      -0.124524      0.0155063
          58500        0.30402       -0.77977       0.608041
          58600       0.169565      -0.582349        0.33913
          58700      0.0329253      -0.256614      0.0658506
          58800     0.00638859       0.113036      0.0127772
          58900      0.0430969       0.293588      0.0861938
          59000     0.00879774       0.132648      0.0175955
          59100    0.000109608       0.014806    0.000219217
          59200     0.00505895      -0.100588      0.0101179
          59300      0.0125291      -0.158298      0.0250582
          59400      0.0202187       0.201091      0.0404375
          59500      0.0214893       0.207313      0.0429785
          59600     0.00293928      0.0766718     0.00587857
          59700    0.000950331     -0.0435966     0.00190066
          59800       0.290282      -0.761948       0.580564
          59900       0.247744      -0.703909       0.495487
          60000       0.215309      -0.656216       0.430619
          60100      0.0832721      -0.408098       0.166544
          60200      0.0972509      -0.441024       0.194502
          60300       0.161294      -0.567968       0.322587
          60400      0.0259132      -0.227654      0.0518265
          60500       0.027946      -0.236415      0.0558921
          60600     0.00789719       0.125676      0.0157944
          60700      0.0134282       0.163879      0.0268565
          60800     0.00522316       0.102207      0.0104463
          60900      0.0232791       0.215773      0.0465582
          61000     0.00538858      -0.103813      0.0107772
          61100      0.0956786       0.437444       0.191357
          61200       0.103279       0.454485       0.206557
          61300       0.325199       0.806473       0.650398
          61400        0.08359       0.408877        0.16718
          61500      0.0225356         0.2123      0.0450712
          61600      0.0930774       0.431456       0.186155
          61700       0.166091       0.576353       0.332183
          61800       0.458811       0.957926       0.917621
          61900       0.234681       0.685101       0.469363
          62000      0.0206806       0.203374      0.0413611
          62100       0.194907       0.624351       0.389815
          62200       0.122886       0.495754       0.245772
          62300         0.2541       0.712882       0.508201
          62400       0.281728       0.750637       0.563456
          62500       0.229196       0.677046       0.458392
          62600       0.588145        1.08457        1.17629
          62700       0.470142       0.969683       0.940284
          62800       0.199294       0.631338       0.398588
          62900       0.239487        0.69208       0.478975
          63000       0.672467        1.15971        1.34493
          63100       0.527479        1.02711        1.05496
          63200       0.487888       0.987813       0.975775
          63300       0.399207       0.893541       0.798415
          63400    0.000882279      0.0420066     0.00176456
          63500      0.0106478        0.14593      0.0212955
          63600      0.0173915       0.186502      0.0347831
          63700       0.107062       0.462736       0.214125
          63800      0.0018308      0.0605112      0.0036616
          63900      0.0480292       0.309933      0.0960583
          64000       0.313739       0.792135       0.627478
          64100       0.437939       0.935883       0.875877
          64200      0.0796676       0.399168       0.159335
          64300      0.0025276      0.0710999      0.0050552
          64400       0.032963       0.256761       0.065926
          64500       0.107062       0.462736       0.214125
          64600       0.155597       0.557847       0.311194
          64700      0.0689104       0.371242       0.137821
          64800     0.00332844      0.0815897     0.00665689
          64900      0.0782192      -0.395523       0.156438
          65000      0.0890211      -0.421951       0.178042
          65100       0.052075      -0.322723        0.10415
          65200     0.00492686      0.0992659     0.00985372
          65300      0.0227271        -0.2132      0.0454543
          65400       0.265598      -0.728832       0.531197
          65500      0.0113482      -0.150653      0.0226963
          65600      0.0636739       0.356858       0.127348
          65700      0.0295638       0.243162      0.0591276
          65800      0.0244106       0.220955      0.0488212
          65900      0.0149645          0.173      0.0299289
          66000    0.000290892      0.0241202    0.000581784
          66100    0.000115196     -0.0151787    0.000230392
          66200      0.0291794       0.241576      0.0583587
          66300       0.128777       0.507498       0.257554
          66400       0.512052        1.01198         1.0241
          66500        1.42561        1.68856        2.85122
          66600        1.14092        1.51058        2.28184
          66700       0.454093       0.952988       0.908185
          66800       0.452988       0.951828       0.905976
          66900       0.448142       0.946723       0.896284
          67000       0.482484       0.982328       0.964968
          67100       0.384674       0.877125       0.769349
          67200      0.0814034       0.403493       0.162807
          67300      0.0294547       0.242713      0.0589095
          67400     0.00307422      0.0784121     0.00614845
          67500      0.0413827       -0.28769      0.0827653
          67600     0.00694531      -0.117859      0.0138906
          67700     0.00161872      0.0568985     0.00323744
          67800       0.083109      -0.407698       0.166218
          67900      0.0201025      -0.200512      0.0402049
          68000    0.000952699     -0.0436509      0.0019054
          68100        0.14483         0.5382        0.28966
          68200       0.323477       0.804335       0.646954
          68300       0.423186       0.919985       0.846371
          68400       0.148034        0.54412       0.296067
          68500       0.396656       0.890681       0.793313
          68600       0.312897       0.791072       0.625795
          68700       0.415009       0.911053       0.830017
          68800       0.420342       0.916888       0.840684
          68900       0.220421       0.663959       0.440841
          69000       0.330243       0.812702       0.660485
          69100       0.119876       0.489645       0.239753
          69200       0.269544       0.734226       0.539088
          69300       0.674207        1.16121        1.34841
          69400        0.74637        1.22178        1.49274
          69500       0.459052       0.958177       0.918104
          69600       0.691937        1.17638        1.38387
          69700        1.00688        1.41907        2.01375
          69800       0.946812        1.37609        1.89362
          69900       0.582241        1.07911        1.16448
          70000       0.551635        1.05037        1.10327
          70100       0.912181        1.35069        1.82436
          70200        1.10232         1.4848        2.20464
          70300        1.06694        1.46078        2.13387
          70400       0.987876        1.40561        1.97575
          70500       0.880814        1.32726        1.76163
          70600       0.457875       0.956948        0.91575
          70700       0.311766       0.789641       0.623533
          70800       0.407009        0.90223       0.814019
          70900       0.376982       0.868311       0.753964
          71000       0.221066       0.664931       0.442133
          71100      0.0210881      -0.205368      0.0421762
          71200    0.000923704     -0.0429815     0.00184741
          71300       0.056329       0.335646       0.112658
          71400      0.0469988        0.30659      0.0939976
          71500     0.00868423       0.131789      0.0173685
          71600      0.0402767       0.283819      0.0805534
          71700      0.0655535       0.362087       0.131107
          71800     0.00584579      -0.108128      0.0116916
          71900       0.129397      -0.508717       0.258793
          72000       0.130592      -0.511062       0.261184
          72100       0.228546      -0.676086       0.457092
          72200      0.0842041      -0.410376       0.168408
          72300       0.351778      -0.838783       0.703557
          72400       0.451434      -0.950194       0.902868
          72500       0.674065       -1.16109        1.34813
          72600       0.588992       -1.08535        1.17798
          72700       0.604082       -1.09917        1.20816
          72800       0.387353      -0.880174       0.774707
          72900       0.390247      -0.883455       0.780493
          73000     0.00100143      0.0447534     0.00200286
          73100       0.124417       0.498833       0.248834
          73200       0.070043       0.374281       0.140086
          73300     0.00966181      -0.139009      0.0193236
          73400      0.0553273      -0.332648       0.110655
          73500       0.190276      -0.616889       0.380552
          73600       0.521914       -1.02168        1.04383
          73700       0.387283      -0.880095       0.774567
          73800       0.383179      -0.875418       0.766357
          73900       0.575079       -1.07245        1.15016
          74000       0.729508        -1.2079        1.45902
          74100       0.955227       -1.38219        1.91045
          74200        1.13937       -1.50955        2.27874
          74300        1.08826        -1.4753        2.17652
          74400        1.07914       -1.46911        2.15827
          74500        1.54549       -1.75812        3.09099
          74600        1.19147       -1.54368        2.38294
          74700        0.55046       -1.04925        1.10092
          74800       0.291697      -0.763802       0.583394
          74900       0.449073      -0.947706       0.898146
          75000       0.354691      -0.842248       0.709382
          75100       0.291957      -0.764143       0.583915
          75200        0.16666      -0.577339        0.33332
          75300       0.342817      -0.828031       0.685635
          75400       0.195701      -0.625622       0.391402
          75500      0.0374779      -0.273781      0.0749559
          75600     0.00643762      -0.113469      0.0128752
          75700      0.0577154       0.339751       0.115431
          75800      0.0115718       -0.15213      0.0231437
          75900      0.0103858       0.144123      0.0207716
          76000     0.00109096      -0.046711     0.00218192
          76100     0.00324801     -0.0805979     0.00649602
          76200      0.0363701      -0.269704      0.0727402
          76300      0.0729135      -0.381873       0.145827
          76400      0.0159588      -0.178655      0.0319176
          76500      0.0465428      -0.305099      0.0930856
          76600       0.405731      -0.900812       0.811462
          76700      0.0292774      -0.241981      0.0585547
          76800     0.00145134     -0.0538766     0.00290268
          76900      0.0236118        0.21731      0.0472235
          77000       0.024856       0.222962       0.049712
          77100       0.105135       0.458553        0.21027
          77200      0.0503008       0.317178       0.100602
          77300      0.0333398      -0.258224      0.0666796
          77400       0.014097      -0.167911       0.028194
          77500      0.0126974      -0.159358      0.0253949
          77600      0.0770116      -0.392458       0.154023
          77700     0.00193619     -0.0622285     0.00387239
          77800      0.0206714      -0.203329      0.0413428
          77900      0.0481971      -0.310474      0.0963943
          78000    5.78068e-05     -0.0107524    0.000115614
          78100      0.0356042      -0.266849      0.0712085
          78200      0.0185782       -0.19276      0.0371564
          78300     0.00276234     -0.0743282     0.00552468
          78400     0.00630517       0.112296      0.0126103
          78500      0.0820849       0.405179        0.16417
          78600       0.556274        1.05477        1.11255
          78700       0.501811        1.00181        1.00362
          78800       0.466192         0.9656       0.932384
          78900       0.332524       0.815505       0.665049
          79000       0.374054       0.864933       0.748109
          79100       0.427189       0.924326       0.854379
          79200       0.508176        1.00814        1.01635
          79300       0.500764        1.00076        1.00153
          79400       0.126826       0.503639       0.253652
          79500       0.261592       0.723315       0.523184
          79600       0.449687       0.948353       0.899374
          79700       0.829193        1.28778        1.65839
          79800       0.556694        1.05517        1.11339
          79900       0.503439        1.00343        1.00688
          80000       0.453638        0.95251       0.907276
          80100       0.603889        1.09899        1.20778
          80200       0.585117        1.08177        1.17023
          80300       0.854376        1.30719        1.70875
          80400       0.636752         1.1285         1.2735
          80500       0.845458        1.30035        1.69092
          80600        1.44665        1.70097        2.89329
          80700         1.3183        1.62376        2.63659
          80800        1.44222        1.69836        2.88443
          80900       0.895078        1.33797        1.79016
          81000       0.704649        1.18714         1.4093
          81100       0.433198       0.930804       0.866397
          81200       0.402995        0.89777       0.805991
          81300       0.592294        1.08839        1.18459
          81400        0.69563        1.17952        1.39126
          81500       0.677675         1.1642        1.35535
          81600      0.0644332        0.35898       0.128866
          81700    0.000780997      0.0395221     0.00156199
          81800       0.019816      -0.199078       0.039632
          81900      0.0773385       -0.39329       0.154677
          82000       0.226646       -0.67327       0.453292
          82100       0.208156      -0.645222       0.416311
          82200       0.176715      -0.594501       0.353431
          82300      0.0938662      -0.433281       0.187732
          82400       0.395008      -0.888828       0.790015
          82500       0.619663       -1.11325        1.23933
          82600       0.460094      -0.959264       0.920187
          82700       0.902542       -1.34353        1.80508
          82800       0.872721       -1.32115        1.74544
          82900       0.755269       -1.22904        1.51054
          83000        1.14708       -1.51465        2.29415
          83100        1.08856       -1.47551        2.17713
          83200        1.52322       -1.74541        3.04644
          83300        1.15599       -1.52052        2.31198
          83400       0.923648       -1.35915         1.8473
          83500       0.810747       -1.27338        1.62149
          83600       0.497341      -0.997338       0.994683
          83700       0.286923      -0.757527       0.573847
          83800       0.662945       -1.15147        1.32589
          83900       0.397464      -0.891587       0.794927
          84000       0.200293      -0.632919       0.400586
          84100       0.308078      -0.784956       0.616157
          84200       0.242698      -0.696704       0.485396
          84300       0.175996      -0.593289       0.351992
          84400       0.137401      -0.524216       0.274803
          84500       0.347227      -0.833339       0.694453
          84600       0.234261      -0.684487       0.468523
          84700         0.4242      -0.921086         0.8484
          84800       0.181353      -0.602251       0.362707
          84900       0.525643       -1.02532        1.05129
          85000       0.331132      -0.813796       0.662264
          85100      0.0901458      -0.424608       0.180292
          85200       0.121506      -0.492962       0.243012
          85300       0.259988      -0.721093       0.519975
          85400       0.132013      -0.513834       0.264025
          85500       0.359662       -0.84813       0.719325
          85600      0.0866572       -0.41631       0.173314
          85700      0.0130571      -0.161599      0.0261143
          85800     0.00333599      0.0816822     0.00667198
          85900     0.00052301      0.0323422     0.00104602
          86000    0.000719443     -0.0379326     0.00143889
          86100      0.0126168      -0.158851      0.0252335
          86200      0.0853041       0.413048       0.170608
          86300      0.0726156       0.381092       0.145231
          86400      0.0130752       0.161711      0.0261504
          86500       0.010541      -0.145196       0.021082
          86600     0.00881999       0.132816        0.01764
          86700      0.0435666       0.295183      0.0871332
          86800       0.396704       0.890735       0.793409
          86900       0.460009       0.959176       0.920018
          87000      0.0233468       0.216087      0.0466937
          87100      0.0537983       0.328019       0.107597
          87200       0.236316       0.687482       0.472631
          87300      0.0340944        0.26113      0.0681889
          87400      0.0585482       0.342193       0.117096
          87500       0.135148       0.519901       0.270297
          87600      0.0589535       0.343376       0.117907
          87700       0.129229       0.508387       0.258457
          87800     0.00983149       0.140225       0.019663
          87900      0.0157341      -0.177393      0.0314682
          88000       0.034745        0.26361        0.06949
          88100    0.000352719     -0.0265601    0.000705438
          88200       0.157279      -0.560855       0.314558
          88300       0.201331      -0.634556       0.402662
          88400       0.499085      -0.999085       0.998171
          88500      0.0767253      -0.391728       0.153451
          88600    4.76983e-05    -0.00976712    9.53965e-05
          88700     0.00155889      -0.055837     0.00311777
          88800       0.030963      -0.248849       0.061926
          88900      0.0372589      -0.272979      0.0745178
          89000       0.110152      -0.469365       0.220304
          89100       0.141869       -0.53267       0.283737
          89200     0.00704331      -0.118687      0.0140866
          89300       0.202512      -0.636416       0.405025
          89400       0.135134      -0.519873       0.270268
          89500       0.378287      -0.869812       0.756574
          89600       0.170843      -0.584539       0.341686
          89700      0.0389651       -0.27916      0.0779302
          89800      0.0787569       -0.39688       0.157514
          89900     0.00848991      -0.130307      0.0169798
          90000       0.105541      -0.459437       0.211082
          90100       0.071509      -0.378177       0.143018
          90200      0.0862731      -0.415387       0.172546
          90300       0.277029      -0.744351       0.554058
          90400       0.531854       -1.03136        1.06371
          90500       0.455019      -0.953959       0.910038
          90600      0.0373975      -0.273487       0.074795
          90700     0.00133642      0.0516996     0.00267285
          90800      0.0629469       0.354815       0.125894
          90900     0.00930727       0.136435      0.0186145
          91000       0.110496       0.470098       0.220992
          91100      0.0374549       0.273697      0.0749098
          91200       0.135339       0.520267       0.270677
          91300       0.341108       0.825964       0.682216
          91400        0.61869        1.11238        1.23738
          91500        0.48575       0.985647         0.9715
          91600       0.818212        1.27923        1.63642
          91700        1.23164        1.56949        2.46329
          91800       0.532923         1.0324        1.06585
          91900        1.04922         1.4486        2.09844
          92000       0.428922       0.926198       0.857843
          92100       0.345217       0.830923       0.690433
          92200       0.294414       0.767352       0.588828
          92300       0.274931       0.741527       0.549863
          92400      0.0112623      -0.150082      0.0225247
          92500      0.0770964       0.392674       0.154193
          92600    8.21601e-06     0.00405364     1.6432e-05
          92700    0.000419139      -0.028953    0.000838277
          92800     0.00136884     -0.0523229     0.00273769
          92900      0.0452121      -0.300706      0.0904242
          93000       0.130312      -0.510513       0.260623
          93100     0.00154232      0.0555395     0.00308464
          93200       0.113558       0.476566       0.227116
          93300      0.0895758       0.423263       0.179152
          93400       0.619825         1.1134        1.23965
          93500       0.682825        1.16861        1.36565
          93600       0.640124        1.13148        1.28025
          93700       0.194261       0.623316       0.388522
          93800     0.00273285      0.0739304      0.0054657
          93900      0.0301586       0.245596      0.0603172
          94000     0.00583304       -0.10801      0.0116661
          94100      0.0543858       0.329805       0.108772
          94200      0.0629325       0.354774       0.125865
          94300      0.0448308       0.299435      0.0896616
          94400      0.0547437       0.330889       0.109487
          94500       0.357411       0.845472       0.714822
          94600       0.190351        0.61701       0.380702
          94700       0.426521       0.923603       0.853042
          94800       0.634672        1.12665        1.26934
          94900        1.31322        1.62063        2.62645
          95000        1.11057        1.49035        2.22115
          95100        1.10775        1.48846        2.21551
          95200        1.12066         1.4971        2.24132
          95300       0.348907       0.835353       0.697814
          95400       0.641259        1.13248        1.28252
          95500        1.17893        1.53553        2.35786
          95600       0.625327        1.11833        1.25065
          95700       0.344736       0.830345       0.689473
          95800       0.123875       0.497746       0.247751
          95900       0.119663       0.489209       0.239325
          96000      0.0483894       0.311093      0.0967788
          96100       0.108023       0.464807       0.216046
          96200      0.0510128       0.319414       0.102026
          96300      0.0432682       0.294171      0.0865364
          96400     0.00338921     -0.0823312     0.00677842
          96500     0.00460772     -0.0959971     0.00921545
          96600    0.000548194     -0.0331117     0.00109639
          96700      0.0424425       -0.29135       0.084885
          96800       0.113614      -0.476685       0.227228
          96900      0.0237027      -0.217728      0.0474054
          97000    3.28776e-08   -0.000256428    6.57552e-08
          97100     0.00605148      -0.110013       0.012103
          97200      0.0531867      -0.326149       0.106373
          97300     0.00863372       0.131406      0.0172674
          97400    7.87833e-05      0.0125526    0.000157567
          97500     7.2207e-06    -0.00380019    1.44414e-05
          97600      0.0256126        0.22633      0.0512253
          97700      0.0105964       0.145577      0.0211928
          97800    0.000202643      0.0201317    0.000405287
          97900    0.000207514     -0.0203722    0.000415028
          98000     0.00244949     -0.0699928     0.00489899
          98100      0.0815369      -0.403824       0.163074
          98200        0.12606      -0.502116       0.252121
          98300       0.175298      -0.592112       0.350596
          98400       0.124366      -0.498731       0.248733
          98500      0.0439228      -0.296388      0.0878456
          98600      0.0892762      -0.422555       0.178552
          98700       0.355329      -0.843005       0.710657
          98800        0.52957       -1.02914        1.05914
          98900       0.422876      -0.919647       0.845751
          99000       0.531557       -1.03107        1.06311
          99100        1.01053       -1.42164        2.02106
          99200        0.73984       -1.21642        1.47968
          99300       0.461033      -0.960243       0.922066
          99400       0.462592      -0.961865       0.925185
          99500      0.0819329      -0.404803       0.163866
          99600    0.000102649     -0.0143282    0.000205298
          99700      0.0690453      -0.371605       0.138091
          99800       0.102988      -0.453847       0.205977
          99900     0.00339637     -0.0824181     0.00679274
         100000       0.116359      -0.482408       0.232718
