              0              0              0              0
            100       0.510287        1.01023        1.02057
            200       0.125568      -0.501136       0.251137
            300     0.00437675     -0.0935601      0.0087535
            400       0.236449      -0.687676       0.472898
            500      0.0146011      -0.170886      0.0292022
            600     0.00143268      0.0535291     0.00286536
            700      0.0169754       0.184258      0.0339509
            800       0.184163       0.606899       0.368326
            900      0.0270877       0.232756      0.0541754
           1000      0.0251602       0.224322      0.0503205
           1100      0.0285179       0.238822      0.0570359
           1200       0.197467      -0.628437       0.394933
           1300       0.288765      -0.759953       0.577529
           1400    2.37149e-05    -0.00688693    4.74298e-05
           1500      0.0935688      -0.432594       0.187138
           1600       0.197879      -0.629094       0.395759
           1700      0.0123458      -0.157135      0.0246916
           1800      0.0583082       0.341491       0.116616
           1900       0.416564      -0.912759       0.833128
           2000       0.115744       0.481132       0.231488
           2100       0.283887       0.753507       0.567773
           2200     0.00800703       0.126547      0.0160141
           2300     0.00199223      0.0631225     0.00398445
           2400    0.000313562      0.0250424    0.000627124
           2500      0.0150506       0.173497      0.0301012
           2600      0.0385048       0.277506      0.0770097
           2700      0.0508359        0.31886       0.101672
           2800       0.056205       0.335276        0.11241
           2900      0.0257377       0.226882      0.0514754
           3000      0.0137783       0.166002      0.0275567
           3100      0.0336227       0.259317      0.0672453
           3200       0.018047      -0.189984      0.0360939
           3300      0.0626367       -0.35394       0.125273
           3400       0.201617       0.635007       0.403234
           3500      0.0742441      -0.385342       0.148488
           3600       0.640059       -1.13142        1.28012
           3700     0.00135118      0.0519843     0.00270237
           3800      0.0981762       0.443117       0.196352
           3900       0.349004      -0.835468       0.698007
           4000         0.2016      -0.634981         0.4032
           4100      0.0435768       0.295218      0.0871536
           4200     0.00344304     -0.0829824     0.00688608
           4300       0.159841       0.565404       0.319681
           4400     0.00801342      -0.126597      0.0160268
           4500       0.326452      -0.808024       0.652903
           4600       0.141532       0.532037       0.283063
           4700     0.00718619      -0.119885      0.0143724
           4800     0.00155579      0.0557816     0.00311158
           4900      0.0089563      -0.133838      0.0179126
           5000      0.0230646      -0.214777      0.0461291
           5100      0.0152541      -0.174666      0.0305082
           5200      0.0102879      -0.143443      0.0205759
           5300       0.219684       0.662848       0.439368
           5400       0.196959       0.627628       0.393918
           5500    0.000347163     -0.0263501    0.000694325
           5600       0.648142        1.13854        1.29628
           5700       0.049181       0.313627      0.0983619
           5800       0.145693       0.539802       0.291387
           5900      0.0715399       0.378259        0.14308
           6000      0.0438833      -0.296254      0.0877665
           6100      0.0164505       0.181386       0.032901
           6200       0.088579      -0.420901       0.177158
           6300       0.198417       0.629948       0.396834
           6400      0.0324973        0.25494      0.0649945
           6500       0.014034       0.167535       0.028068
           6600    0.000116334      0.0152535    0.000232668
           6700       0.117868      -0.485527       0.235737
           6800      0.0271991       0.233234      0.0543982
           6900      0.0797963       -0.39949       0.159593
           7000     0.00436503     -0.0934347     0.00873005
           7100      0.0125702       0.158557      0.0251404
           7200    9.63797e-06     0.00439044    1.92759e-05
           7300     0.00507214      -0.100719      0.0101443
           7400     0.00349814      0.0836438     0.00699628
           7500      0.0383799      -0.277056      0.0767598
           7600     0.00511117      -0.101106      0.0102223
           7700     0.00968966        0.13921      0.0193793
           7800     0.00106343     -0.0461179     0.00212686
           7900     0.00650784      -0.114086      0.0130157
           8000      0.0619897      -0.352107       0.123979
           8100      0.0156277       0.176792      0.0312553
           8200      0.0453214       0.301069      0.0906428
           8300      0.0454634      -0.301541      0.0909268
           8400      0.0802899      -0.400724        0.16058
           8500    0.000623803     -0.0353215     0.00124761
           8600      0.0492715      -0.313916      0.0985429
           8700      0.0237027       0.217728      0.0474054
           8800      0.0415796      -0.288373      0.0831592
           8900      0.0138766      -0.166593      0.0277532
           9000      0.0559346      -0.334468       0.111869
           9100      0.0278417      -0.235973      0.0556834
           9200       0.016888       0.183783      0.0337761
           9300       0.108128      -0.465034       0.216257
           9400     0.00489737      0.0989684     0.00979475
           9500      0.0674939       0.367407       0.134988
           9600    0.000564928     -0.0336133     0.00112986
           9700    3.39269e-05     0.00823734    6.78538e-05
           9800      0.0318133      -0.252243      0.0636265
           9900     0.00732289       -0.12102      0.0146458
          10000       0.112377      -0.474082       0.224754
          10100     0.00520826      -0.102061      0.0104165
          10200    0.000622022       0.035271     0.00124404
          10300       0.014537      -0.170511       0.029074
          10400       0.228578      -0.676133       0.457156
          10500      0.0148236      -0.172184      0.0296472
          10600     0.00741733       0.121798      0.0148347
          10700       0.112439       0.474213       0.224878
          10800      0.0396887        0.28174      0.0793775
          10900       0.210736      -0.649209       0.421473
          11000        0.10638       -0.46126       0.212761
          11100     0.00878352       0.132541       0.017567
          11200       0.129215       0.508361       0.258431
          11300      0.0903498       0.425088         0.1807
          11400      0.0172831        0.18592      0.0345662
          11500    0.000219669     -0.0209604    0.000439337
          11600      0.0493197      -0.314069      0.0986393
          11700      0.0958521        0.43784       0.191704
          11800     0.00646247      -0.113688      0.0129249
          11900        0.11874        0.48732       0.237481
          12000      0.0484786       0.311379      0.0969571
          12100       0.173049       0.588302       0.346099
          12200     0.00121868     -0.0493696     0.00243735
          12300      0.0759386      -0.389714       0.151877
          12400      0.0934857       0.432402       0.186971
          12500       0.064676       0.359655       0.129352
          12600      0.0134188       0.163822      0.0268376
          12700       0.215642       0.656723       0.431285
          12800      0.0603615       0.347452       0.120723
          12900       0.193153      -0.621535       0.386306
          13000       0.467178      -0.966621       0.934356
          13100      0.0299267       0.244649      0.0598533
          13200      0.0299267       0.244649      0.0598533
          13300      0.0669016      -0.365791       0.133803
          13400      0.0330276       0.257012      0.0660553
          13500      0.0679443      -0.368631       0.135889
          13600      0.0442878      -0.297617      0.0885756
          13700      0.0137829      -0.166029      0.0275657
          13800      0.0312166       0.249866      0.0624332
          13900       0.209389       0.647131       0.418779
          14000       0.115759       0.481163       0.231517
          14100       0.739658        1.21627        1.47932
          14200       0.142828       0.534468       0.285656
          14300      0.0209731       0.204808      0.0419462
          14400     0.00038656       0.027805     0.00077312
          14500       0.213868       0.654015       0.427736
          14600     0.00325123      0.0806378     0.00650246
          14700       0.046496      -0.304946      0.0929919
          14800       0.121009      -0.491953       0.242018
          14900      0.0172439       0.185709      0.0344878
          15000      0.0156918      -0.177154      0.0313836
          15100       0.413706      -0.909622       0.827411
          15200       0.259646       0.720619       0.519291
          15300      0.0832693      -0.408091       0.166539
          15400      0.0171442      -0.185171      0.0342884
          15500     0.00903354       0.134414      0.0180671
          15600      0.0409446      -0.286163      0.0818891
          15700         0.3426       0.827768         0.6852
          15800       0.251668      -0.709462       0.503336
          15900    0.000725088      0.0380812     0.00145018
          16000       0.322373        0.80296       0.644745
          16100      0.0305662        0.24725      0.0611325
          16200      0.0642105      -0.358359       0.128421
          16300       0.180143      -0.600239       0.360287
          16400      0.0868681      -0.416817       0.173736
          16500       0.329873       0.812247       0.659745
          16600      0.0370308      -0.272143      0.0740617
          16700       0.169657       0.582506       0.339313
          16800      0.0508848       0.319014        0.10177
          16900     0.00845796       0.130061      0.0169159
          17000      0.0638932      -0.357472       0.127786
          17100      0.0919578      -0.428854       0.183916
          17200      0.0512605       0.320189       0.102521
          17300      0.0441952      -0.297305      0.0883905
          17400     0.00240379     -0.0693368     0.00480759
          17500     0.00462343      0.0961606     0.00924685
          17600       0.188666       0.614274       0.377333
          17700     0.00574688      -0.107209      0.0114938
          17800      0.0748365       0.386876       0.149673
          17900       0.127749       0.505469       0.255499
          18000       0.143133      -0.535037       0.286265
          18100      0.0189414      -0.194635      0.0378828
          18200      0.0744554       -0.38589       0.148911
          18300       0.176048      -0.593377       0.352096
          18400      0.0823148       0.405746        0.16463
          18500       0.031052       0.249207      0.0621039
          18600    0.000902685     -0.0424896     0.00180537
          18700      0.0319498      -0.252784      0.0638997
          18800       0.170555       0.584046        0.34111
          18900       0.193324      -0.621811       0.386649
          19000       0.572029        1.06961        1.14406
          19100      0.0678079       0.368261       0.135616
          19200       0.103281        0.45449       0.206562
          19300      0.0482905       0.310775      0.0965809
          19400      0.0603035      -0.347285       0.120607
          19500      0.0824596      -0.406102       0.164919
          19600      0.0714366       0.377986       0.142873
          19700       0.288682       0.759844       0.577363
          19800       0.108424       -0.46567       0.216848
          19900    0.000158307      0.0177937    0.000316615
          20000    8.61773e-05      0.0131284    0.000172355
          20100      0.0159633       -0.17868      0.0319265
          20200      0.0490827       0.313314      0.0981654
          20300       0.612004       -1.10635        1.22401
          20400      0.0153443      -0.175182      0.0306886
          20500      0.0152433       0.174604      0.0304866
          20600       0.255722      -0.715154       0.511445
          20700       0.193869       0.622687       0.387739
          20800      0.0534317         0.3269       0.106863
          20900    0.000361763      0.0268984    0.000723526
          21000       0.198289      -0.629745       0.396579
          21100      0.0114992      -0.151652      0.0229984
          21200     0.00878006      -0.132515      0.0175601
          21300     0.00100964     -0.0449365     0.00201929
          21400       0.046211        0.30401       0.092422
          21500       0.695243       -1.17919        1.39049
          21600       0.538253        1.03755        1.07651
          21700        0.25584      -0.715318        0.51168
          21800    0.000646203     -0.0359501     0.00129241
          21900       0.134506       0.518663       0.269011
          22000     0.00135885     -0.0521315      0.0027177
          22100    8.89037e-06     0.00421672    1.77807e-05
          22200       0.013951       0.167039      0.0279021
          22300       0.190117      -0.616631       0.380234
          22400      0.0811361       -0.40283       0.162272
          22500       0.031533       0.251129       0.063066
          22600    0.000897176     -0.0423598     0.00179435
          22700       0.276842      -0.744099       0.553683
          22800       0.169678      -0.582543       0.339356
          22900      0.0221637       0.210541      0.0443274
          23000       0.309478       0.786737       0.618956
          23100      0.0360309      -0.268443      0.0720618
          23200       0.101457       -0.45046       0.202914
          23300     0.00570557      -0.106823      0.0114111
          23400      0.0258232       0.227258      0.0516464
          23500      0.0102674       0.143299      0.0205347
          23600       0.187139       0.611783       0.374278
          23700       0.650754       -1.14084        1.30151
          23800      0.0231335      -0.215098       0.046267
          23900       0.447031       0.945548       0.894061
          24000      0.0015538     -0.0557458     0.00310759
          24100      0.0411757       0.286969      0.0823513
          24200      0.0901539      -0.424627       0.180308
          24300      0.0469647       0.306479      0.0939293
          24400       0.113602       0.476659       0.227204
          24500       0.141803      -0.532548       0.283607
          24600     0.00469592     -0.0969115     0.00939184
          24700      0.0444364      -0.298115      0.0888728
          24800     0.00721911      -0.120159      0.0144382
          24900       0.117524      -0.484817       0.235048
          25000      0.0189411       0.194634      0.0378822
          25100      0.0604746       0.347778       0.120949
          25200       0.175845       0.593035        0.35169
          25300     0.00677201       0.116379       0.013544
          25400        0.52154       -1.02131        1.04308
          25500       0.096152       0.438525       0.192304
          25600        0.20195      -0.635531         0.4039
          25700       0.473027      -0.972653       0.946054
          25800        0.15525      -0.557226       0.310501
          25900       0.113054      -0.475507       0.226107
          26000       0.013485      -0.164225        0.02697
          26100      0.0418634      -0.289356      0.0837267
          26200     0.00932325      -0.136552      0.0186465
          26300      0.0139512        0.16704      0.0279023
          26400       0.206607       0.642817       0.413214
          26500     0.00308263      0.0785192     0.00616527
          26600     0.00581755      -0.107866      0.0116351
          26700    0.000681565      0.0369206     0.00136313
          26800     0.00508787       0.100875      0.0101757
          26900      0.0348845      -0.264138       0.069769
          27000      0.0115659       0.152091      0.0231318
          27100       0.325085      -0.806332       0.650171
          27200      0.0110036      -0.148349      0.0220073
          27300       0.103951       0.455964       0.207903
          27400       0.119479       0.488834       0.238958
          27500     0.00733671      -0.121134      0.0146734
          27600      0.0536771       -0.32765       0.107354
          27700     0.00097525     -0.0441645      0.0019505
          27800      0.0140082       0.167381      0.0280164
          27900      0.0163583      -0.180877      0.0327167
          28000       0.006508       0.114088       0.013016
          28100       0.297921      -0.771907       0.595841
          28200      0.0791556       0.397883       0.158311
          28300      0.0020518     -0.0640594      0.0041036
          28400      0.0570508       0.337789       0.114102
          28500     0.00977924       0.139852      0.0195585
          28600      0.0116382      -0.152566      0.0232764
          28700       0.135651      -0.520867       0.271302
          28800       0.361091       0.849813       0.722183
          28900    0.000895249     -0.0423143      0.0017905
          29000       0.128289      -0.506535       0.256577
          29100      0.0575482      -0.339259       0.115096
          29200      0.0209879        0.20488      0.0419759
          29300       0.236978      -0.688445       0.473956
          29400       0.210565      -0.648945        0.42113
          29500        0.26279       0.724968       0.525579
          29600       0.562838       -1.06098        1.12568
          29700      0.0238187       -0.21826      0.0476374
          29800       0.300713      -0.775517       0.601427
          29900      0.0273626       0.233934      0.0547252
          30000      0.0187353       0.193573      0.0374705
          30100      0.0237573      -0.217979      0.0475146
          30200       0.291851      -0.764004       0.583702
          30300       0.562843       -1.06098        1.12569
          30400      0.0119446      -0.154561      0.0238891
          30500     0.00786114       0.125389      0.0157223
          30600      0.0423322      -0.290971      0.0846644
          30700       0.694252       -1.17835         1.3885
          30800      0.0718919      -0.379188       0.143784
          30900       0.207844       0.644738       0.415687
          31000      0.0219241        -0.2094      0.0438482
          31100      0.0307137       0.247846      0.0614274
          31200      0.0474724      -0.308131      0.0949447
          31300       0.482507      -0.982351       0.965014
          31400     0.00677579      -0.116411      0.0135516
          31500      0.0141979       -0.16851      0.0283958
          31600      0.0435985       0.295291       0.087197
          31700     0.00030335     -0.0246313      0.0006067
          31800       0.423698      -0.920542       0.847397
          31900       0.113856      -0.477193       0.227713
          32000       0.020648      -0.203214       0.041296
          32100       0.121715       0.493385       0.243429
          32200      0.0750255      -0.387364       0.150051
          32300      0.0657053       0.362506       0.131411
          32400      0.0612961      -0.350132       0.122592
          32500      0.0694361      -0.372656       0.138872
          32600      0.0231665       0.215251      0.0463329
          32700     0.00251133     -0.0708708     0.00502266
          32800       0.046816       0.305993      0.0936319
          32900      0.0470126       0.306635      0.0940253
          33000      0.0842079      -0.410385       0.168416
          33100       0.289471       0.760882       0.578941
          33200       0.172327      -0.587073       0.344654
          33300     0.00126203        0.05024     0.00252406
          33400       0.364112        0.85336       0.728224
          33500      0.0562482      -0.335405       0.112496
          33600      0.0171156       0.185017      0.0342312
          33700       0.153403       0.553901       0.306806
          33800      0.0510356      -0.319486       0.102071
          33900       0.194793       0.624169       0.389587
          34000       0.012062       0.155319       0.024124
          34100    0.000544826     -0.0330099     0.00108965
          34200       0.378222       0.869738       0.756444
          34300      0.0804538      -0.401133       0.160908
          34400        0.01136       0.150732      0.0227201
          34500      0.0734205      -0.383198       0.146841
          34600       0.196527       0.626941       0.393054
          34700      0.0155461       -0.17633      0.0310922
          34800      0.0656423       0.362332       0.131285
          34900    0.000203387      0.0201686    0.000406774
          35000     0.00495984      0.0995976     0.00991968
          35100        0.16492       0.574317       0.329841
          35200    0.000370161     -0.0272089    0.000740322
          35300         0.1328      -0.515365       0.265601
          35400      0.0732979       0.382878       0.146596
          35500      0.0225734      -0.212478      0.0451468
          35600      0.0013124      0.0512328      0.0026248
          35700      0.0349734       0.264475      0.0699468
          35800       0.274086       0.740387       0.548173
          35900      0.0254628      -0.225667      0.0509257
          36000      0.0375041       0.273876      0.0750082
          36100       0.234141      -0.684311       0.468282
          36200       0.176582       0.594277       0.353165
          36300       0.194583       0.623831       0.389166
          36400      0.0140731       0.167768      0.0281461
          36500    0.000943134     -0.0434312     0.00188627
          36600     0.00396593      -0.089061     0.00793187
          36700     0.00568647      -0.106644      0.0113729
          36800       0.467624      -0.967082       0.935247
          36900      0.0136387       0.165158      0.0272773
          37000       0.284079      -0.753762       0.568158
          37100      0.0939667      -0.433513       0.187933
          37200    8.28535e-06     0.00407071    1.65707e-05
          37300       0.013822       0.166265      0.0276441
          37400       0.129955      -0.509815       0.259911
          37500      0.0077455      -0.124463       0.015491
          37600     0.00276241      0.0743291     0.00552482
          37700      0.0224854       0.212063      0.0449709
          37800      0.0262061      -0.228937      0.0524123
          37900      0.0448952       -0.29965      0.0897904
          38000       0.128037      -0.506037       0.256074
          38100    6.30724e-07    -0.00112314    1.26145e-06
          38200       0.437169        0.93506       0.874338
          38300      0.0136168      -0.165026      0.0272337
          38400      0.0283039       0.237924      0.0566078
          38500       0.123154      -0.496295       0.246309
          38600      0.0394902       0.281034      0.0789803
          38700      0.0272356      -0.233391      0.0544712
          38800     0.00681803      -0.116774      0.0136361
          38900       0.033841       0.260158       0.067682
          39000        0.56234        1.06051        1.12468
          39100      0.0517474      -0.321706       0.103495
          39200      0.0130869      -0.161783      0.0261737
          39300     0.00762853      -0.123519      0.0152571
          39400     0.00540804          0.104      0.0108161
          39500      0.0247664       -0.22256      0.0495329
          39600      0.0502841       0.317125       0.100568
          39700      0.0241657      -0.219844      0.0483314
          39800     0.00529223      -0.102881      0.0105845
          39900      0.0506739       0.318352       0.101348
          40000    0.000132658     -0.0162885    0.000265317
          40100     0.00456148      0.0955142     0.00912296
          40200       0.343297       0.828609       0.686593
          40300      0.0584403       0.341878       0.116881
          40400     0.00593032       0.108907      0.0118606
          40500      0.0615814      -0.350946       0.123163
          40600      0.0046587      0.0965267      0.0093174
          40700       0.102115       0.451918        0.20423
          40800       0.344849       0.830481       0.689699
          40900    1.87702e-05     0.00612703    3.75405e-05
          41000       0.177242      -0.595385       0.354483
          41100       0.105207       0.458708       0.210413
          41200      0.0184782      -0.192241      0.0369565
          41300      0.0804153      -0.401037       0.160831
          41400       0.197471      -0.628444       0.394942
          41500       0.501108        1.00111        1.00222
          41600       0.015181      -0.174247       0.030362
          41700       0.272728       -0.73855       0.545455
          41800      0.0181732       0.190648      0.0363465
          41900      0.0347379      -0.263583      0.0694757
          42000       0.439225      -0.937256       0.878449
          42100     0.00111836     -0.0472939     0.00223671
          42200    0.000957143     -0.0437526     0.00191429
          42300      0.0256821       0.226637      0.0513642
          42400      0.0259486       -0.22781      0.0518972
          42500      0.0352794      -0.265629      0.0705589
          42600      0.0823533      -0.405841       0.164707
          42700      0.0157703      -0.177597      0.0315406
          42800      0.0491809       0.313627      0.0983618
          42900      0.0966111       -0.43957       0.193222
          43000       0.410927      -0.906561       0.821854
          43100      0.0285971       0.239153      0.0571942
          43200        0.02195       0.209523         0.0439
          43300      0.0157571       0.177522      0.0315142
          43400       0.362998       0.852054       0.725996
          43500     0.00221155     -0.0665063     0.00442309
          43600       0.186581        0.61087       0.373162
          43700       0.330909      -0.813521       0.661817
          43800      0.0879353      -0.419369       0.175871
          43900     0.00483509      0.0983371     0.00967018
          44000      0.0231187      -0.215029      0.0462374
          44100      0.0482791       0.310738      0.0965582
          44200    8.01622e-05      0.0126619    0.000160324
          44300     0.00130071      0.0510041     0.00260141
          44400      0.0513773       0.320553       0.102755
          44500       0.344758      -0.830371       0.689515
          44600      0.0832583      -0.408064       0.166517
          44700      0.0507765       0.318674       0.101553
          44800      0.0811213       0.402794       0.162243
          44900      0.0554004      -0.332867       0.110801
          45000       0.061916       0.351898       0.123832
          45100       0.227833        0.67503       0.455665
          45200       0.191042        0.61813       0.382085
          45300    0.000250025      0.0223618    0.000500049
          45400      0.0021337     -0.0653253      0.0042674
          45500      0.0812475       0.403107       0.162495
          45600       0.052719      -0.324712       0.105438
          45700      0.0448559       0.299519      0.0897118
          45800       0.173027      -0.588264       0.346054
          45900      0.0977189      -0.442083       0.195438
          46000      0.0205615      -0.202788      0.0411229
          46100    0.000443299     -0.0297758    0.000886599
          46200      0.0175429       0.187312      0.0350857
          46300       0.332723      -0.815749       0.665446
          46400      0.0545518       0.330308       0.109104
          46500     0.00963987       0.138852      0.0192797
          46600      0.0174387      -0.186755      0.0348774
          46700       0.465308      -0.964685       0.930617
          46800       0.240607      -0.693696       0.481215
          46900      0.0127538       0.159711      0.0255075
          47000      0.0276123       0.234999      0.0552246
          47100       0.109103       0.467125       0.218205
          47200     0.00099296     -0.0445637     0.00198592
          47300      0.0281523       0.237286      0.0563046
          47400      0.0318962       0.252571      0.0637923
          47500       0.048526      -0.311532      0.0970521
          47600      0.0265064       0.230245      0.0530128
          47700      0.0554806      -0.333108       0.110961
          47800       0.683599        1.16927         1.3672
          47900      0.0228786       0.213909      0.0457573
          48000       0.059659       0.345424       0.119318
          48100      0.0454353      -0.301448      0.0908707
          48200       0.180172      -0.600287       0.360345
          48300      0.0104197       0.144359      0.0208395
          48400     0.00545745       0.104474      0.0109149
          48500      0.0244038      -0.220924      0.0488076
          48600       0.191967       0.619625       0.383935
          48700     0.00333224     -0.0816362     0.00666447
          48800      0.0511029       0.319697       0.102206
          48900      0.0530326      -0.325677       0.106065
          49000       0.106033      -0.460506       0.212066
          49100      0.0230005      -0.214478      0.0460009
          49200     0.00432958      0.0930546     0.00865917
          49300       0.020918       0.204539       0.041836
          49400      0.0927145      -0.430615       0.185429
          49500       0.241555      -0.695062       0.483111
          49600     0.00062157      0.0352582     0.00124314
          49700       0.130054       0.510009       0.260109
          49800      0.0887312      -0.421263       0.177462
          49900       0.185967       0.609863       0.371933
          50000     0.00493697      0.0993677     0.00987394
          50100      0.0666566       0.365121       0.133313
          50200       0.356756      -0.844696       0.713511
          50300      0.0200438      -0.200219      0.0400876
          50400     0.00396621      0.0890641     0.00793242
          50500      0.0125164      -0.158217      0.0250327
          50600       0.118335      -0.486488        0.23667
          50700       0.302866      -0.778288       0.605732
          50800     0.00949313      -0.137791      0.0189863
          50900       0.137115       -0.52367       0.274231
          51000       0.193656       0.622344       0.387312
          51100     0.00710282      -0.119187      0.0142056
          51200     0.00502655       0.100265      0.0100531
          51300      0.0990329      -0.445046       0.198066
          51400       0.169934       0.582982       0.339867
          51500      0.0449915      -0.299972       0.089983
          51600      0.0303209      -0.246256      0.0606418
          51700      0.0523634       0.323615       0.104727
          51800       0.261224      -0.722806       0.522449
          51900    2.39549e-05     0.00692169    4.79098e-05
          52000     0.00956736       0.138328      0.0191347
          52100       0.123872       0.497738       0.247743
          52200      0.0730146      -0.382138       0.146029
          52300       0.310534       0.788079       0.621068
          52400       0.103789      -0.455607       0.207578
          52500     0.00648276       0.113866      0.0129655
          52600       0.221628      -0.665774       0.443255
          52700      0.0022564      0.0671773     0.00451279
          52800      0.0984522      -0.443739       0.196904
          52900      0.0895782      -0.423269       0.179156
          53000    1.13227e-05    -0.00475871    2.26454e-05
          53100        0.09246       0.430023        0.18492
          53200      0.0284327      -0.238465      0.0568653
          53300      0.0483101       0.310838      0.0966202
          53400    0.000512936     -0.0320292     0.00102587
          53500    1.88108e-07   -0.000613364    3.76216e-07
          53600      0.0531402       0.326007        0.10628
          53700     0.00925695      -0.136066      0.0185139
          53800      0.0219733       0.209635      0.0439466
          53900       0.241926       0.695595       0.483852
          54000     0.00123074      0.0496133     0.00246148
          54100      0.0413577      -0.287603      0.0827154
          54200     0.00730626       0.120882      0.0146125
          54300      0.0431297        -0.2937      0.0862594
          54400      0.0143218      -0.169244      0.0286435
          54500    0.000293093     -0.0242113    0.000586186
          54600        1.46687       -1.71282        2.93374
          54700     0.00568276       0.106609      0.0113655
          54800      0.0500474       0.316378       0.100095
          54900     0.00613073      -0.110731      0.0122615
          55000      0.0116444       0.152607      0.0232888
          55100       0.326664      -0.808287       0.653328
          55200       0.203127        0.63738       0.406253
          55300      0.0165922      -0.182166      0.0331843
          55400        0.07982       -0.39955        0.15964
          55500       0.162325       0.569781       0.324651
          55600      0.0761866       -0.39035       0.152373
          55700      0.0134181      -0.163818      0.0268363
          55800    0.000173995      0.0186545    0.000347991
          55900    0.000180127     -0.0189804    0.000360254
          56000       0.106936      -0.462464       0.213873
          56100      0.0849095       0.412091       0.169819
          56200      0.0249371      -0.223325      0.0498743
          56300      0.0231021      -0.214952      0.0462042
          56400      0.0589582       -0.34339       0.117916
          56500      0.0625146       0.353595       0.125029
          56600      0.0188329      -0.194077      0.0376657
          56700     0.00203946      0.0638665     0.00407893
          56800       0.209933        0.64797       0.419866
          56900       0.585309       -1.08195        1.17062
          57000     0.00854198      -0.130706       0.017084
          57100      0.0384311        0.27724      0.0768622
          57200     0.00795171       0.126109      0.0159034
          57300       0.195993       0.626087       0.391985
          57400       0.173566       0.589178       0.347131
          57500      0.0857812      -0.414201       0.171562
          57600    0.000680252       0.036885      0.0013605
          57700       0.217284      -0.659218       0.434569
          57800     0.00724617      -0.120384      0.0144923
          57900      0.0192717       0.196325      0.0385433
          58000       0.109928      -0.468889       0.219857
          58100    8.36877e-05      0.0129374    0.000167375
          58200     0.00539229       0.103849      0.0107846
          58300       0.075341      -0.388178       0.150682
          58400      0.0249145       0.223224      0.0498291
          58500      0.0905243       0.425498       0.181049
          58600      0.0540253      -0.328711       0.108051
          58700    0.000573243     -0.0338598     0.00114649
          58800       0.161135       0.567689        0.32227
          58900      0.0015451      0.0555895      0.0030902
          59000      0.0005781      0.0340029      0.0011562
          59100      0.0883886      -0.420449       0.176777
          59200      0.0824557      -0.406093       0.164911
          59300      0.0257736       -0.22704      0.0515472
          59400      0.0118426         0.1539      0.0236852
          59500    0.000663766     -0.0364353     0.00132753
          59600      0.0162961      -0.180533      0.0325923
          59700       0.366411       0.856051       0.732823
          59800       0.186594       0.610891       0.373187
          59900      0.0183793      -0.191725      0.0367585
          60000      0.0846083       -0.41136       0.169217
          60100      0.0260272      -0.228154      0.0520543
          60200     0.00394557      0.0888321     0.00789115
          60300        0.16582      -0.575882        0.33164
          60400       0.621171        -1.1146        1.24234
          60500       0.105549      -0.459453       0.211097
          60600      0.0207369      -0.203651      0.0414739
          60700      0.0133705       0.163527      0.0267411
          60800      0.0500143       0.316273       0.100029
          60900       0.302626       -0.77798       0.605252
          61000       0.363866       0.853072       0.727731
          61100      0.0199494      -0.199747      0.0398988
          61200    0.000386445     -0.0278009    0.000772889
          61300      0.0325385      -0.255102       0.065077
          61400      0.0997462       0.446646       0.199492
          61500       0.173766      -0.589518       0.347532
          61600     0.00887166      -0.133204      0.0177433
          61700      0.0394381       0.280849      0.0788761
          61800        0.10136      -0.450244       0.202719
          61900      0.0695599       0.372988        0.13912
          62000      0.0317962       0.252175      0.0635923
          62100     0.00467025     -0.0966463     0.00934051
          62200      0.0187768      -0.193787      0.0375535
          62300        0.15345       0.553985       0.306899
          62400       0.111691       0.472633       0.223382
          62500     0.00235079     -0.0685681     0.00470158
          62600    0.000117916      0.0153568    0.000235832
          62700      0.0301343      -0.245497      0.0602685
          62800      0.0239704       0.218954      0.0479408
          62900     0.00113341     -0.0476112     0.00226682
          63000       0.181245       0.602072        0.36249
          63100       0.390275      -0.883488       0.780551
          63200      0.0865764       0.416116       0.173153
          63300       0.300977      -0.775858       0.601955
          63400      0.0244355       0.221068      0.0488709
          63500    0.000935636     -0.0432582     0.00187127
          63600      0.0314407      -0.250762      0.0628814
          63700     0.00291255      0.0763224     0.00582511
          63800       0.433626       0.931264       0.867253
          63900       0.100173       0.447601       0.200347
          64000       0.094992       0.435871       0.189984
          64100      0.0867978       0.416648       0.173596
          64200       0.262246      -0.724219       0.524493
          64300     0.00596165       0.109194      0.0119233
          64400        0.14969       0.547156       0.299379
          64500       0.141746       -0.53244       0.283492
          64600       0.106733       0.462024       0.213467
          64700     0.00686755      -0.117197      0.0137351
          64800       0.035535       -0.26659        0.07107
          64900       0.211661      -0.650632       0.423322
          65000       0.128316       0.506588       0.256631
          65100       0.106881       0.462345       0.213763
          65200       0.109616       0.468223       0.219233
          65300       0.109327       0.467604       0.218653
          65400      0.0150786       0.173659      0.0301573
          65500       0.176538       0.594202       0.353077
          65600        0.15648      -0.559429       0.312961
          65700      0.0377792      -0.274879      0.0755585
          65800      0.0395848       0.281371      0.0791697
          65900      0.0216606       0.208137      0.0433211
          66000     0.00997908      -0.141273      0.0199582
          66100       0.295461       0.768714       0.590922
          66200    0.000243161      0.0220527    0.000486322
          66300      0.0016932     -0.0581928     0.00338641
          66400      0.0151221      -0.173908      0.0302441
          66500      0.0319791        -0.2529      0.0639582
          66600      0.0267064      -0.231112      0.0534128
          66700       0.375028      -0.866058       0.750056
          66800       0.174015       0.589941       0.348031
          66900        0.38931      -0.882395        0.77862
          67000     0.00972545      -0.139466      0.0194509
          67100      0.0272249       0.233345      0.0544497
          67200       0.202448       0.636314       0.404896
          67300      0.0110615       0.148738      0.0221229
          67400    0.000829982      0.0407427     0.00165996
          67500       0.268754       -0.73315       0.537509
          67600       0.051301      -0.320316       0.102602
          67700       0.056762       0.336933       0.113524
          67800        0.30818       0.785086        0.61636
          67900     0.00456142     -0.0955135     0.00912284
          68000     0.00895134       0.133801      0.0179027
          68100      0.0509848       0.319327        0.10197
          68200      0.0542333      -0.329343       0.108467
          68300      0.0353952      -0.266065      0.0707905
          68400      0.0649844       0.360512       0.129969
          68500      0.0362909       -0.26941      0.0725818
          68600       0.241206      -0.694559       0.482412
          68700       0.106267       0.461014       0.212534
          68800      0.0209791       0.204837      0.0419582
          68900       0.232303        0.68162       0.464605
          69000      0.0925567      -0.430248       0.185113
          69100      0.0569765       0.337569       0.113953
          69200     0.00111965      0.0473212      0.0022393
          69300      0.0463398      -0.304433      0.0926795
          69400       0.187597        0.61253       0.375193
          69500       0.049676       0.315201      0.0993519
          69600       0.109269       -0.46748       0.218538
          69700     0.00898018       0.134016      0.0179604
          69800      0.0618689       0.351764       0.123738
          69900       0.122275      -0.494519       0.244549
          70000      0.0295877       -0.24326      0.0591755
          70100      0.0118344       0.153847      0.0236688
          70200      0.0262626       0.229184      0.0525253
          70300       0.163278      -0.571452       0.326557
          70400     0.00120486     -0.0490889     0.00240972
          70500       0.286522      -0.756997       0.573045
          70600       0.117779      -0.485344       0.235558
          70700    0.000709712     -0.0376753     0.00141942
          70800         0.4886       0.988534         0.9772
          70900      0.0314663      -0.250864      0.0629326
          71000      0.0780756        0.39516       0.156151
          71100       0.217391        0.65938       0.434781
          71200      0.0359891      -0.268287      0.0719781
          71300      0.0223641       -0.21149      0.0447281
          71400     0.00982729       0.140195      0.0196546
          71500        0.13917       0.527579        0.27834
          71600        0.26371      -0.726236       0.527419
          71700      0.0769195       0.392223       0.153839
          71800    2.80858e-05    -0.00749477    5.61715e-05
          71900      0.0132699       -0.16291      0.0265397
          72000       0.227483      -0.674512       0.454966
          72100      0.0071611      -0.119675      0.0143222
          72200       0.081445       0.403596        0.16289
          72300      0.0212219      -0.206019      0.0424437
          72400       0.090753       0.426035       0.181506
          72500       0.127845       0.505658        0.25569
          72600       0.003896     -0.0882723     0.00779199
          72700       0.145521      -0.539483       0.291041
          72800    3.66042e-05    -0.00855619    7.32084e-05
          72900      0.0539354       0.328437       0.107871
          73000       0.134833       0.519293       0.269665
          73100      0.0302339      -0.245902      0.0604678
          73200      0.0306192      -0.247464      0.0612385
          73300    0.000358238      0.0267671    0.000716475
          73400     0.00585115       0.108177      0.0117023
          73500       0.173805       0.589585        0.34761
          73600      0.0213263       0.206525      0.0426525
          73700    0.000110264      0.0148502    0.000220527
          73800     0.00780493      -0.124939      0.0156099
          73900      0.0781708      -0.395401       0.156342
          74000      0.0122718       0.156664      0.0245435
          74100      0.0216421      -0.208049      0.0432843
          74200       0.468643       0.968135       0.937286
          74300      0.0186602       0.193185      0.0373203
          74400      0.0571634      -0.338122       0.114327
          74500       0.011887      -0.154188       0.023774
          74600       0.332251        0.81517       0.664503
          74700       0.105018       0.458297       0.210036
          74800    3.46642e-05    -0.00832637    6.93285e-05
          74900       0.159717      -0.565185       0.319434
          75000       0.142393      -0.533654       0.284786
          75100      0.0266286      -0.230775      0.0532571
          75200      0.0107386       0.146551      0.0214773
          75300       0.117839      -0.485467       0.235678
          75400      0.0715882       0.378386       0.143176
          75500       0.258371       0.718848       0.516743
          75600       0.111375       0.471964        0.22275
          75700      0.0615303        -0.3508       0.123061
          75800      0.0401296        -0.2833      0.0802592
          75900    0.000576434     -0.0339539     0.00115287
          76000      0.0427061       0.292254      0.0854121
          76100      0.0126106       0.158812      0.0252212
          76200      0.0511125       0.319726       0.102225
          76300       0.208934      -0.646428       0.417869
          76400      0.0714344       -0.37798       0.142869
          76500      0.0151771       0.174224      0.0303542
          76600       0.114663       0.478881       0.229327
          76700       0.120426      -0.490766       0.240852
          76800      0.0383592      -0.276981      0.0767183
          76900      0.0274841       0.234453      0.0549681
          77000       0.102392       -0.45253       0.204784
          77100    8.36388e-05     -0.0129336    0.000167278
          77200      0.0620633      -0.352316       0.124127
          77300      0.0527533      -0.324818       0.105507
          77400     0.00531528       0.103105      0.0106306
          77500      0.0837328       0.409226       0.167466
          77600       0.561898       -1.06009         1.1238
          77700      0.0066073       0.114955      0.0132146
          77800       0.100453       0.448226       0.200906
          77900      0.0378134       0.275003      0.0756268
          78000       0.104155      -0.456411       0.208311
          78100      0.0150555       0.173525       0.030111
          78200     0.00209936     -0.0647976     0.00419873
          78300      0.0272572      -0.233483      0.0545143
          78400    2.10529e-06     0.00205197    4.21058e-06
          78500     0.00534471        0.10339      0.0106894
          78600      0.0567209      -0.336811       0.113442
          78700      0.0558593       0.334243       0.111719
          78800      0.0564174      -0.335909       0.112835
          78900       0.129854       0.509616       0.259709
          79000     0.00844667       0.129974      0.0168933
          79100       0.033447       0.258639      0.0668939
          79200      0.0277251       0.235478      0.0554501
          79300       0.324444       0.805536       0.648888
          79400      0.0015593      0.0558444      0.0031186
          79500       0.058627      -0.342424       0.117254
          79600       0.053782        0.32797       0.107564
          79700     0.00274533       0.074099     0.00549066
          79800      0.0193987       -0.19697      0.0387974
          79900      0.0139279      -0.166901      0.0278559
          80000       0.053675       0.327643        0.10735
          80100       0.143671       0.536042       0.287341
          80200      0.0629833      -0.354918       0.125967
          80300      0.0521405       0.322926       0.104281
          80400      0.0696188      -0.373145       0.139238
          80500      0.0712114        0.37739       0.142423
          80600       0.133385      -0.516497       0.266769
          80700       0.346482       0.832444       0.692963
          80800      0.0397706       -0.28203      0.0795412
          80900      0.0805933       -0.40148       0.161187
          81000       0.220326       0.663816       0.440652
          81100       0.013327      -0.163261       0.026654
          81200       0.250366       0.707624       0.500732
          81300       0.171679       0.585967       0.343358
          81400        0.49712      -0.997116        0.99424
          81500     0.00159935       0.056557      0.0031987
          81600    0.000870035      0.0417141     0.00174007
          81700       0.553602       -1.05224         1.1072
          81800      0.0488107      -0.312444      0.0976213
          81900      0.0825058      -0.406216       0.165012
          82000       0.140781       0.530624       0.281562
          82100      0.0513107      -0.320346       0.102621
          82200        0.74983       -1.22461        1.49966
          82300       0.019785       0.198922      0.0395701
          82400       0.003189     -0.0798624       0.006378
          82500      0.0112518       0.150012      0.0225036
          82600       0.461091      -0.960303       0.922181
          82700      0.0679737       -0.36871       0.135947
          82800      0.0564283       0.335941       0.112857
          82900      0.0112549       0.150033      0.0225099
          83000      0.0764709      -0.391078       0.152942
          83100       0.177172       0.595268       0.354344
          83200       0.155659      -0.557959       0.311318
          83300      0.0093259      -0.136572      0.0186518
          83400      0.0301404      -0.245521      0.0602808
          83500      0.0497398      -0.315404      0.0994796
          83600       0.115924      -0.481505       0.231847
          83700       0.127045      -0.504073       0.254089
          83800     0.00108278      0.0465357     0.00216557
          83900       0.162441       0.569984       0.324881
          84000         0.1608      -0.567098         0.3216
          84100       0.125377       0.500754       0.250755
          84200      0.0722133      -0.380035       0.144427
          84300      0.0596513       0.345402       0.119303
          84400      0.0574269      -0.338901       0.114854
          84500     0.00209433     -0.0647198     0.00418866
          84600       0.272267       0.737925       0.544534
          84700     0.00982792       0.140199      0.0196558
          84800       0.446411      -0.944893       0.892822
          84900    0.000655548     -0.0362091      0.0013111
          85000      0.0013785      0.0525072       0.002757
          85100       0.185586       0.609239       0.371173
          85200       0.124208      -0.498413       0.248416
          85300     0.00727508      -0.120624      0.0145502
          85400       0.323617      -0.804508       0.647233
          85500       0.317236      -0.796538       0.634473
          85600      0.0212633       -0.20622      0.0425267
          85700      0.0267032       0.231098      0.0534064
          85800      0.0427891       0.292538      0.0855783
          85900      0.0339156      -0.260444      0.0678312
          86000       0.118314       0.486444       0.236627
          86100    6.30721e-06    -0.00355168    1.26144e-05
          86200     0.00189214     -0.0615165     0.00378428
          86300    0.000204173      0.0202076    0.000408346
          86400      0.0371553         0.2726      0.0743106
          86500      0.0207968       0.203945      0.0415935
          86600       0.100827       -0.44906       0.201655
          86700     0.00628401      -0.112107       0.012568
          86800       0.191331      -0.618596       0.382662
          86900        0.46913      -0.968638        0.93826
          87000      0.0302273      -0.245875      0.0604547
          87100       0.060444       -0.34769       0.120888
          87200      0.0115455       0.151957      0.0230911
          87300       0.558445       -1.05683        1.11689
          87400      0.0129033      -0.160644      0.0258065
          87500      0.0980604      -0.442855       0.196121
          87600      0.0813548      -0.403373        0.16271
          87700       0.043745      -0.295787        0.08749
          87800       0.354359       0.841854       0.708718
          87900      0.0316338       -0.25153      0.0632676
          88000      0.0493346       0.314116      0.0986691
          88100     0.00422666       0.091942     0.00845333
          88200       0.021102       0.205436      0.0422041
          88300      0.0673848       -0.36711        0.13477
          88400     0.00331127      0.0813789     0.00662253
          88500      0.0124303       0.157673      0.0248607
          88600    5.50951e-05     -0.0104972     0.00011019
          88700      0.0348534      -0.264021      0.0697069
          88800       0.851265       -1.30481        1.70253
          88900     0.00566619       0.106454      0.0113324
          89000      0.0101156      -0.142237      0.0202312
          89100      0.0409071      -0.286032      0.0818143
          89200      0.0662498      -0.364005         0.1325
          89300      0.0623916       0.353247       0.124783
          89400       0.545943       -1.04493        1.09189
          89500      0.0461148      -0.303693      0.0922296
          89600       0.185266       0.608713       0.370531
          89700      0.0142813      -0.169005      0.0285626
          89800      0.0323195       0.254242       0.064639
          89900     0.00739159      -0.121586      0.0147832
          90000      0.0755228       0.388646       0.151046
          90100    0.000535111      0.0327142     0.00107022
          90200      0.0153789       0.175379      0.0307578
          90300      0.0173195       0.186116       0.034639
          90400      0.0453447       0.301147      0.0906894
          90500      0.0112607      -0.150071      0.0225214
          90600    0.000192121     -0.0196021    0.000384241
          90700      0.0130199       0.161368      0.0260398
          90800     0.00483866     -0.0983734     0.00967732
          90900       0.102658      -0.453117       0.205315
          91000       0.266887      -0.730599       0.533775
          91100       0.110575       0.470265       0.221149
          91200       0.245526       0.700751       0.491053
          91300      0.0270806       0.232726      0.0541612
          91400       0.110298      -0.469676       0.220595
          91500       0.105209      -0.458714       0.210418
          91600     0.00365274      0.0854721     0.00730549
          91700    0.000319728      0.0252875    0.000639456
          91800     0.00214206      0.0654531     0.00428411
          91900      0.0124589      -0.157854      0.0249178
          92000       0.115056      -0.479699       0.230112
          92100     0.00761671      -0.123424      0.0152334
          92200      0.0445717      -0.298569      0.0891435
          92300       0.015118       0.173885       0.030236
          92400       0.130805       0.511478       0.261609
          92500       0.595394       -1.09123        1.19079
          92600     0.00178662      0.0597766     0.00357324
          92700     4.8052e-06    -0.00310007    9.61041e-06
          92800       0.602293       -1.09754        1.20459
          92900      0.0192418       0.196172      0.0384835
          93000       0.154228      -0.555389       0.308456
          93100      0.0374112      -0.273537      0.0748223
          93200     0.00671146       0.115857      0.0134229
          93300      0.0872595       0.417755       0.174519
          93400      0.0637235       0.356997       0.127447
          93500     0.00497171     -0.0997167     0.00994342
          93600      0.0230018       0.214484      0.0460035
          93700      0.0511104        0.31972       0.102221
          93800     0.00350935      0.0837777      0.0070187
          93900       0.430473       0.927872       0.860947
          94000       0.586741        1.08327        1.17348
          94100      0.0775256      -0.393765       0.155051
          94200      0.0171928      -0.185434      0.0343856
          94300       0.236468       0.687704       0.472936
          94400      0.0563738      -0.335779       0.112748
          94500       0.410595       0.906195       0.821189
          94600      0.0547581       0.330932       0.109516
          94700      0.0584507      -0.341909       0.116901
          94800      0.0864393       0.415787       0.172879
          94900      0.0117032      -0.152992      0.0234064
          95000      0.0437972      -0.295963      0.0875943
          95100         0.1507      -0.548999         0.3014
          95200       0.120927       0.491787       0.241855
          95300       0.179292      -0.598819       0.358584
          95400       0.278763       0.746676       0.557526
          95500     0.00912358      -0.135082      0.0182472
          95600       0.137901       0.525169       0.275802
          95700      0.0213964       0.206864      0.0427928
          95800    6.74647e-05      0.0116159    0.000134929
          95900      0.0417688       0.289029      0.0835376
          96000      0.0328484       0.256314      0.0656968
          96100       0.368108       0.858031       0.736216
          96200       0.117444       0.484652       0.234887
          96300     0.00848489      -0.130268      0.0169698
          96400        0.22436      -0.669866       0.448721
          96500     0.00102108     -0.0451902     0.00204216
          96600       0.233061      -0.682731       0.466122
          96700       0.052761       0.324841       0.105522
          96800    0.000871357     -0.0417458     0.00174271
          96900       0.210367       -0.64864       0.420734
          97000       0.121122      -0.492183       0.242244
          97100       0.315082      -0.793829       0.630164
          97200     0.00559644      -0.105796      0.0111929
          97300    7.98404e-05     -0.0126365    0.000159681
          97400      0.0470922       0.306895      0.0941844
          97500      0.0634134       0.356128       0.126827
          97600      0.0149936       0.173168      0.0299873
          97700     0.00324478      0.0805579     0.00648957
          97800      0.0280421       0.236821      0.0560843
          97900      0.0759886      -0.389843       0.151977
          98000      0.0196245      -0.198113      0.0392489
          98100    3.19946e-06     0.00252961    6.39892e-06
          98200     0.00680082      -0.116626      0.0136016
          98300      0.0835623      -0.408809       0.167125
          98400       0.182059      -0.603422       0.364118
          98500      0.0160917       0.179397      0.0321834
          98600      0.0416187       0.288509      0.0832373
          98700      0.0705028       0.375507       0.141006
          98800      0.0229743       0.214356      0.0459487
          98900    0.000869424     -0.0416995     0.00173885
          99000     0.00593158      -0.108918      0.0118632
          99100       0.279637       0.747846       0.559274
          99200      0.0175969        -0.1876      0.0351939
          99300       0.140983       0.531004       0.281965
          99400     0.00997414      -0.141238      0.0199483
          99500      0.0107102      -0.146357      0.0214203
          99600       0.304811      -0.780782       0.609621
          99700      0.0463805       0.304567       0.092761
          99800    0.000241547     -0.0219794    0.000483094
          99900       0.274458      -0.740888       0.548915
         100000      0.0260847      -0.228406      0.0521694
