              0              1              0              0
            100        0.17538      -0.762375       0.581216
            200     0.00258596       -1.02511        1.05085
            300      0.0576323      -0.871741       0.759933
            400      0.0436447      -0.889431       0.791087
            500      0.0605096        1.11624        1.24599
            600        0.13846        -0.7924       0.627898
            700      0.0237767       0.919675       0.845803
            800     0.00384495        -0.9685       0.937992
            900      0.0737639       0.853466       0.728405
           1000      0.0857379      -0.840946        0.70719
           1100      0.0220038       0.922856       0.851663
           1200      0.0632573       0.865153        0.74849
           1300      0.0189045      -0.928712       0.862506
           1400      0.0844065        1.13601        1.29053
           1500      0.0116191        1.05252        1.10779
           1600     0.00921595        -1.0469          1.096
           1700     0.00274199      -0.973466       0.947636
           1800      0.0187407       0.929034       0.863103
           1900      0.0667554       0.861179       0.741629
           2000     0.00811667        1.04407        1.09009
           2100     0.00173914       -1.02064         1.0417
           2200      0.0517334         1.1079        1.22745
           2300      0.0113379       -1.05189        1.10648
           2400       0.275211       0.689488       0.475394
           2500     0.00479536       0.964755       0.930751
           2600       0.108107       -0.81927       0.671203
           2700     0.00718968       0.956665       0.915208
           2800      0.0160574      -0.934496       0.873282
           2900     0.00278603      -0.973251       0.947217
           3000       0.011866       -1.05306        1.10893
           3100       0.381552       0.618305       0.382301
           3200      1.873e-05      -0.997834       0.995672
           3300       0.223962      -0.725778       0.526753
           3400       0.255602        1.22702        1.50557
           3500      0.0908961      -0.835769        0.69851
           3600       0.014665       0.937497       0.878901
           3700      0.0172205       -0.93208       0.868773
           3800     0.00402486      -0.967759       0.936558
           3900    5.68753e-05        1.00376        1.00754
           4000      0.0311409        1.08465        1.17647
           4100       0.206914        1.20618        1.45488
           4200       0.056648      -0.872921       0.761992
           4300      0.0285878        1.08124        1.16908
           4400      0.0069455       0.957424        0.91666
           4500     0.00041085       0.989813       0.979731
           4600        0.33699       0.647682       0.419492
           4700    0.000944614       0.984513       0.969265
           4800     0.00596599       0.960604        0.92276
           4900     3.2601e-05      -0.997141        0.99429
           5000       0.186545        1.19662        1.43191
           5100    2.26916e-05      -0.997615       0.995236
           5200      0.0702505      -0.857293       0.734952
           5300     0.00193512       0.977758        0.95601
           5400      0.0622521        1.11781         1.2495
           5500    4.82488e-05       0.996521       0.993054
           5600       0.096186       0.830579       0.689861
           5700      0.0146141      -0.937609       0.879111
           5800     0.00114278      -0.982952       0.966195
           5900     0.00225666       -1.02348         1.0475
           6000      0.0124007        1.05421        1.11136
           6100      0.0565064      -0.873092       0.762289
           6200    0.000219791       -1.00739        1.01483
           6300       0.153875        1.17994        1.39227
           6400      0.0907596      -0.835905       0.698737
           6500      0.0483183       0.883281       0.780186
           6600      0.0247902        1.07585        1.15745
           6700       0.059972       -0.86897       0.755108
           6800      0.0686397       0.859074       0.738008
           6900      0.0397457        1.09515        1.19936
           7000     0.00548174      -0.962269       0.925961
           7100      0.0725826       -1.12668        1.26941
           7200      0.0938207      -0.832886       0.693698
           7300     0.00800886       -1.04379        1.08949
           7400      0.0072951      -0.956341       0.914589
           7500      0.0231827       -1.07343        1.15226
           7600      0.0438168       -1.09969        1.20932
           7700       0.120782       0.807752       0.652463
           7800    0.000370929       0.990323        0.98074
           7900     0.00809548      -0.953952       0.910025
           8000        0.11445       0.813447       0.661696
           8100      0.0217108       -1.07114        1.14735
           8200       0.236555       0.716681       0.513631
           8300      0.0916299      -0.835042       0.697296
           8400     0.00403968      -0.967699       0.936442
           8500     0.00428416      -0.966719       0.934547
           8600       0.179026        1.19294        1.42311
           8700      0.0609384       0.867838       0.753143
           8800      0.0892104         1.1396        1.29868
           8900    0.000201663       -1.00708         1.0142
           9000      0.0636353        1.11904        1.25226
           9100     0.00118679      -0.982624        0.96555
           9200     0.00744961       -1.04226        1.08631
           9300      0.0204807       -1.06916        1.14311
           9400       0.225329       0.724784       0.525312
           9500      0.0666913       -1.12172        1.25825
           9600      0.0652056       0.862929       0.744646
           9700     0.00488477      -0.964422       0.930109
           9800    1.59739e-05         -0.998       0.996003
           9900      0.0188087        -0.9289       0.862855
          10000      0.0548077        1.11091        1.23411
          10100      0.0169614        1.06313        1.13024
          10200      0.0662918       0.861701       0.742528
          10300    0.000204392      -0.992826       0.985703
          10400      0.0870098       0.839658       0.705026
          10500       0.076896        1.13018         1.2773
          10600      0.0511009       -1.10727        1.22606
          10700    0.000541225        1.01157        1.02326
          10800      0.0844071      -0.842301       0.709471
          10900    0.000547049       -1.01163        1.02339
          11000      0.0029002       0.972701       0.946146
          11100      0.0969994      -0.829791       0.688553
          11200     0.00679344         1.0404        1.08242
          11300      0.0396288      -0.894947        0.80093
          11400     0.00216477         -1.023        1.04653
          11500      0.0574324        0.87198       0.760349
          11600     0.00023606       -1.00765        1.01536
          11700      0.0680283       0.859754       0.739178
          11800       0.149138       0.783464       0.613816
          11900      0.0728541        1.12691        1.26991
          12000      0.0176048      -0.931299       0.867317
          12100      0.0174256        1.06396        1.13201
          12200      0.0161673      -0.934264       0.872849
          12300    4.98706e-06      -0.998883       0.997767
          12400    9.32613e-08       0.999847       0.999695
          12500     0.00117935       -1.01703        1.03434
          12600    0.000336899        0.99078       0.981645
          12700    0.000112732        1.00529        1.01062
          12800     0.00881131        1.04588        1.09387
          12900    1.48852e-05      -0.998069       0.996142
          13000      0.0161226       -1.06159        1.12697
          13100       0.003387      -0.970465       0.941802
          13200      0.0333802       -1.08752         1.1827
          13300     0.00137246       -1.01835        1.03705
          13400       0.221192       0.727797       0.529689
          13500      0.0131547        1.05579        1.11469
          13600      0.0145242        1.05854        1.12052
          13700      0.0250052      -0.917535        0.84187
          13800       0.191341        0.75005       0.562574
          13900      0.0297028       -1.08275        1.17235
          14000      0.0102772       -1.04946        1.10138
          14100        0.13636        1.17016        1.36927
          14200      0.0639654       0.864342       0.747086
          14300      0.0271257       0.913948       0.835301
          14400       0.206681      -0.738497       0.545378
          14500      0.0741384        1.12796        1.27228
          14600       0.014761      -0.937286       0.878505
          14700     0.00330668      -0.970822       0.942496
          14800      0.0109323       -1.05098        1.10456
          14900      0.0145578      -0.937734       0.879344
          15000      0.0170075        1.06321        1.13041
          15100       0.714002      -0.393718       0.155014
          15200       0.116156        1.15794        1.34082
          15300      0.0312059       0.907385       0.823348
          15400     0.00574739      -0.961347       0.924188
          15500    1.51516e-06       0.999384       0.998769
          15600      0.0278438       0.912763       0.833136
          15700      0.0269129        1.07891        1.16405
          15800       0.215527       -0.73195       0.535751
          15900       0.351522        0.63805       0.407107
          16000    0.000614648       -1.01232        1.02479
          16100      0.0131488       -1.05578        1.11467
          16200      0.0947494       0.831977       0.692186
          16300     0.00167699       -0.97931       0.959049
          16400     0.00832617        1.04463        1.09125
          16500    1.11822e-06       0.999471       0.998943
          16600      0.0553825       0.874451       0.764665
          16700      0.0061709      -0.959919       0.921445
          16800       0.037335       -1.09235        1.19322
          16900    3.94387e-05       -1.00314        1.00628
          17000    0.000164825       -0.99356       0.987162
          17100     0.00406036      -0.967615       0.936279
          17200     0.00124851       0.982174       0.964666
          17300     0.00749594        1.04239        1.08658
          17400       0.107653       -1.15243        1.32811
          17500      0.0446496       -1.10059         1.2113
          17600        0.25178      -0.705849       0.498223
          17700      0.0797963       -1.13247        1.28248
          17800       0.251504       -1.22536         1.5015
          17900     0.00587065        -1.0376        1.07662
          18000     0.00343775      -0.970241       0.941368
          18100     0.00867113       -1.04552        1.09312
          18200       0.137511       0.793206       0.629175
          18300      0.0523379       0.878194       0.771225
          18400       0.202595        -1.2042        1.45011
          18500      0.0243006        1.07512        1.15589
          18600     0.00237177       -1.02406         1.0487
          18700    0.000427109       0.989613       0.979333
          18800      0.0182021      -0.930099       0.865085
          18900      0.0843788        1.13599        1.29048
          19000     0.00573545       0.961388       0.924267
          19100      0.0585318        0.87067       0.758067
          19200       0.272554       0.691327       0.477933
          19300     0.00104747        1.01605        1.03236
          19400       0.241984       0.712798       0.508081
          19500       0.148602      -0.783908       0.614511
          19600    0.000118172        0.99455       0.989129
          19700      0.0824048        1.13449        1.28706
          19800      0.0455765       -1.10158        1.21349
          19900       0.027729        1.08006        1.16652
          20000      0.0490687       0.882318       0.778485
          20100      0.0367616       0.899037       0.808267
          20200     0.00468445        1.03366        1.06844
          20300      0.0180754         1.0651        1.13444
          20400      0.0499022       0.881256       0.776612
          20500      0.0271202      -0.913957       0.835318
          20600     0.00759685        1.04267        1.08716
          20700      0.0318975      -0.906312       0.821401
          20800      0.0892685       -0.83739       0.701222
          20900       0.042073        1.09778        1.20512
          21000     0.00855215        1.04522        1.09248
          21100       0.268609       0.694064       0.481725
          21200        0.12504       0.803984       0.646391
          21300      0.0186341       0.929243       0.863493
          21400       0.260872       0.699459       0.489243
          21500      0.0442847        -1.1002        1.21044
          21600      0.0629692        1.11845        1.25094
          21700     0.00373249        1.03009        1.06109
          21800      0.0012372       0.982256       0.964826
          21900    0.000748712       0.986224       0.972637
          22000        0.10499       0.822179       0.675979
          22100       0.245084      -0.710592        0.50494
          22200      0.0169221       0.932692       0.869915
          22300     0.00482833        1.03416        1.06949
          22400      0.0090723       0.951184       0.904751
          22500      0.0157406      -0.935168       0.874539
          22600       0.062064       -0.86653       0.750873
          22700     0.00310648        1.02749        1.05574
          22800     0.00526846        1.03566        1.07258
          22900       0.643973       0.444433       0.197521
          23000      0.0358566        1.09058        1.18936
          23100    8.07866e-05        1.00448        1.00899
          23200       0.126084      -0.803067       0.644917
          23300     0.00705455       0.957083       0.916009
          23400       0.194004       -1.20019        1.44046
          23500       0.022484       0.921983       0.850053
          23600      0.0322587      -0.905755       0.820393
          23700     0.00630536       0.959476       0.920594
          23800      0.0315629        -1.0852        1.17766
          23900      0.0740939      -0.853111       0.727798
          24000      0.0430607       -1.09887        1.20751
          24100       0.172968      -0.764268       0.584106
          24200      0.0178849       0.930734       0.866266
          24300      0.0257579       -1.07726        1.16049
          24400      0.0467326         1.1028        1.21618
          24500       0.122452        1.16187        1.34993
          24600      0.0095824        -1.0478        1.09789
          24700       0.345082      -0.642311       0.412563
          24800      0.0133227       0.940519       0.884576
          24900      0.0118142        0.94409       0.891307
          25000      0.0243954        1.07526        1.15619
          25100      0.0118973        1.05313        1.10907
          25200      0.0186878        1.06616         1.1367
          25300      0.0368322      -0.898934       0.808083
          25400      0.0390135       -1.09431        1.19752
          25500       0.100934      -0.826014       0.682298
          25600      0.0557173        1.11178        1.23605
          25700      0.0143616       -1.05822        1.11984
          25800         0.1045        1.15033        1.32326
          25900    0.000104068      -0.994886       0.989799
          26000      0.0386157       0.896377       0.803491
          26100       0.065523         1.1207        1.25597
          26200      0.0201179        1.06857        1.14184
          26300       0.124595       0.804375       0.647019
          26400     0.00155116        0.98011       0.960615
          26500      0.0196931       0.927183       0.859668
          26600      0.0139029       -1.05731        1.11791
          26700    6.74033e-05      -0.995887        0.99179
          26800      0.0719953        -1.1262        1.26832
          26900       0.199499       0.743873       0.553347
          27000      0.0613198       0.867394       0.752372
          27100      0.0267125       -1.07863        1.16344
          27200      0.0257304       -1.07722        1.16041
          27300      0.0180849       -1.06512        1.13448
          27400      0.0550413      -0.874866       0.765391
          27500     0.00331652        1.02839        1.05759
          27600       0.159341      -0.775129       0.600825
          27700      0.0215084       0.923765       0.853342
          27800      0.0210254        1.07005          1.145
          27900    0.000959459      -0.984391       0.969025
          28000       0.137981      -0.792807       0.628542
          28100      0.0228322       -1.07289         1.1511
          28200        0.28643        1.23903        1.53519
          28300      0.0793732       -1.13214        1.28173
          28400    0.000665155        0.98702       0.974209
          28500      0.0127182       0.941926       0.887225
          28600       0.109362       0.818108         0.6693
          28700     0.00016774       -1.00645        1.01295
          28800     0.00269388       0.973703       0.948097
          28900     0.00171623        -1.0205        1.04143
          29000     0.00613161       -0.96005       0.921695
          29100     0.00614452       0.960007       0.921613
          29200      0.0388156      -0.896093       0.802983
          29300      0.0329897       0.904638       0.818369
          29400     0.00230513      -0.975699       0.951988
          29500     0.00212951       -1.02281        1.04615
          29600     0.00257596       -1.02506        1.05075
          29700      0.0698693       -1.12442        1.26433
          29800      0.0105947         1.0502        1.10293
          29900      0.0272124        1.07933        1.16496
          30000    3.81757e-06        1.00098        1.00195
          30100      0.0316659        0.90667       0.822051
          30200       0.325498       0.655344       0.429476
          30300     0.00138177       0.981238       0.962828
          30400      0.0323586        1.08623        1.17988
          30500      0.0191921      -0.928151       0.861464
          30600       0.019133      -0.928266       0.861678
          30700      0.0323467        1.08621        1.17985
          30800      0.0318547        1.08558        1.17848
          30900      0.0295934         1.0826        1.17203
          31000       0.242816      -0.712205       0.507236
          31100      0.0605336       0.868311       0.753964
          31200       0.178554       0.759897       0.577444
          31300     0.00169987       -1.02041        1.04123
          31400      0.0686007      -0.859117       0.738083
          31500      0.0326826      -0.905106       0.819217
          31600      0.0836856       0.843039       0.710715
          31700      0.0303476        1.08361        1.17421
          31800      0.0365678        1.09143        1.19123
          31900      0.0111568       -1.05149        1.10563
          32000       0.125051       0.803974       0.646374
          32100     0.00257875       0.974279       0.949219
          32200     0.00561951       0.961788       0.925037
          32300    0.000428834        -1.0103        1.02071
          32400       0.207921        1.20664        1.45598
          32500    0.000243916       -0.99216       0.984382
          32600     1.7151e-05       0.997927       0.995859
          32700      0.0666416       -1.12167        1.25815
          32800       0.250631         -1.225        1.50063
          32900      0.0515933        1.10776        1.22714
          33000      0.0742026       0.852994       0.727599
          33100       0.104654        1.15044         1.3235
          33200     0.00191846      -0.977855         0.9562
          33300      0.0118891       -1.05311        1.10904
          33400       0.190241       0.750888       0.563833
          33500      0.0251747      -0.917243       0.841335
          33600       0.175454       0.762317       0.581127
          33700    2.29335e-06       0.999243       0.998486
          33800       0.057275       -1.11325        1.23932
          33900     0.00153371        1.01939        1.03916
          34000      0.0298993       0.909443       0.827086
          34100      0.0293926       -1.08233        1.17144
          34200       0.117674      -0.810533       0.656964
          34300        0.13642       0.794135        0.63065
          34400     0.00178545       0.978645       0.957745
          34500      0.0109664       0.946192       0.895279
          34600     0.00133351       0.981572       0.963483
          34700      0.0138631       0.939286       0.882258
          34800     0.00195564      -0.977639       0.955777
          34900       0.255708      -0.703082       0.494324
          35000      0.0109951        1.05112        1.10486
          35100      0.0403376       0.893956       0.799158
          35200      0.0752394       0.851881       0.725702
          35300      0.0528035       -1.10896        1.22979
          35400      0.0111774       -1.05153        1.10572
          35500       0.344737       0.642539       0.412857
          35600      0.0446868       -1.10063        1.21139
          35700      0.0671295      -0.860759       0.740906
          35800      0.0481742         1.1043        1.21949
          35900     0.00689033       0.957597       0.916992
          36000    0.000796768       -1.01402        1.02823
          36100       0.108915        1.15327        1.33002
          36200     0.00784847        1.04336        1.08859
          36300      0.0964221        0.83035       0.689481
          36400      0.0207652       0.925148       0.855899
          36500       0.166631        1.18668         1.4082
          36600    1.81966e-05       0.997865       0.995734
          36700       0.147373        1.17639        1.38389
          36800     0.00341546        1.02881        1.05844
          36900      0.0346211      -0.902182       0.813933
          37000      0.0580471      -0.871246        0.75907
          37100     0.00675605       -1.04029         1.0822
          37200    0.000293947       -0.99139       0.982855
          37300      0.0470958       0.884864       0.782984
          37400      0.0153189       -1.06008        1.12377
          37500     0.00953526        1.04769        1.09765
          37600     0.00154806        1.01948        1.03935
          37700     0.00223005       -1.02334        1.04722
          37800       0.184701        1.19573        1.42977
          37900      0.0403608        1.09586         1.2009
          38000    0.000566888       -1.01183        1.02381
          38100     0.00840521      -0.953058        0.90832
          38200     0.00946823      -0.950103       0.902695
          38300     0.00034822       -1.00929        1.01866
          38400      0.0104111        1.04978        1.10203
          38500      0.0125482        1.05452        1.11202
          38600      0.0132804       0.940617       0.884759
          38700      0.0136883        1.05688          1.117
          38800       0.118718        1.15955        1.34455
          38900      0.0389662        1.09426         1.1974
          39000       0.199971       0.743518       0.552818
          39100      0.0511513       -1.10732        1.22617
          39200      0.0183164      -0.929872       0.864662
          39300      0.0541837        -1.1103        1.23277
          39400      0.0339326       -1.08821        1.18421
          39500     0.00776202      -0.954933       0.911898
          39600      0.0049744      -0.964091       0.929471
          39700      0.0612411        -1.1169        1.24747
          39800     0.00510767        1.03512        1.07147
          39900    0.000253017       -1.00792        1.01591
          40000      0.0159337      -0.934757       0.873771
          40100       0.111917      -0.815757       0.665459
          40200    8.23684e-05      -0.995452       0.990924
          40300    0.000176189        1.00661        1.01327
          40400      0.0736513       -1.12756        1.27139
          40500    6.51747e-05       -1.00403        1.00807
          40600      0.0201203        1.06857        1.14185
          40700      0.0512244        -1.1074        1.22633
          40800     0.00357975        1.02948        1.05983
          40900      0.0119055       0.943868       0.890888
          41000     0.00469845       0.965119       0.931455
          41100     0.00292174       -1.02667        1.05405
          41200    0.000111592       0.994704       0.989436
          41300     0.00229065       0.975776       0.952139
          41400      0.0304378        0.90859       0.825536
          41500       0.212904       -1.20889        1.46142
          41600     0.00430355       0.966643       0.934399
          41700     0.00329743       0.970864       0.942577
          41800     0.00240489      -0.975172        0.95096
          41900     0.00318644      -0.971366       0.943551
          42000      0.0557544       -1.11181        1.23612
          42100       0.071556       0.855862         0.7325
          42200      0.0033803       -1.02866        1.05814
          42300    0.000394618       0.990018       0.980135
          42400     0.00527377        1.03567        1.07262
          42500      0.0857915      -0.840891       0.707098
          42600      0.0355544       -1.09021        1.18856
          42700      0.0183528        -0.9298       0.864528
          42800      0.0584819       0.870729        0.75817
          42900       0.095884      -0.830872       0.690349
          43000    0.000220452       0.992548       0.985152
          43100    2.09105e-07      -0.999771       0.999543
          43200     0.00127677       -1.01771        1.03573
          43300      0.0187635        1.06629        1.13698
          43400     0.00141224       -1.01862        1.03758
          43500       0.321568       0.657974        0.43293
          43600     0.00216723        1.02301        1.04655
          43700       0.198879        1.20248        1.44596
          43800       0.046038      -0.886248       0.785435
          43900      0.0345255        1.08895        1.18581
          44000      0.0564247        1.11245        1.23754
          44100      0.0566705       0.872894       0.761944
          44200    1.54518e-05       0.998033       0.996069
          44300      0.0224205        1.07226        1.14973
          44400      0.0711561        -1.1255        1.26675
          44500      0.0263562       0.915234       0.837654
          44600     0.00804376      -0.954103       0.910313
          44700      0.0975936       0.829217         0.6876
          44800       0.116086        1.15789        1.34071
          44900      0.0005093        1.01122        1.02257
          45000      0.0443696      -0.888459       0.789359
          45100     0.00307922        1.02737        1.05549
          45200       0.116552        1.15819         1.3414
          45300     0.00531675       -1.03582        1.07292
          45400       0.040138       0.894234       0.799655
          45500     0.00368358         1.0299        1.06069
          45600       0.012623       0.942151       0.887648
          45700    0.000101036        1.00501        1.01005
          45800      0.0560468      -0.873646       0.763258
          45900      0.0228525       0.921319       0.848829
          46000      0.0241937      -0.918943       0.844457
          46100     0.00554879      -0.962034        0.92551
          46200      0.0385836       0.896422       0.803573
          46300      0.0084724        1.04501        1.09205
          46400      0.0963723       -1.14474        1.31044
          46500       0.206544       -1.20601        1.45447
          46600      0.0382527       0.896893       0.804417
          46700     0.00964712      -0.949621        0.90178
          46800       0.127825       -1.16513        1.35753
          46900     7.7101e-05       -1.00438        1.00878
          47000    8.35926e-05      -0.995418       0.990857
          47100      0.0145006        -1.0585        1.12042
          47200      0.0561314       0.873544       0.763079
          47300       0.956858       0.147679      0.0218091
          47400      0.0381615       -1.09332        1.19535
          47500    0.000755876       0.986158       0.972507
          47600        0.38096       0.618693        0.38278
          47700     0.00218971        1.02313        1.04679
          47800    9.89224e-05        1.00496        1.00995
          47900       0.260376        1.22893        1.51027
          48000      0.0881068       0.838554       0.703172
          48100      0.0853344       0.841356       0.707879
          48200      0.0036324       0.969397       0.939731
          48300      0.0590406      -0.870067       0.757017
          48400      0.0384418        1.09365        1.19607
          48500     0.00228112        -1.0236        1.04776
          48600      0.0171056       0.932315       0.869211
          48700       0.126809       -1.16452         1.3561
          48800       0.146611       0.785559       0.617102
          48900      0.0861562      -0.840521       0.706476
          49000     0.00320617        1.02792        1.05662
          49100      0.0163585       -1.06203         1.1279
          49200      0.0792382        1.13203        1.28149
          49300      0.0636011      -0.864759       0.747807
          49400      0.0107983       0.946618       0.896085
          49500      0.0536372       0.876586       0.768403
          49600     0.00713031       0.956848       0.915559
          49700      0.0136454       -0.93978       0.883186
          49800        0.14302       0.788555        0.62182
          49900      0.0222017       0.922495       0.850997
          50000      0.0337757      -0.903448       0.816218
          50100       0.211445      -0.734962       0.540169
          50200    0.000908789        1.01496        1.03015
          50300      0.0018659       0.978164       0.956804
          50400       0.121084       0.807483       0.652028
          50500       0.202197       0.741847       0.550337
          50600        0.10697      -0.820327       0.672937
          50700      0.0282598       0.912082       0.831894
          50800     0.00488554      -0.964419       0.930103
          50900       0.179016      -0.759537       0.576897
          51000      0.0713734        1.12568        1.26716
          51100      0.0116629       -1.05261          1.108
          51200      0.0711427      -0.856314       0.733274
          51300       0.306218       0.668304        0.44663
          51400      0.0375349        1.09258        1.19374
          51500      0.0732446       -1.12723        1.27064
          51600       0.264341      -0.697036       0.485859
          51700       0.360523      -0.632111       0.399565
          51800      0.0569248        1.11292        1.23859
          51900       0.161859       -1.18419        1.40232
          52000      0.0018312        0.97837       0.957207
          52100    5.44936e-05       -1.00368        1.00738
          52200      0.0661372        1.12124        1.25717
          52300       0.644474       0.444082       0.197209
          52400    0.000271559      -0.991726       0.983521
          52500      0.0841635       -1.13583        1.29011
          52600     0.00534449      -0.962753       0.926894
          52700      0.0109003      -0.946359       0.895596
          52800       0.194758       0.747453       0.558686
          52900      0.0749543      -0.852187       0.726222
          53000     0.00613005      -0.960055       0.921705
          53100       0.013379        0.94039       0.884332
          53200      0.0350827       0.901497       0.812696
          53300     0.00839498        1.04481        1.09162
          53400     0.00297626       -0.97234       0.945445
          53500       0.423761       0.590788       0.349031
          53600      0.0540926        1.11022        1.23258
          53700      0.0514184      -0.879343       0.773244
          53800      0.0545035      -0.875523        0.76654
          53900      0.0631001       -1.11857         1.2512
          54000      0.0161665      -0.934266       0.872852
          54100      0.0537674         1.1099        1.23188
          54200      0.0884306       0.838229       0.702627
          54300      0.0522613       -0.87829       0.771393
          54400      0.0330405        1.08709        1.18177
          54500      0.0314918       -0.90694       0.822541
          54600       0.140022       0.791078       0.625804
          54700     0.00236929       0.975359       0.951325
          54800    0.000138125        1.00586        1.01175
          54900     0.00019289      -0.993031       0.986112
          55000     0.00449236       -1.03297        1.06703
          55100     0.00290667         1.0266        1.05391
          55200       0.470084       -0.56069       0.314373
          55300        0.25787       -1.22793        1.50781
          55400     0.00171471       -1.02049        1.04141
          55500      0.0438629       -1.09974        1.20943
          55600       0.138614        1.17146        1.37231
          55700     0.00510699        1.03512        1.07146
          55800       0.350135        1.26163        1.59172
          55900      0.0199994       0.926596       0.858581
          56000      0.0462513      -0.885968       0.784939
          56100      0.0405964       -1.09612        1.20149
          56200      0.0850156        1.13647        1.29157
          56300     0.00168197         1.0203        1.04101
          56400    0.000806106      -0.985702       0.971608
          56500     0.00130991       -1.01794        1.03619
          56600       0.089983        1.14016        1.29997
          56700       0.147713       0.784644       0.615666
          56800     0.00143226      -0.980895       0.962155
          56900     7.9324e-08        1.00014        1.00028
          57000    0.000496823        1.01108        1.02229
          57100       0.118782       0.809538       0.655352
          57200      0.0251639       0.917262       0.841369
          57300     0.00534139        -1.0359        1.07308
          57400       0.019998      -0.926599       0.858586
          57500      0.0535919       0.876642       0.768501
          57600     0.00372692        1.03007        1.06105
          57700      0.0101255      -0.948354       0.899374
          57800      0.0153796      -0.935941       0.875986
          57900      0.0662149       0.861787       0.742677
          58000      0.0445107        0.88827       0.789024
          58100      0.0900372       0.836623       0.699938
          58200      0.0128518        1.05516        1.11337
          58300      0.0175592       0.931391       0.867489
          58400       0.263448       -1.23015        1.51327
          58500     0.00596584        -1.0379        1.07724
          58600      0.0163135       -1.06194        1.12772
          58700      0.0771577        1.13039        1.27777
          58800      0.0368136        1.09173        1.19187
          58900    0.000571057       0.987979       0.976103
          59000      0.0440081         1.0999        1.20978
          59100      0.0050103        1.03479        1.07078
          59200     0.00471654      -0.965051       0.931323
          59300       0.244951       0.710686       0.505075
          59400      0.0501968        1.10637        1.22405
          59500      0.0417092       -0.89206       0.795772
          59600      0.0442971       0.888556       0.789531
          59700     0.00862099       -1.04539        1.09285
          59800      0.0214471      -0.923879       0.853552
          59900    0.000332895       0.990835       0.981755
          60000      0.0767202       0.850303       0.723016
          60100      0.0850983       0.841596       0.708284
          60200       0.043792      -0.889233       0.790735
          60300      0.0665869       0.861368       0.741956
          60400     0.00847998      -0.952845       0.907913
          60500       0.117351       0.810823       0.657434
          60600      0.0507075        1.10688        1.22518
          60700       0.010305       0.947885       0.898487
          60800       0.397289      -0.608022       0.369691
          60900     0.00260526        -1.0252        1.05104
          61000      0.0203386       0.925952       0.857387
          61100      0.0156895      -0.935277       0.874742
          61200       0.101501        -1.1483        1.31859
          61300      0.0313411        1.08491        1.17703
          61400      0.0798246       -1.13249        1.28253
          61500       0.192158      -0.749428       0.561642
          61600      0.0347843        1.08927        1.18651
          61700      0.0185766       0.929357       0.863704
          61800       0.182374      -0.756933       0.572947
          61900    0.000764333        1.01373        1.02765
          62000      0.0471879      -0.884744       0.782772
          62100       0.427591       0.588299       0.346096
          62200     0.00351072         1.0292        1.05925
          62300      0.0141499        1.05781        1.11895
          62400        0.04724      -0.884676       0.782652
          62500       0.215813       -0.73174       0.535443
          62600      0.0620617       -1.11764        1.24912
          62700       0.298696         1.2436        1.54653
          62800     0.00630644       -1.03895        1.07941
          62900      0.0245719      -0.918284       0.843246
          63000       0.453104       0.571725        0.32687
          63100      0.0303701       -1.08364        1.17427
          63200       0.145573       0.786422       0.618459
          63300       0.167559        1.18716        1.40934
          63400      0.0267334       -1.07866         1.1635
          63500     0.00445148      -0.966064       0.933281
          63600      0.0684706      -0.859262       0.738331
          63700     0.00904414      -0.951262       0.904899
          63800       0.112805         1.1558        1.33586
          63900      0.0488851       -1.10503         1.2211
          64000       0.125022          0.804       0.646416
          64100    0.000935804        1.01518        1.03059
          64200       0.657912       0.434606       0.188882
          64300       0.203375      -0.740965       0.549029
          64400     0.00895235      -0.951516       0.905383
          64500     0.00978702         1.0483        1.09893
          64600     0.00132406       0.981638       0.963612
          64700       0.144425       -1.17475        1.38003
          64800     0.00970949        1.04811        1.09854
          64900     7.7321e-05       -1.00439        1.00879
          65000      0.0203145        1.06889        1.14253
          65100      0.0320666       0.906051       0.820929
          65200      0.0334676       -1.08763        1.18294
          65300    0.000352066       0.990574       0.981237
          65400      0.0123105      -0.942893       0.889047
          65500       0.246998      -0.709233       0.503011
          65600     0.00521074       -1.03546        1.07219
          65700    0.000500822       0.988747       0.977621
          65800     0.00741774       -1.04217        1.08613
          65900      0.0959561       0.830802       0.690232
          66000      0.0152067      -0.936314       0.876685
          66100      0.0225932       0.921786        0.84969
          66200    1.16236e-05        -1.0017        1.00341
          66300       0.497005      -0.543152       0.295014
          66400      0.0316813        1.08535        1.17799
          66500    2.79493e-06        1.00084        1.00167
          66600     0.00596953      -0.960592       0.922737
          66700    0.000650936       0.987161       0.974487
          66800     0.00629899       0.959497       0.920634
          66900      0.0783084      -0.848624       0.720164
          67000      0.0395245         1.0949        1.19881
          67100      0.0383085        1.09349        1.19573
          67200      0.0211366       -1.07023        1.14538
          67300    4.23515e-06       -1.00103        1.00206
          67400       0.172745         1.1898        1.41563
          67500     0.00160058      -0.979792       0.959993
          67600      0.0568296      -0.872703        0.76161
          67700       0.017662        1.06438         1.1329
          67800      0.0340492       0.903037       0.815476
          67900       0.016577      -0.933407       0.871248
          68000      0.0394685      -0.895172       0.801333
          68100      0.0369368       0.898783        0.80781
          68200     0.00349642       -1.02914        1.05913
          68300    0.000436574       -1.01039        1.02089
          68400      0.0592283       -1.11506        1.24337
          68500      0.0660504        1.12116          1.257
          68600     0.00571036        -1.0371        1.07557
          68700       0.111969        0.81571       0.665382
          68800      0.0674063        1.12233        1.25963
          68900      0.0472933        1.10339        1.21747
          69000       0.281213       -1.23705         1.5303
          69100      0.0249736        1.07612        1.15803
          69200     0.00801518        -1.0438        1.08953
          69300     0.00254568       -1.02492        1.05045
          69400      0.0070933      -0.956963       0.915778
          69500       0.350802       0.638525       0.407714
          69600     0.00187744      -0.978095       0.956671
          69700       0.151485        0.78153       0.610789
          69800     0.00742545         1.0422        1.08617
          69900     0.00599618          1.038        1.07744
          70000      0.0268541         0.9144       0.836128
          70100        0.02324       -1.07352        1.15245
          70200       0.248817        1.22426        1.49882
          70300      0.0236597       -1.07416        1.15382
          70400      0.0263204       -1.07807        1.16224
          70500       0.162014      -0.772975        0.59749
          70600     0.00264662         1.0254        1.05145
          70700      0.0658571       -1.12099        1.25663
          70800        0.19012       -1.19834        1.43603
          70900      0.0567816        1.11278        1.23829
          71000      0.0676926       0.860129       0.739822
          71100      0.0575599       -1.11352        1.23992
          71200       0.104083        1.15005        1.32262
          71300       0.209814         1.2075        1.45806
          71400       0.038109        1.09326        1.19522
          71500     0.00150665         0.9804       0.961184
          71600     0.00235028        1.02395        1.04848
          71700      0.0226729       -1.07265        1.15058
          71800     0.00115246        0.98288       0.966052
          71900      0.0941369      -0.832576       0.693183
          72000     5.0874e-06        1.00113        1.00226
          72100     0.00851945       0.952732       0.907699
          72200      0.0196959        1.06787        1.14034
          72300     0.00681743       -1.04047        1.08257
          72400    0.000181871       0.993234       0.986514
          72500     0.00863421       -1.04543        1.09292
          72600     0.00424447       0.966877        0.93485
          72700     0.00277694      -0.973295       0.947303
          72800    0.000919398        1.01505        1.03032
          72900     0.00191784        1.02166        1.04379
          73000      0.0111302        1.05143         1.1055
          73100      0.0804417       -1.13297        1.28362
          73200      0.0681525        1.12297        1.26106
          73300     0.00235159       0.975452       0.951507
          73400      0.0757741        0.85131       0.724729
          73500      0.0360504       -1.09081        1.18987
          73600        0.15272      -0.780517       0.609206
          73700     0.00619699      -0.959833       0.921279
          73800     0.00457783       0.965578        0.93234
          73900     0.00845252       -1.04496        1.09194
          74000    0.000243848      -0.992161       0.984384
          74100      0.0606208       -1.11634        1.24621
          74200      0.0485031       -1.10464        1.22023
          74300       0.169182      -0.767256       0.588682
          74400      0.0152425      -0.936237       0.876539
          74500      0.0509377       0.879947       0.774306
          74600    0.000450016        1.01055        1.02121
          74700     0.00426767      -0.966785       0.934673
          74800     0.00440522        1.03265        1.06637
          74900    0.000792242       0.985826       0.971853
          75000    0.000460968       0.989207        0.97853
          75100    0.000121411        1.00549        1.01102
          75200        0.33123       0.651517       0.424474
          75300      0.0839874         1.1357        1.28981
          75400     0.00228948       0.975783       0.952151
          75500    0.000320992       -1.00892        1.01792
          75600      0.0590361       -1.11489        1.24297
          75700       0.132515      -0.797479       0.635973
          75800       0.018007       0.930489        0.86581
          75900      0.0520806      -0.878515       0.771788
          76000    8.72988e-05       -1.00466        1.00934
          76100      0.0260245      -0.915794       0.838679
          76200      0.0155093       0.935662       0.875464
          76300      0.0026639        1.02548        1.05161
          76400       0.017197       0.932128       0.868863
          76500     0.00039144       -1.00984        1.01978
          76600       0.154397       -1.18023        1.39293
          76700      0.0682866      -0.859467       0.738683
          76800      0.0649911       0.863172       0.745066
          76900       0.178081        1.19248          1.422
          77000       0.261589      -0.698958       0.488542
          77100       0.080298      -0.846541       0.716631
          77200      0.0296425       0.909852        0.82783
          77300       0.122085       -1.16164        1.34941
          77400     0.00161867        1.01992        1.04023
          77500        0.10489       0.822273       0.676133
          77600     0.00063134       -1.01249        1.02513
          77700      0.0783467       0.848584       0.720095
          77800       0.115078       -1.15725        1.33923
          77900      0.0803736       -1.13292         1.2835
          78000      0.0667847       0.861146       0.741573
          78100      0.0240352       0.919221       0.844967
          78200    0.000804909       -1.01409        1.02837
          78300    0.000781819        1.01388        1.02796
          78400      0.0949113       0.831819       0.691923
          78500       0.293302        -1.2416        1.54157
          78600       0.142869       -1.17387        1.37798
          78700      0.0412585        1.09687        1.20312
          78800     0.00465991       0.965265       0.931736
          78900      0.0202194      -0.926178       0.857805
          79000      0.0098427       0.949099        0.90079
          79100     0.00155253      -0.980101       0.960598
          79200      0.0044564        1.03284        1.06676
          79300      0.0667035        1.12173        1.25827
          79400      0.0379349       0.897347       0.805231
          79500       0.125253       0.803797       0.646089
          79600      0.0803921        1.13293        1.28353
          79700       0.241589        1.22128        1.49152
          79800     0.00542876       0.962455        0.92632
          79900       0.146097        1.17568        1.38223
          80000     0.00264687        -1.0254        1.05145
          80100      0.0378231        1.09292        1.19448
          80200     0.00663919       0.958394       0.918519
          80300       0.143112      -0.788479       0.621699
          80400      0.0255426      -0.916613        0.84018
          80500       0.041258       0.892681       0.796879
          80600     0.00285375      -0.972923       0.946579
          80700      0.0479163       -1.10404         1.2189
          80800       0.267199       0.695044       0.483087
          80900     0.00591109       -1.03773        1.07688
          81000      0.0186071      -0.929297       0.863592
          81100    3.04246e-05        1.00275        1.00552
          81200    4.81892e-05       0.996523       0.993058
          81300       0.153809        1.17991        1.39218
          81400       0.169747      -0.766809       0.587996
          81500     0.00242656      -0.975059        0.95074
          81600     0.00126134        -1.0176        1.03552
          81700     0.00439354        0.96629       0.933716
          81800     0.00116942       -1.01695         1.0342
          81900       0.004437        1.03277        1.06661
          82000     0.00119936       0.982532       0.965368
          82100      0.0244711       0.918459       0.843567
          82200      0.0244711       0.918459       0.843567
          82300      0.0321264       0.905959       0.820762
          82400      0.0149556        0.93686       0.877707
          82500      0.0636086       -1.11902        1.25221
          82600    0.000550675        1.01167        1.02347
          82700     0.00157616      -0.979949       0.960299
          82800       0.172975       0.764262       0.584097
          82900     0.00640337        1.03924        1.08002
          83000     0.00104866       -1.01606        1.03238
          83100    2.43274e-05       0.997531       0.995068
          83200        0.12592        1.16398        1.35485
          83300      0.0450636        1.10104        1.21228
          83400      0.0187568       0.929002       0.863045
          83500       0.167963      -0.768224       0.590168
          83600      0.0118653        1.05306        1.10893
          83700       0.108483      -0.818922       0.670633
          83800      0.0159009      -0.934827       0.873901
          83900      0.0075888       0.955451       0.912886
          84000       0.464879       -1.29685        1.68182
          84100     0.00586562      -0.960944       0.923413
          84200    0.000396695      -0.989991       0.980083
          84300     0.00511407       -0.96358       0.928487
          84400      0.0376631        1.09273        1.19407
          84500      0.0750843       0.852047       0.725985
          84600      0.0466613       0.885431       0.783988
          84700      0.0346967        1.08916        1.18627
          84800       0.110148        1.15407        1.33189
          84900     0.00380214      -0.968679       0.938338
          85000      0.0633277       0.865072        0.74835
          85100       0.128951         1.1658         1.3591
          85200       0.089831       -1.14005        1.29972
          85300       0.197665       -1.20191         1.4446
          85400      0.0111326       -1.05143        1.10551
          85500      0.0308787       -1.08431        1.17572
          85600     0.00248921       0.974735       0.950108
          85700     0.00248921       0.974735       0.950108
          85800      0.0162143      -0.934165       0.872665
          85900      0.0061159      -0.960102       0.921796
          86000      0.0145479       0.937756       0.879385
          86100     0.00381226        1.03041        1.06174
          86200      0.0794644       0.847411       0.718106
          86300      0.0117457         1.0528        1.10838
          86400      0.0630564      -0.865384        0.74889
          86500       0.120549       -1.16069         1.3472
          86600      0.0311699       -1.08469        1.17655
          86700      0.0841305       0.842584       0.709947
          86800      0.0729409       -1.12698        1.27008
          86900     0.00548218      -0.962267       0.925958
          87000    9.46355e-05        1.00485        1.00973
          87100     0.00118377       -1.01706        1.03441
          87200     0.00916649        1.04678        1.09574
          87300       0.177344       -1.19211        1.42112
          87400      0.0103082       0.947877       0.898471
          87500      0.0832443       0.843492       0.711479
          87600     0.00333738        1.02848        1.05777
          87700    2.00656e-05       -1.00224        1.00448
          87800       0.145567      -0.786427       0.618467
          87900     0.00679834       -1.04041        1.08245
          88000      0.0559652      -0.873745        0.76343
          88100      0.0753122       0.851804       0.725569
          88200      0.0122267      -0.943094       0.889426
          88300      0.0872399       0.839426       0.704636
          88400    7.11346e-06      -0.998666       0.997333
          88500       0.036481       -1.09133          1.191
          88600      0.0101013       -1.04905        1.10051
          88700      0.0638831      -0.864436       0.747249
          88800      0.0017411        1.02065        1.04173
          88900      0.0023094       0.975676       0.951944
          89000      0.0047094      -0.965078       0.931375
          89100      0.0558487         1.1119        1.23632
          89200    9.97439e-05       -1.00498        1.00999
          89300      0.0955144        1.14414        1.30905
          89400    0.000185128      -0.993174       0.986394
          89500      0.0744125       0.852768       0.727213
          89600    0.000412118      -0.989798       0.979699
          89700     0.00754911       -0.95557       0.913114
          89800      0.0759932      -0.851077       0.724331
          89900      0.0940828      -0.832629       0.693271
          90000      0.0875358      -0.839128       0.704136
          90100      0.0177345      -0.931037       0.866829
          90200      0.0890513      -0.837607       0.701585
          90300     0.00606351      -0.960277       0.922131
          90400       0.171106      -0.765736       0.586351
          90500      0.0743301       0.852857       0.727365
          90600      0.0019711       0.977549       0.955603
          90700      0.0260409       0.915766       0.838628
          90800      0.0421185         0.8915       0.794772
          90900      0.0157679        1.06093        1.12557
          91000     0.00292505       0.972582       0.945916
          91100     2.2919e-05      -0.997603       0.995213
          91200       0.159682       -1.18305         1.3996
          91300      0.0167761      -0.932994       0.870478
          91400      0.0942187       0.832496       0.693049
          91500      0.0048735      -0.964463        0.93019
          91600       0.100334      -0.826586       0.683244
          91700    0.000177613        1.00664        1.01333
          91800      0.0453739       -1.10137        1.21301
          91900      0.0110213      -0.946054       0.895018
          92000      0.0402144       0.894128       0.799465
          92100     0.00183074        1.02117        1.04279
          92200       0.109105       -1.15339        1.33031
          92300      0.0373898      -0.898129       0.806635
          92400      0.0358395       -1.09056        1.18931
          92500      0.0284128      -0.911833       0.831439
          92600      0.0501215      -0.880978       0.776122
          92700    0.000167063        1.00644        1.01293
          92800      0.0593047       -1.11513        1.24353
          92900      0.0424661      -0.891026       0.793927
          93000      0.0117023         1.0527        1.10818
          93100      0.0109711       -0.94618       0.895257
          93200      0.0790129       -1.13185        1.28109
          93300    1.55227e-05        1.00197        1.00394
          93400      0.0237069      -0.919799       0.846029
          93500      0.0717185       0.855685       0.732197
          93600       0.115646       0.812363       0.659933
          93700       0.013123        1.05573        1.11456
          93800    4.19203e-06       -1.00102        1.00205
          93900     0.00192103       -1.02168        1.04383
          94000     0.00017067        1.00651        1.01306
          94100      0.0843827       0.842326       0.709513
          94200       0.108494       0.818911       0.670615
          94300      0.0408528        1.09641        1.20212
          94400      0.0123852      -0.942715       0.888711
          94500       0.161953      -0.773024       0.597566
          94600       0.108802      -0.818626       0.670148
          94700       0.152212        1.17904        1.39014
          94800       0.407183       0.601574       0.361891
          94900       0.071368      -0.856068       0.732852
          95000     0.00137114       -1.01835        1.03703
          95100     0.00821357        1.04433        1.09063
          95200       0.372651       0.624138       0.389548
          95300       0.032378      -0.905572       0.820061
          95400       0.243788       0.711514       0.506252
          95500      0.0375797       -1.09264        1.19385
          95600       0.167885        1.18732        1.40974
          95700      0.0198487       0.926884       0.859115
          95800      0.0520126       -1.10818        1.22806
          95900        0.19392      -0.748088       0.559636
          96000       0.204951      -0.739787       0.547284
          96100    1.55934e-06        1.00062        1.00125
          96200    1.42759e-05       -1.00189        1.00378
          96300    9.35987e-05       -1.00483        1.00967
          96400       0.028779         1.0815        1.16964
          96500      0.0739366        1.12779        1.27191
          96600        0.15985       -1.18314        1.39981
          96700     0.00711289       -1.04132        1.08434
          96800       0.030654       -1.08401        1.17508
          96900     0.00243498       0.975015       0.950654
          97000    6.83308e-05        1.00412        1.00827
          97100      0.0959768      -0.830782       0.690199
          97200      0.0668161       -1.12182        1.25849
          97300     0.00836533        1.04473        1.09146
          97400      0.0279211      -0.912636       0.832904
          97500     0.00297192       -0.97236       0.945485
          97600      0.0055608      -0.961992       0.925429
          97700      0.0250917       0.917386       0.841596
          97800     0.00298815       -1.02697        1.05466
          97900        0.08199        1.13417        1.28634
          98000    0.000208719         1.0072        1.01445
          98100      0.0146758       -1.05884        1.12114
          98200    0.000589673        1.01207        1.02428
          98300     0.00240444       -1.02422        1.04904
          98400      0.0441656       -1.10007        1.21016
          98500      0.0163021        1.06192        1.12768
          98600    0.000805891        1.01409        1.02839
          98700     0.00190262       -1.02158        1.04362
          98800       0.363083        1.26592        1.60256
          98900      0.0306414      -0.908269       0.824953
          99000      0.0214242       -1.07069        1.14637
          99100      0.0402065       0.894139       0.799484
          99200       0.013213      -0.940772       0.885052
          99300      0.0132108       -1.05591        1.11494
          99400       0.116429       0.811655       0.658784
          99500      0.0047245         1.0338        1.06873
          99600      0.0644773       -1.11979        1.25392
          99700      0.0488616       -1.10501        1.22105
          99800      0.0329183       -1.08694        1.18143
          99900      0.0703181         1.1248        1.26518
         100000      0.0326627       0.905136       0.819272
