              0       0.917218      -0.205633       0.042285
            100       0.101494       -1.14829        1.31858
            200      0.0175863      -0.931336       0.867387
            300      0.0301674      -0.909017       0.826312
            400      0.0518946       -1.10806         1.2278
            500      0.0844028       -1.13601        1.29052
            600      0.0013772       -1.01839        1.03711
            700    0.000179766       -1.00668        1.01341
            800      0.0370252       -1.09198        1.19242
            900      0.0278594       -1.08024        1.16691
           1000      0.0191291       -1.06692        1.13831
           1100       0.017246       -1.06364        1.13132
           1200      0.0363819      -0.899589        0.80926
           1300     0.00454854       -0.96569       0.932557
           1400      0.0063186      -0.959432        0.92051
           1500      0.0189918       -1.06668        1.13781
           1600      0.0624649      -0.866066        0.75007
           1700     0.00782952      -0.954733       0.911515
           1800      0.0505389       -0.88045       0.775191
           1900         0.1159      -0.812132       0.659559
           2000       0.026399      -0.915162       0.837522
           2100      0.0879422       -1.13866        1.29655
           2200       0.124498       -1.16312        1.35284
           2300       0.174466      -0.763092       0.582309
           2400      0.0562717      -0.873375       0.762783
           2500      0.0670369      -0.860863       0.741085
           2600      0.0824181      -0.844343       0.712914
           2700      0.0346684       -1.08913        1.18619
           2800      0.0418606       -1.09754         1.2046
           2900      0.0196999       -0.92717       0.859644
           3000      0.0072833        -1.0418        1.08534
           3100    0.000429704      -0.989581       0.979271
           3200    0.000635201       -1.01252         1.0252
           3300     0.00286069       -0.97289       0.946515
           3400      0.0323068      -0.905682       0.820259
           3500      0.0648751      -0.863304       0.745294
           3600      0.0150218      -0.936716       0.877436
           3700      0.0192232       -1.06707        1.13865
           3800     0.00847463       -0.95286       0.907942
           3900     0.00537833       -1.03602        1.07334
           4000    1.35105e-05       -0.99816       0.996324
           4100      0.0012452       -1.01749        1.03529
           4200      0.0124265      -0.942616       0.888526
           4300       0.100991       -0.82596       0.682209
           4400      0.0147418      -0.937328       0.878584
           4500    0.000738285       -1.01349        1.02717
           4600       0.160683      -0.774046       0.599148
           4700    0.000845783      -0.985352       0.970918
           4800      0.0780291      -0.848919       0.720663
           4900       0.216369      -0.731331       0.534845
           5000       0.130626      -0.799111       0.638578
           5100      0.0171476       -1.06346        1.13095
           5200    0.000370998       -1.00958        1.01926
           5300       0.282551       -0.68443       0.468445
           5400    0.000844127      -0.985366       0.970946
           5500     0.00865759      -0.952341       0.906954
           5600      0.0552079       -1.11129        1.23496
           5700       0.130034      -0.799623       0.639398
           5800      0.0879842       -1.13869        1.29662
           5900      0.0194913       -1.06753        1.13961
           6000      0.0681962      -0.859567       0.738856
           6100     0.00688338       -1.04066        1.08297
           6200      0.0835054      -0.843224       0.711027
           6300     0.00332911      -0.970722       0.942302
           6400    0.000590971       -0.98777        0.97569
           6500      0.0650071      -0.863154       0.745035
           6600       0.137429       -1.17077        1.37071
           6700     0.00111248      -0.983182       0.966646
           6800        0.27977      -0.686343       0.471067
           6900      0.0344426       -1.08885        1.18559
           7000    6.17314e-05      -0.996064       0.992143
           7100     0.00508194      -0.963697       0.928712
           7200     0.00884105      -0.951826       0.905973
           7300      0.0619783      -0.866629       0.751046
           7400      0.0425254       -1.09828        1.20622
           7500     0.00206064      -0.977039       0.954606
           7600      0.0112755      -0.945417       0.893814
           7700      0.0282775       -1.08081        1.16816
           7800      0.0137074       -1.05692        1.11708
           7900      0.0383045       -1.09349        1.19572
           8000      0.0117307      -0.944294       0.891692
           8100    0.000602329        -1.0122        1.02454
           8200      0.0146098      -0.937619       0.879129
           8300       0.547302       -1.31901         1.7398
           8400      0.0168647      -0.932811       0.870136
           8500       0.127815       -1.16512        1.35751
           8600      0.0295016       -1.08248        1.17176
           8700        0.25384      -0.704396       0.496174
           8800    0.000400061      -0.989949       0.979998
           8900      0.0455942        -1.1016        1.21353
           9000     0.00151494       -1.01928        1.03892
           9100     0.00360929      -0.969496       0.939923
           9200       0.238206       -1.21986        1.48806
           9300    0.000730516       -1.01342        1.02703
           9400      0.0240825        -1.0748        1.15519
           9500     0.00133006       -1.01807        1.03647
           9600      0.0394027       -1.09476         1.1985
           9700     0.00123473       -1.01742        1.03514
           9800      0.0174344      -0.931644        0.86796
           9900      0.0129959      -0.941276          0.886
          10000      0.0636426      -0.864711       0.747725
          10100     0.00742319      -0.955951       0.913842
          10200     0.00986518       -0.94904       0.900676
          10300      0.0359227       -0.90026       0.810467
          10400     0.00276131       -1.02594        1.05255
          10500     0.00045151      -0.989319       0.978751
          10600     0.00063643      -0.987306       0.974772
          10700      0.0208577      -0.924975       0.855578
          10800       0.178836      -0.759677        0.57711
          10900      0.0267679      -0.914544       0.836391
          11000       0.314692       -1.24939        1.56097
          11100     0.00285608       -1.02637        1.05344
          11200      0.0722763      -0.855077       0.731157
          11300       0.014767      -0.937273        0.87848
          11400      0.0224652       -1.07233        1.14988
          11500       0.211025       -1.20805        1.45937
          11600      0.0391315      -0.895647       0.802183
          11700      0.0612522      -0.867472       0.752508
          11800     0.00217266      -0.976416       0.953388
          11900       0.119696      -0.808721       0.654029
          12000       0.122454       -1.16187        1.34993
          12100     0.00680554      -0.957864       0.917504
          12200      0.0129772       -0.94132       0.886083
          12300       0.121813       -1.16147        1.34902
          12400       0.173641      -0.763739       0.583298
          12500     1.4741e-05      -0.998078       0.996161
          12600      0.0143841       -1.05827        1.11993
          12700       0.017554       -1.06419        1.13249
          12800       0.064267        -1.1196        1.25351
          12900      0.0243231       -1.07516        1.15596
          13000       0.132112      -0.797827       0.636528
          13100     0.00348491       -1.02909        1.05903
          13200    0.000492794      -0.988838       0.977801
          13300     0.00855159       -1.04522        1.09247
          13400      0.0214886       -1.07079        1.14659
          13500       0.157044      -0.776989       0.603712
          13600      0.0596519      -0.869346       0.755763
          13700    0.000175349      -0.993357       0.986758
          13800       0.151835      -0.781242        0.61034
          13900     0.00735822      -0.956149        0.91422
          14000      0.0313399      -0.907177       0.822969
          14100       0.015279      -0.936158       0.876392
          14200      0.0903173       -1.14041        1.30053
          14300      0.0277776      -0.912871       0.833334
          14400      0.0405021       -1.09602        1.20125
          14500       0.217613      -0.730418        0.53351
          14600      0.0327773      -0.904961       0.818955
          14700       0.021254       -1.07041        1.14579
          14800       0.047952       -1.10407        1.21898
          14900      0.0382317        -1.0934        1.19553
          15000       0.110149      -0.817382       0.668113
          15100    1.67822e-09       -1.00002        1.00004
          15200      0.0720704       -1.12626        1.26846
          15300       0.002473      -0.974818       0.950271
          15400        0.19835      -0.744738       0.554635
          15500      0.0182053       -1.06533        1.13493
          15600       0.111635      -0.816016       0.665882
          15700     0.00360772      -0.969503       0.939936
          15800    1.27672e-05      -0.998212       0.996427
          15900    0.000245364      -0.992137       0.984336
          16000      0.0556031       -1.11167         1.2358
          16100      0.0284716      -0.911737       0.831265
          16200      0.0303747       -0.90869       0.825717
          16300     0.00442568      -0.966165       0.933474
          16400     0.00281648       -1.02619        1.05307
          16500      0.0365938       -1.09146         1.1913
          16600      0.0882609      -0.838399       0.702913
          16700      0.0452562       -1.10124        1.21273
          16800       0.063172       -1.11863        1.25134
          16900      0.0439977       -1.09989        1.20976
          17000       0.186332      -0.753882       0.568338
          17100     0.00330423       -1.02834        1.05748
          17200    0.000741631       -1.01352        1.02723
          17300      0.0612095       -1.11687        1.24741
          17400     0.00366474       -1.02982        1.06054
          17500       0.107362      -0.819963       0.672339
          17600      0.0269531      -0.914235       0.835826
          17700      0.0607997         -0.868       0.753424
          17800      0.0286732       -0.91141       0.830668
          17900       0.030572        -1.0839        1.17485
          18000      0.0270306       -1.07908        1.16441
          18100      0.0310922       -1.08459        1.17633
          18200     0.00153014       -1.01937        1.03912
          18300    9.70061e-05       -1.00491        1.00985
          18400     0.00728201      -0.956381       0.914665
          18500        0.21008       -1.20762        1.45834
          18600    0.000101222       -1.00502        1.01006
          18700      0.0176855       -1.06442        1.13299
          18800      0.0664489       -1.12151        1.25778
          18900      0.0581591      -0.871113       0.758838
          19000       0.139339       -1.17187        1.37328
          19100       0.192081      -0.749486       0.561729
          19200     0.00776354       -1.04313        1.08811
          19300      0.0136452      -0.939781       0.883187
          19400      0.0102583       -1.04942        1.10128
          19500       0.234416      -0.718217       0.515835
          19600       0.112061      -0.815625       0.665245
          19700      0.0807118       -1.13318         1.2841
          19800      0.0641007      -0.864187       0.746819
          19900      0.0592815      -0.869783       0.756522
          20000       0.150396      -0.782426        0.61219
          20100     0.00151796      -0.980326       0.961039
          20200     0.00551649      -0.962147       0.925727
          20300      0.0198454       -1.06812        1.14087
          20400       0.287687      -0.680908       0.463635
          20500    0.000599922      -0.987677       0.975507
          20600       0.271755      -0.691881       0.478699
          20700      0.0169872       -1.06317        1.13033
          20800     0.00367149       -0.96923       0.939407
          20900       0.488637      -0.548611       0.300975
          21000     0.00488601       -1.03436         1.0699
          21100      0.0222091       -1.07193        1.14903
          21200    4.13533e-05      -0.996779       0.993569
          21300      0.0336027        -1.0878        1.18331
          21400     0.00221228       -1.02325        1.04703
          21500       0.103353       -1.14956        1.32149
          21600     0.00904127       -1.04646        1.09509
          21700    0.000750237       -0.98621        0.97261
          21800      0.0829865       -1.13493        1.28807
          21900     0.00460252      -0.965483       0.932158
          22000     0.00276954       -1.02598        1.05263
          22100        0.11557      -0.812431       0.660044
          22200     0.00244656      -0.974955       0.950537
          22300       0.092306      -0.834375       0.696181
          22400       0.159147       -1.18276        1.39893
          22500    0.000746841       -1.01357        1.02733
          22600    0.000579389      -0.987891       0.975929
          22700     0.00895553      -0.951507       0.905366
          22800       0.081538       -1.13382        1.28555
          22900      0.0167024       -1.06266        1.12924
          23000       0.115415       -1.15747        1.33973
          23100     0.00648694      -0.958884       0.919458
          23200      0.0328301       -1.08683        1.18119
          23300      0.0499058      -0.881251       0.776604
          23400      0.0517168      -0.878969       0.772587
          23500       0.362149       -1.26562        1.60179
          23600      0.0339321      -0.903213       0.815793
          23700     0.00322283       -1.02799        1.05677
          23800    0.000401526       -1.00997        1.02004
          23900      0.0399869      -0.894446       0.800033
          24000     0.00545804      -0.962352       0.926121
          24100     0.00297872      -0.972328       0.945422
          24200       0.206419       -1.20596        1.45433
          24300       0.044681       -1.10063        1.21138
          24400    8.48874e-06      -0.998542       0.997086
          24500      0.0155724      -0.935527        0.87521
          24600       0.091414      -0.835256       0.697653
          24700      0.0101287      -0.948345       0.899359
          24800      0.0134018        -1.0563        1.11577
          24900     0.00866922       -1.04552        1.09311
          25000       0.138172        -1.1712        1.37172
          25100      0.0767405      -0.850282       0.722979
          25200     0.00215171      -0.976531       0.953613
          25300    0.000232638        -1.0076        1.01525
          25400      0.0334472      -0.903944       0.817114
          25500       0.125961      -0.803175       0.645091
          25600      0.0376729      -0.897722       0.805905
          25700     0.00638164      -0.959226       0.920115
          25800       0.048839       -1.10499          1.221
          25900     0.00876658       -1.04577        1.09363
          26000      0.0619427       -1.11753        1.24888
          26100     0.00029322       -1.00853        1.01712
          26200        0.11203      -0.815654       0.665292
          26300    0.000384511       -1.00976        1.01961
          26400       0.233567      -0.718827       0.516712
          26500      0.0003534      -0.990556       0.981201
          26600      0.0601682       -1.11593        1.24529
          26700      0.0863985      -0.840276       0.706064
          26800      0.0786016       -1.13153        1.28036
          26900      0.0155695       -1.06056        1.12478
          27000     0.00177005       -1.02082        1.04207
          27100     0.00334112        -1.0285         1.0578
          27200       0.192294      -0.749324       0.561486
          27300      0.0458268      -0.886526       0.785928
          27400     0.00620432      -0.959809       0.921232
          27500        0.19451      -0.747641       0.558967
          27600      0.0139902       -1.05749        1.11828
          27700     0.00279858       -1.02611         1.0529
          27800       0.085098       -1.13654        1.29172
          27900      0.0442269       -0.88865       0.789698
          28000     0.00751011      -0.955688       0.913339
          28100        0.14061      -0.790582       0.625021
          28200     0.00442276       -1.03272         1.0665
          28300    0.000117532      -0.994565       0.989159
          28400    1.97385e-05      -0.997776       0.995557
          28500      0.0648429       -1.12011        1.25464
          28600       0.169563      -0.766955        0.58822
          28700    1.53463e-05      -0.998039       0.996083
          28800        0.12656       -0.80265       0.644247
          28900       0.116045       -1.15787        1.34065
          29000     0.00184811      -0.978269        0.95701
          29100      0.0297123       -1.08276        1.17237
          29200      0.0578308       -1.11377        1.24048
          29300    6.47455e-05       -1.00402        1.00805
          29400      0.0165478      -0.933468       0.871362
          29500       0.140902      -0.790336       0.624631
          29600      0.0179211      -0.930661        0.86613
          29700       0.032687      -0.905099       0.819204
          29800      0.0326677       -1.08662        1.18074
          29900      0.0185735       -1.06597        1.13628
          30000      0.0660307       -1.12114        1.25696
          30100     0.00271073        -1.0257        1.05206
          30200    0.000427647      -0.989606        0.97932
          30300    0.000151672      -0.993823       0.987684
          30400      0.0687681      -0.858931       0.737763
          30500      0.0479007       -0.88382       0.781138
          30600      0.0025628         -1.025        1.05062
          30700      0.0817711         -1.134        1.28596
          30800      0.0130343       -1.05554        1.11417
          30900      0.0165949       -0.93337       0.871179
          31000    0.000216007       -1.00732         1.0147
          31100       0.117287      -0.810881       0.657528
          31200       0.134689      -0.795613       0.632999
          31300     0.00131548      -0.981698       0.963731
          31400      0.0153799       -0.93594       0.875984
          31500     0.00858799      -0.952538       0.907329
          31600       0.210435       -0.73571       0.541269
          31700      0.0903604      -0.836301         0.6994
          31800       0.173747      -0.763656        0.58317
          31900       0.125704       -1.16385        1.35455
          32000     0.00336324       -0.97057       0.942007
          32100      0.0191835      -0.928168       0.861496
          32200       0.014748      -0.937315       0.878559
          32300    0.000243285       -1.00777         1.0156
          32400     0.00488301      -0.964428       0.930121
          32500      0.0448662      -0.887797       0.788184
          32600      0.0325952       -0.90524       0.819459
          32700       0.103137      -0.823924        0.67885
          32800      0.0908019       -1.14076        1.30133
          32900      0.0349556      -0.901685       0.813036
          33000    1.81537e-05      -0.997867       0.995739
          33100      0.0245519        -1.0755        1.15669
          33200      0.0210186      -0.924674       0.855022
          33300      0.0487159       -1.10486        1.22072
          33400      0.0876723       -1.13846         1.2961
          33500     0.00451541       -1.03305         1.0672
          33600    4.73929e-05      -0.996552       0.993116
          33700      0.0536869       -1.10982         1.2317
          33800        0.22529       -1.21435        1.47465
          33900      0.0767206       -1.13004        1.27698
          34000       0.291832      -0.678075       0.459785
          34100      0.0164406      -0.933691       0.871779
          34200     0.00287917      -0.972801       0.946342
          34300      0.0734976       -1.12743         1.2711
          34400      0.0451336      -0.887442       0.787553
          34500    0.000399524      -0.989956       0.980012
          34600       0.149221      -0.783396       0.613709
          34700       0.112921      -0.814839       0.663962
          34800      0.0647303       -1.12001        1.25442
          34900       0.426892       -1.28583        1.65337
          35000    0.000470569      -0.989094       0.978307
          35100      0.0229065      -0.921223       0.848651
          35200    3.16337e-06       -1.00089        1.00178
          35300      0.0561684      -0.873499       0.763001
          35400       0.117356       -1.15869        1.34257
          35500    0.000686228      -0.986815       0.973804
          35600      0.0022394       -1.02339        1.04732
          35700     0.00492863      -0.964259       0.929796
          35800      0.0448172       -1.10077         1.2117
          35900      0.0183125       -0.92988       0.864676
          36000    0.000579119      -0.987894       0.975935
          36100     0.00418164      -0.967127       0.935334
          36200    0.000291576        -1.0085        1.01708
          36300     0.00818173       -1.04425        1.09045
          36400      0.0170917       -1.06336        1.13074
          36500      0.0352674      -0.901224       0.812204
          36600      0.0182801      -0.929944       0.864796
          36700      0.0660598       -1.12117        1.25702
          36800      0.0193157      -0.927911       0.861019
          36900       0.127251      -0.802045       0.643277
          37000      0.0197268      -0.927118       0.859548
          37100      0.0032705      -0.970985       0.942812
          37200      0.0276318      -0.913111       0.833772
          37300    0.000475221       -0.98904         0.9782
          37400      0.0115599      -0.944713       0.892483
          37500     0.00339913       -1.02874         1.0583
          37600      0.0585942       -1.11448        1.24206
          37700     0.00356181      -0.969701       0.940319
          37800      0.0166822       -1.06262        1.12916
          37900       0.249918       -1.22471        1.49992
          38000       0.165862       -1.18628        1.40726
          38100       0.196634      -0.746033       0.556566
          38200      0.0151214      -0.936499       0.877031
          38300      0.0454157      -0.887068       0.786891
          38400       0.012327      -0.942854       0.888973
          38500     0.00346253         -1.029        1.05884
          38600    4.46864e-05      -0.996652       0.993315
          38700       0.234372      -0.718248        0.51588
          38800     0.00735627         -1.042        1.08577
          38900       0.114457       -1.15686        1.33831
          39000     0.00471365       -1.03376        1.06866
          39100    0.000701361       -1.01316        1.02648
          39200      0.0240031      -0.919277       0.845071
          39300     0.00591441       -1.03774        1.07691
          39400     0.00125065      -0.982159       0.964635
          39500     0.00774052      -0.954997        0.91202
          39600      0.0158154       -1.06102        1.12576
          39700     0.00541908      -0.962489       0.926386
          39800      0.0230491      -0.920967       0.848181
          39900      0.0315913       -1.08524        1.17774
          40000      0.0426053       -1.09837        1.20641
          40100      0.0127468       -1.05494         1.1129
          40200      0.0432613       -1.09909        1.20799
          40300      0.0120317      -0.943563       0.890311
          40400      0.0258668      -0.916061       0.839168
          40500       0.016833       -1.06289        1.12974
          40600     0.00368802       -1.02992        1.06073
          40700      0.0691445      -0.858514       0.737047
          40800       0.227552      -0.723171       0.522976
          40900        0.07289      -0.854411       0.730018
          41000     0.00358703      -0.969592       0.940108
          41100    8.82962e-07       -1.00047        1.00094
          41200    6.08949e-05      -0.996091       0.992196
          41300      0.0128394       -1.05514        1.11331
          41400       0.100737       -1.14778        1.31739
          41500    0.000153826      -0.993779       0.987597
          41600    0.000210161       -1.00722         1.0145
          41700    1.31642e-06       -1.00057        1.00115
          41800     0.00927159       -1.04704        1.09629
          41900      0.0302863      -0.908829       0.825971
          42000       0.020098      -0.926408       0.858233
          42100      0.0282018       -1.08071        1.16793
          42200       0.100704      -0.826233       0.682661
          42300       0.314101      -0.662988       0.439553
          42400       0.101247       -1.14813        1.31819
          42500     0.00163351       -1.02001        1.04042
          42600     0.00830006       -0.95336       0.908895
          42700     0.00509408      -0.963653       0.928627
          42800      0.0929794       -1.14233        1.30493
          42900       0.025174      -0.917244       0.841337
          43000    0.000769411       -1.01377        1.02774
          43100     0.00122573       -1.01735        1.03501
          43200        0.12218      -0.806509       0.650457
          43300      0.0211178        -1.0702        1.14532
          43400     0.00192206      -0.977834       0.956159
          43500    0.000136762      -0.994136       0.988305
          43600      0.0526455        -1.1088        1.22945
          43700     0.00112302      -0.983101       0.966489
          43800     0.00380023      -0.968687       0.938354
          43900        0.11539      -0.812594       0.660308
          44000       0.103903      -0.823201        0.67766
          44100    0.000561977      -0.988076       0.976294
          44200    3.88606e-05      -0.996878       0.993766
          44300      0.0532688       -0.87704         0.7692
          44400      0.0409841       -1.09656        1.20245
          44500      0.0186762       -0.92916       0.863339
          44600      0.0250374      -0.917479       0.841768
          44700       0.158769       -1.18256        1.39846
          44800      0.0810323      -0.845777       0.715338
          44900      0.0138488        -1.0572        1.11768
          45000       0.017024       -1.06324        1.13048
          45100      0.0590192      -0.870093       0.757061
          45200       0.192101      -0.749471       0.561707
          45300    5.18249e-05       -1.00359         1.0072
          45400    3.57293e-06       -1.00094        1.00189
          45500      0.0164494       -1.06219        1.12826
          45600       0.186642      -0.753644       0.567979
          45700      0.0334071       -1.08756        1.18278
          45800       0.207607        -1.2065        1.45564
          45900       0.177574      -0.760661       0.578605
          46000       0.150773      -0.782115       0.611705
          46100       0.069349      -0.858288       0.736658
          46200     0.00238393      -0.975282       0.951175
          46300        0.28468      -0.682969       0.466446
          46400      0.0712746        -1.1256        1.26697
          46500      0.0140591       -1.05763        1.11857
          46600     0.00233564      -0.975537       0.951672
          46700      0.0102232      -0.948098        0.89889
          46800      0.0219193      -0.923011       0.851948
          46900      0.0632931       -1.11874        1.25158
          47000    1.43559e-05       -1.00189        1.00379
          47100     0.00589717       -1.03769        1.07679
          47200      0.0761823       -1.12961        1.27601
          47300      0.0244347       -1.07532        1.15632
          47400      0.0748518      -0.852297       0.726409
          47500      0.0110412      -0.946004       0.894923
          47600     0.00477118       -1.03396        1.06907
          47700       0.359204       -1.26465        1.59934
          47800      0.0130043       -1.05548        1.11404
          47900      0.0737802       -1.12766        1.27163
          48000      0.0898025      -0.836857       0.700329
          48100      0.0398037      -0.894702       0.800491
          48200     0.00305475      -0.971972        0.94473
          48300       0.169719      -0.766832       0.588031
          48400    0.000100246       -1.00499        1.01001
          48500    0.000106358       -1.00514        1.01031
          48600      0.0225205       -1.07241        1.15007
          48700     0.00217191       -0.97642       0.953396
          48800      0.0328129        -1.0868        1.18114
          48900       0.134783       -1.16924        1.36713
          49000       0.029294      -0.910409       0.828845
          49100      0.0228169       -1.07287        1.15105
          49200      0.0264534       -1.07826        1.16265
          49300      0.0570664      -0.872419       0.761114
          49400     0.00796849       -1.04368        1.08927
          49500    0.000993505       -1.01564        1.03152
          49600    0.000499251       -1.01111        1.02234
          49700     0.00117204       -1.01697        1.03424
          49800       0.152636      -0.780586       0.609314
          49900     0.00977666      -0.949275       0.901123
          50000      0.0564992        -0.8731       0.762304
          50100     0.00608323      -0.960211       0.922005
          50200      0.0555215       -1.11159        1.23563
          50300      0.0238477       -1.07444        1.15443
          50400       0.052856       -1.10901         1.2299
          50500      0.0471126        -1.1032        1.21705
          50600     0.00158432      -0.979896       0.960197
          50700    0.000120256      -0.994502       0.989034
          50800     0.00163911       -1.02004        1.04049
          50900       0.157109      -0.776936        0.60363
          51000       0.157476       -1.18188        1.39683
          51100      0.0621893       -1.11776        1.24938
          51200     0.00188657       -1.02149        1.04343
          51300      0.0130441       -1.05556        1.11421
          51400      0.0271703       -1.07927        1.16483
          51500     0.00147236      -0.980627       0.961629
          51600     0.00279552        -1.0261        1.05287
          51700     0.00695852      -0.957383       0.916582
          51800       0.294184      -0.676471       0.457612
          51900     0.00704829       -1.04113        1.08395
          52000      0.0170967      -0.932333       0.869246
          52100       0.100235       -1.14743         1.3166
          52200      0.0210285      -0.924656       0.854988
          52300     0.00200161      -0.977374       0.955261
          52400      0.0452213       -1.10121        1.21265
          52500      0.0194135      -0.927722       0.860668
          52600     0.00137912      -0.981256       0.962864
          52700       0.106929      -0.820366          0.673
          52800     0.00657153      -0.958611       0.918935
          52900     0.00833594      -0.953257       0.908699
          53000       0.137621      -0.793112       0.629026
          53100     0.00370738       -1.02999        1.06089
          53200       0.163635      -0.771675       0.595482
          53300    0.000458235      -0.989239       0.978594
          53400      0.0265262      -0.914949       0.837131
          53500      0.0288494      -0.911125       0.830149
          53600    0.000637291       -1.01254        1.02524
          53700      0.0300359       -1.08319        1.17331
          53800       0.179256      -0.759351       0.576613
          53900       0.018857       -1.06645        1.13732
          54000       0.151111       -1.17844        1.38873
          54100     0.00408047       -1.03144        1.06388
          54200       0.126759      -0.802476       0.643967
          54300      0.0559783      -0.873729       0.763403
          54400      0.0101648        -1.0492        1.10082
          54500      0.0529203       -1.10907        1.23004
          54600      0.0201236       -1.06858        1.14186
          54700      0.0192098       -1.06705         1.1386
          54800    0.000541725       -1.01157        1.02327
          54900      0.0470674      -0.884901        0.78305
          55000      0.0444108       -1.10034        1.21074
          55100       0.111749       -1.15511        1.33429
          55200      0.0945202      -0.832201       0.692559
          55300       0.032766      -0.904979       0.818986
          55400      0.0197101       -1.06789        1.14039
          55500       0.013183      -0.940842       0.885183
          55600     0.00439442       -1.03261        1.06629
          55700       0.046099      -0.886168       0.785293
          55800       0.130745       -1.16687        1.36159
          55900     0.00242624      -0.975061       0.950743
          56000      0.0670006      -0.860904       0.741155
          56100     0.00952779       -1.04767        1.09761
          56200    2.85091e-05       -1.00267        1.00534
          56300      0.0085399      -0.952674       0.907588
          56400      0.0343062      -0.902652       0.814781
          56500      0.0878202      -0.838842       0.703655
          56600     0.00272866       -1.02579        1.05224
          56700      0.0268024       -1.07876        1.16371
          56800     0.00249319       -1.02466        1.04993
          56900      0.0529306      -0.877459       0.769934
          57000      0.0102098      -0.948133       0.898957
          57100     0.00374717       -1.03015        1.06121
          57200      0.0435126      -0.889608       0.791403
          57300      0.0663993       -1.12146        1.25768
          57400      0.0189364       -0.92865        0.86239
          57500      0.0819824      -0.844792       0.713674
          57600       0.165128      -0.770481       0.593641
          57700     5.3949e-05       -1.00367        1.00734
          57800     0.00249588      -0.974701       0.950041
          57900       0.160142       -1.18329        1.40018
          58000        0.11435      -0.813537       0.661843
          58100     0.00014624       -1.00603        1.01209
          58200      0.0148561       -1.05919        1.12189
          58300     0.00429099      -0.966692       0.934494
          58400      0.0408559      -0.893237       0.797872
          58500      0.0877869       -1.13855        1.29629
          58600       0.208039      -0.737487       0.543887
          58700     0.00223101       -1.02334        1.04723
          58800      0.0951805        -1.1439        1.30851
          58900       0.112353        -1.1555        1.33519
          59000       0.018394      -0.929718       0.864375
          59100     0.00359643       -1.02955        1.05997
          59200     0.00172578       -1.02056        1.04154
          59300       0.396988      -0.608219        0.36993
          59400      0.0325039       -1.08641        1.18029
          59500      0.0285171       -1.08114        1.16887
          59600      0.0196641      -0.927238       0.859771
          59700      0.0233543        -1.0737        1.15282
          59800      0.0368273      -0.898941       0.808096
          59900     8.5844e-05      -0.995357       0.990735
          60000    0.000719333       -1.01332        1.02682
          60100    0.000590665      -0.987773       0.975696
          60200       0.049494      -0.881775       0.777527
          60300     0.00278398      -0.973261       0.947237
          60400      0.0551585      -0.874724       0.765142
          60500       0.171724      -0.765248       0.585604
          60600    3.14042e-06      -0.999114       0.998228
          60700      0.0435821      -0.889515       0.791237
          60800      0.0498004      -0.881385        0.77684
          60900       0.022868      -0.921292       0.848778
          61000      0.0174747       -1.06405        1.13219
          61100     0.00765909       -1.04284        1.08752
          61200      0.0228026      -0.921409       0.848995
          61300    0.000906563       -1.01494        1.03011
          61400     0.00398942      -0.967904       0.936838
          61500      0.0963928       -1.14476        1.31047
          61600     0.00554976      -0.962031       0.925503
          61700    0.000793434      -0.985815       0.971832
          61800    0.000594606       -1.01212        1.02438
          61900      0.0197107      -0.927149       0.859605
          62000      0.0240596      -0.919178       0.844888
          62100         0.1589      -0.775486       0.601378
          62200      0.0871176       -1.13805        1.29516
          62300      0.0129284      -0.941433       0.886297
          62400     0.00648756      -0.958882       0.919455
          62500      0.0114547      -0.944973       0.892973
          62600       0.068639      -0.859075       0.738009
          62700    2.73642e-05       -1.00261        1.00523
          62800     0.00278787       -1.02606         1.0528
          62900       0.341532      -0.644665       0.415592
          63000       0.378985      -0.619986       0.384383
          63100      0.0167353      -0.933078       0.870635
          63200     9.8026e-05      -0.995037       0.990099
          63300     0.00174133       -1.02065        1.04173
          63400     0.00618943      -0.959858       0.921327
          63500      0.0114904       -1.05223        1.10719
          63600      0.0486735       -1.10482        1.22062
          63700     0.00404548      -0.967676       0.936396
          63800      0.0154955       -1.06042        1.12448
          63900      0.0241313      -0.919052       0.844657
          64000       0.155199       -0.77849       0.606047
          64100     0.00654346      -0.958701       0.919108
          64200      0.0903678      -0.836294       0.699388
          64300        0.22858       -1.21577         1.4781
          64400     0.00276035      -0.973376       0.947461
          64500     0.00023669      -0.992278       0.984615
          64600      0.0440907      -0.888832       0.790022
          64700       0.153734      -0.779687       0.607911
          64800      0.0134246      -0.940285       0.884135
          64900     0.00690545       -1.04072         1.0831
          65000      0.0803797      -0.846456       0.716487
          65100    0.000955681       -1.01534        1.03091
          65200    0.000690038      -0.986778       0.973731
          65300      0.0626914      -0.865805       0.749618
          65400       0.224523       -0.72537       0.526161
          65500      0.0991856       -1.14671        1.31494
          65600        0.23648      -0.716734       0.513708
          65700       0.155412      -0.778316       0.605776
          65800    2.75934e-05       -0.99737       0.994747
          65900      0.0543238       -1.11044        1.23307
          66000     0.00209225       -1.02261        1.04574
          66100      0.0537456      -0.876453       0.768169
          66200      0.0503933      -0.880634       0.775515
          66300      0.0135307      -0.940042       0.883678
          66400     0.00807066       -1.04395        1.08984
          66500      0.0102987       -1.04952        1.10148
          66600     0.00481315      -0.964688       0.930623
          66700      0.0859837      -0.840696        0.70677
          66800    4.62791e-05      -0.996593       0.993197
          66900       0.197189       -1.20169        1.44406
          67000       0.100016       -0.82689       0.683747
          67100      0.0728268       -0.85448       0.730136
          67200     0.00747024      -0.955808       0.913569
          67300      0.0894589        -0.8372       0.700903
          67400      0.0863775      -0.840297         0.7061
          67500      0.0126008      -0.942203       0.887747
          67600     0.00578893      -0.961205       0.923915
          67700     0.00500956      -0.963961       0.929222
          67800     0.00932625       -1.04717        1.09657
          67900       0.121907      -0.806752       0.650848
          68000    3.26416e-05      -0.997139       0.994287
          68100     0.00632705       -1.03901        1.07954
          68200      0.0128184      -0.941691       0.886782
          68300      0.0362817       -1.09109        1.19048
          68400     0.00637183      -0.959258       0.920176
          68500    9.88974e-06       -1.00157        1.00314
          68600      0.0199247       -1.06825        1.14115
          68700    7.00473e-06      -0.998676       0.997353
          68800      0.0765538       -0.85048       0.723316
          68900     0.00126358       -1.01762        1.03555
          69000    0.000537507       -1.01153        1.02318
          69100      0.0824914      -0.844267       0.712787
          69200      0.0200771        -1.0685        1.14169
          69300       0.111393      -0.816238       0.666244
          69400      0.0106041       -1.05023        1.10298
          69500      0.0195572       -1.06764        1.13985
          69600       0.110005       -1.15398        1.33167
          69700       0.134227       -1.16892        1.36637
          69800     0.00159915        -1.0198        1.03999
          69900     0.00730871       -1.04187        1.08549
          70000     0.00984679       -1.04844        1.09923
          70100      0.0743716      -0.852812       0.727289
          70200       0.118173       -1.15921        1.34376
          70300      0.0322494       -0.90577       0.820419
          70400     0.00880246       -1.04586        1.09382
          70500     0.00642411      -0.959088       0.919849
          70600      0.0044293       -1.03274        1.06655
          70700      0.0124767      -0.942497       0.888301
          70800       0.118876      -0.809454       0.655216
          70900      0.0237874       -1.07435        1.15423
          71000     0.00831326       -1.04459        1.09118
          71100      0.0042914      -0.966691       0.934491
          71200     0.00551496       -1.03647        1.07426
          71300       0.101044      -0.825909       0.682126
          71400      0.0895854       -1.13987        1.29931
          71500       0.263344      -0.697732        0.48683
          71600      0.0883841       -1.13899        1.29729
          71700     0.00490815      -0.964335       0.929942
          71800       0.049579      -0.881667       0.777337
          71900    0.000335173      -0.990804       0.981692
          72000        0.20591       -1.20573        1.45377
          72100    0.000635237       -1.01252         1.0252
          72200      0.0116984       -1.05269        1.10816
          72300        0.11108      -0.816526       0.666714
          72400      0.0353614      -0.901085       0.811954
          72500      0.0709132        -1.1253         1.2663
          72600      0.0320298      -0.906108       0.821031
          72700      0.0903955       -1.14046        1.30066
          72800     0.00373927      -0.968943        0.93885
          72900    0.000633694       -1.01251        1.02517
          73000      0.0543207      -0.875747       0.766932
          73100      0.0914513      -0.835219       0.697591
          73200      0.0049243      -0.964275       0.929827
          73300    2.54244e-05       -1.00252        1.00504
          73400      0.0550098      -0.874905       0.765458
          73500     0.00627564      -0.959573       0.920781
          73600      0.0033288      -0.970724       0.942304
          73700      0.0836138      -0.843113       0.710839
          73800      0.0195485      -0.927461       0.860184
          73900       0.113917      -0.813931       0.662484
          74000      0.0677012       -1.12258        1.26019
          74100      0.0303239       -0.90877       0.825862
          74200      0.0616176       -1.11724        1.24823
          74300       0.151937      -0.781159       0.610209
          74400      0.0631555       -1.11862        1.25131
          74500       0.096489       -1.14483        1.31063
          74600       0.071484       -1.12577        1.26736
          74700       0.119118        -1.1598        1.34513
          74800       0.213664      -0.733322       0.537762
          74900      0.0499293      -0.881221       0.776551
          75000     0.00643638       -1.03934        1.08023
          75100      0.0291873       -1.08205        1.17084
          75200      0.0215547       -1.07089        1.14682
          75300      0.0692671       -1.12392        1.26319
          75400       0.105914      -0.821313       0.674555
          75500     0.00634521       -1.03907        1.07966
          75600     0.00622171       -1.03869        1.07888
          75700     0.00486695      -0.964488       0.930236
          75800      0.0290098       -1.08181        1.17032
          75900      0.0221367       -1.07181        1.14878
          76000     0.00713557      -0.956832       0.915528
          76100      0.0330213       -1.08707        1.18172
          76200     0.00243752       -1.02439        1.04937
          76300      0.0070937       -1.04126        1.08422
          76400     0.00591802       -1.03775        1.07693
          76500      0.0415366      -0.892297       0.796195
          76600      0.0168238       -1.06288        1.12971
          76700      0.0357389      -0.900529       0.810953
          76800     0.00783689      -0.954711       0.911474
          76900       0.075175       -0.85195       0.725819
          77000     0.00612397      -0.960075       0.921744
          77100      0.0492425        -1.1054        1.22191
          77200      0.0812979      -0.845501       0.714872
          77300     0.00356132      -0.969703       0.940323
          77400      0.0876997       -1.13848        1.29614
          77500       0.129659      -0.799949       0.639919
          77600    0.000270107      -0.991748       0.983565
          77700       0.039697      -0.894851       0.800759
          77800     0.00303474      -0.972066       0.944911
          77900      0.0396733       -1.09507        1.19918
          78000      0.0501274        -1.1063        1.22389
          78100      0.0340099      -0.903096       0.815582
          78200     0.00224994      -0.975995       0.952566
          78300      0.0709556      -0.856519       0.733625
          78400       0.162537      -0.772555       0.596841
          78500        0.21454       -1.20962        1.46318
          78600     0.00380095       -1.03036        1.06165
          78700        0.17267      -0.764502       0.584464
          78800      0.0217746      -0.923276       0.852438
          78900     0.00846606       -1.04499        1.09201
          79000     0.00808893         -1.044        1.08994
          79100     0.00189271       -1.02152        1.04351
          79200    0.000237909       -1.00768        1.01542
          79300      0.0617927      -0.866844       0.751419
          79400      0.0325085       -1.08642         1.1803
          79500     0.00595021       -1.03785        1.07714
          79600      0.0318157       -1.08553        1.17837
          79700       0.200869      -0.742843       0.551816
          79800       0.119624       -1.16012        1.34587
          79900     0.00571002       -1.03709        1.07556
          80000      0.0768236       -1.13012        1.27717
          80100     0.00828841      -0.953394       0.908959
          80200      0.0182935       -1.06548        1.13525
          80300      0.0221341       -1.07181        1.14878
          80400      0.0409342        -1.0965        1.20232
          80500      0.0171248      -0.932276       0.869138
          80600       0.125992      -0.803148       0.645046
          80700     0.00042822       -1.01029        1.02069
          80800      0.0243023       -1.07512        1.15589
          80900      0.0201974        -1.0687        1.14212
          81000     0.00399534       -1.03112        1.06321
          81100     0.00790504       -0.95451        0.91109
          81200      0.0011939       -1.01713        1.03455
          81300      0.0412713      -0.892663       0.796847
          81400      0.0321674      -0.905896       0.820647
          81500    0.000158057      -0.993694       0.987428
          81600      0.0292796       -1.08218        1.17111
          81700      0.0474719      -0.884375       0.782119
          81800       0.024384       -1.07525        1.15615
          81900     0.00294333       -1.02677        1.05425
          82000    2.98852e-07      -0.999727       0.999453
          82100     0.00169363      -0.979207       0.958846
          82200    5.87354e-06      -0.998787       0.997576
          82300      0.0398956      -0.894573       0.800261
          82400     0.00564992        -1.0369        1.07517
          82500      0.0681965       -1.12301        1.26114
          82600     0.00177083       -1.02082        1.04208
          82700      0.0170508      -0.932428       0.869421
          82800     0.00141154       -1.01861        1.03757
          82900      0.0729724         -1.127        1.27013
          83000       0.395092      -0.609456       0.371436
          83100      0.0335705       -1.08776        1.18322
          83200       0.154919      -0.778718       0.606402
          83300      0.0155781      -0.935515       0.875188
          83400      0.0884212       -1.13902        1.29736
          83500      0.0924877      -0.834195       0.695882
          83600      0.0249491       -1.07608        1.15795
          83700      0.0740299       -0.85318       0.727916
          83800     0.00364171      -0.969357       0.939653
          83900      0.0724159       -1.12654         1.2691
          84000       0.098618       -1.14631        1.31403
          84100     0.00416435      -0.967196       0.935468
          84200      0.0015535       -1.01952        1.03941
          84300     0.00544272       -1.03623        1.07377
          84400       0.160381       -0.77429       0.599525
          84500       0.132476       -1.16789        1.36397
          84600      0.0101054      -0.948406       0.899474
          84700      0.0197629       -1.06798        1.14058
          84800      0.0651782       -0.86296         0.7447
          84900       0.447669       -1.29193        1.66908
          85000     0.00014251      -0.994013       0.988062
          85100      0.0803136      -0.846524       0.716603
          85200       0.155837       -0.77797       0.605238
          85300      0.0173283       -1.06378        1.13164
          85400      0.0348937        -1.0894         1.1868
          85500    0.000751607       -1.01362        1.02742
          85600     0.00148682        -1.0191        1.03856
          85700     0.00259238       -1.02514        1.05092
          85800      0.0150583      -0.936636       0.877288
          85900       0.331739       -1.25538        1.57597
          86000      0.0151138       -1.05969        1.12294
          86100    1.44807e-09      -0.999981       0.999962
          86200      0.0375088      -0.897958       0.806328
          86300      0.0830668       -1.13499        1.28821
          86400     0.00304171       -1.02721        1.05515
          86500       0.115419       -1.15747        1.33973
          86600     0.00101719       -1.01582        1.03189
          86700     0.00486125      -0.964509       0.930277
          86800      0.0878595      -0.838802       0.703589
          86900      0.0100973      -0.948428       0.899515
          87000      0.0192362        -1.0671        1.13869
          87100      0.0627485       -1.11826         1.2505
          87200      0.0024133      -0.975128       0.950875
          87300     0.00183115       -0.97837       0.957208
          87400     0.00202958      -0.977215       0.954949
          87500       0.123692      -0.805172       0.648301
          87600      0.0146614       -1.05881        1.12108
          87700     0.00143247       -1.01875        1.03785
          87800      0.0235795      -0.920024       0.846444
          87900     0.00387733      -0.968366       0.937732
          88000     0.00347827       -1.02907        1.05898
          88100    0.000251285       -1.00789        1.01585
          88200       0.197406       -0.74545       0.555696
          88300       0.310293       -1.24781        1.55704
          88400    8.06328e-06      -0.998579        0.99716
          88500      0.0447605      -0.887938       0.788433
          88600    0.000466607       -1.01074         1.0216
          88700      0.0263244       -1.07808        1.16225
          88800       0.219367       0.729132       0.531634
          88900      0.0699827        1.12452        1.26454
          89000    0.000242826       0.992178       0.984417
          89100     0.00513687       0.963498       0.928328
          89200      0.0702737        1.12476        1.26509
          89300       0.183933       0.755728       0.571125
          89400      0.0369227       0.898803       0.807847
          89500      0.0594291        1.11525        1.24378
          89600     0.00203928        0.97716       0.954842
          89700    0.000502961       0.988723       0.977573
          89800     7.0613e-08       0.999867       0.999734
          89900      0.0631049        1.11857        1.25121
          90000    0.000290606        0.99144       0.982953
          90100      0.0127625       0.941822       0.887029
          90200     0.00830795       0.953337       0.908852
          90300     0.00678442       0.957931       0.917632
          90400      0.0125476        1.05452        1.11202
          90500       0.121978       0.806689       0.650747
          90600       0.039014       0.895813        0.80248
          90700    7.34464e-05        1.00428        1.00857
          90800      0.0813801         1.1337        1.28527
          90900       0.095873        1.14439        1.30963
          91000     0.00792388        1.04356        1.08902
          91100     0.00203515        1.02231        1.04511
          91200       0.052557        1.10872        1.22925
          91300       0.304052       0.669769       0.448591
          91400      0.0192187       0.928099       0.861369
          91500      0.0391769         1.0945        1.19793
          91600      0.0936567       0.833046       0.693966
          91700      0.0119572        1.05326        1.10935
          91800      0.0663336       0.861654       0.742447
          91900      0.0644761       0.863758       0.746078
          92000      0.0432372        0.88998       0.792064
          92100       0.001384       0.981223       0.962798
          92200      0.0214431        1.07072        1.14643
          92300      0.0764878        0.85055       0.723436
          92400    0.000804223        1.01408        1.02836
          92500      0.0874172       0.839247       0.704336
          92600      0.0195164        1.06757         1.1397
          92700      0.0213772        1.07061        1.14621
          92800      0.0180579       0.930387        0.86562
          92900      0.0237168       0.919781       0.845997
          93000     0.00467323        1.03362        1.06836
          93100    0.000152031       0.993816        0.98767
          93200     0.00137558        1.01838        1.03709
          93300       0.113188        1.15604        1.33643
          93400       0.086599        1.13766        1.29428
          93500       0.258786        0.70092       0.491289
          93600      0.0145246       0.937807       0.879482
          93700       0.236626       0.716629       0.513557
          93800      0.0136507       0.939768       0.883164
          93900      0.0178035        1.06463        1.13343
          94000      0.0636216       0.864735       0.747767
          94100      0.0501171       0.880983       0.776132
          94200      0.0184856       0.929537       0.864038
          94300      0.0354899       0.900895       0.811612
          94400    0.000274585        0.99168       0.983429
          94500       0.189999       0.751073       0.564111
          94600     0.00300578        1.02705        1.05482
          94700      0.0319597        1.08571        1.17877
          94800      0.0945251        1.14344        1.30745
          94900     0.00296693       0.972384        0.94553
          95000    0.000691326        1.01306        1.02629
          95100       0.050165       0.880923       0.776025
          95200      0.0173966        1.06391         1.1319
          95300      0.0122372       0.943068       0.889378
          95400    0.000100256        1.00499        1.01001
          95500     0.00241082        1.02426         1.0491
          95600       0.018001       0.930501       0.865832
          95700    0.000718592        1.01331        1.02681
          95800      0.0153243        1.06009        1.12379
          95900      0.0206051       0.925449       0.856455
          96000      0.0424922        0.89099       0.793864
          96100     0.00106664       0.983535       0.967341
          96200      0.0375828        1.09264        1.19386
          96300      0.0316626        1.08533        1.17794
          96400      0.0238223         1.0744        1.15434
          96500      0.0536189       0.876608       0.768442
          96600      0.0226822       0.921626       0.849394
          96700      0.0147509       0.937308       0.878547
          96800     0.00453339       0.965748        0.93267
          96900      0.0632382        1.11869        1.25147
          97000      0.0870142       0.839654       0.705018
          97100      0.0119552        1.05325        1.10934
          97200      0.0194459        1.06745        1.13945
          97300     0.00344821       0.970195       0.941279
          97400      0.0460292        1.10206        1.21454
          97500    0.000657323        1.01274        1.02564
          97600      0.0316827       0.906644       0.822004
          97700      0.0222708        1.07202        1.14923
          97800      0.0137939        1.05709        1.11745
          97900     0.00530419        1.03578        1.07283
          98000    0.000138114        1.00586        1.01175
          98100    0.000891398       0.984959       0.970144
          98200    0.000123247        1.00554         1.0111
          98300      0.0165601       0.933442       0.871314
          98400      0.0885472        1.13911        1.29757
          98500    0.000105401        1.00512        1.01027
          98600      0.0194121       0.927725       0.860673
          98700       0.197329       0.745509       0.555783
          98800      0.0362806       0.899736       0.809525
          98900      0.0990827       0.827784       0.685226
          99000     0.00543663       0.962427       0.926267
          99100    4.40761e-05       0.996675       0.993361
          99200      0.0345644       0.902267       0.814085
          99300     0.00017582       0.993348        0.98674
          99400       0.150747       0.782137       0.611739
          99500      0.0567342        1.11274        1.23819
          99600      0.0409716       0.893077       0.797586
          99700     0.00732547        1.04192        1.08559
          99800      0.0667266       0.861211       0.741685
          99900    1.07103e-08        1.00005         1.0001
         100000     0.00354654        1.02935        1.05955
