              0              0              0              0
            100      0.0631763      -0.355461       0.126353
            200        1.34906         1.6426        2.69813
            300        0.94112        1.37195        1.88224
            400       0.541621       -1.04079        1.08324
            500       0.197076      -0.627815       0.394152
            600      0.0369151       0.271717      0.0738302
            700       0.154163      -0.555272       0.308327
            800     0.00254466     -0.0713395     0.00508932
            900       0.468914       0.968415       0.937827
           1000        3.03427       -2.46344        6.06855
           1100       0.971259        1.39374        1.94252
           1200        0.10774       0.464199       0.215481
           1300       0.183672        0.60609       0.367345
           1400        1.11887        1.49591        2.23775
           1500      0.0103208      -0.143672      0.0206416
           1600       0.343875       0.829306       0.687749
           1700       0.471319      -0.970895       0.942637
           1800       0.212329      -0.651658       0.424658
           1900       0.132636      -0.515045       0.265272
           2000     0.00827138      -0.128619      0.0165428
           2100       0.773976       -1.24417        1.54795
           2200       0.372631      -0.863285       0.745261
           2300        0.11458       0.478707        0.22916
           2400      0.0207289       0.203612      0.0414578
           2500       0.140516       0.530125       0.281032
           2600       0.690876       -1.17548        1.38175
           2700        1.26792       -1.59243        2.53585
           2800       0.214463      -0.654925       0.428927
           2900       0.402753         0.8975       0.805507
           3000       0.532359       -1.03185        1.06472
           3100        0.67944        1.16571        1.35888
           3200      0.0129627       0.161013      0.0259253
           3300        2.30523         2.1472        4.61047
           3400       0.185568      -0.609209       0.371136
           3500        1.17644       -1.53391        2.35288
           3600       0.529829         1.0294        1.05966
           3700        1.00551       -1.41811        2.01103
           3800       0.314061      -0.792541       0.628121
           3900      0.0018526     -0.0608704      0.0037052
           4000     0.00152355      0.0552006     0.00304711
           4100        1.30103       -1.61309        2.60206
           4200      0.0514164      -0.320676       0.102833
           4300      0.0330459       0.257083      0.0660918
           4400        1.46415        1.71123         2.9283
           4500        0.20633       0.642386       0.412659
           4600        2.33453        -2.1608        4.66905
           4700       0.370586      -0.860914       0.741172
           4800      0.0428608       0.292782      0.0857215
           4900       0.439124      -0.937149       0.878248
           5000      0.0156121       0.176704      0.0312242
           5100      0.0005163      0.0321341      0.0010326
           5200       0.431549       -0.92903       0.863097
           5300       0.290137       0.761758       0.580275
           5400       0.184892       0.608098       0.369783
           5500       0.724547       -1.20378        1.44909
           5600        0.49534      -0.995329        0.99068
           5700      0.0104522       0.144584      0.0209045
           5800        0.42681      -0.923915        0.85362
           5900     0.00283411      0.0752875     0.00566821
           6000       0.601652       -1.09695         1.2033
           6100      0.0387411      -0.278356      0.0774823
           6200       0.623087       -1.11632        1.24617
           6300     0.00152255      0.0551824     0.00304509
           6400      0.0869337       0.416974       0.173867
           6500      0.0301293       0.245476      0.0602586
           6600       0.353389       0.840701       0.706778
           6700      0.0716505      -0.378551       0.143301
           6800       0.723418        1.20284        1.44684
           6900       0.199642        0.63189       0.399284
           7000       0.317192       0.796482       0.634384
           7100       0.519384         1.0192        1.03877
           7200       0.217882      -0.660124       0.435763
           7300      0.0599687       -0.34632       0.119937
           7400       0.133326      -0.516384       0.266652
           7500       0.190898      -0.617896       0.381796
           7600       0.472064       0.971662       0.944127
           7700       0.760965        1.23367        1.52193
           7800       0.574532       -1.07194        1.14906
           7900       0.227311      -0.674257       0.454623
           8000      0.0685895      -0.370377       0.137179
           8100       0.114835       0.479238       0.229669
           8200      0.0226275       0.212732       0.045255
           8300       0.114748      -0.479058       0.229497
           8400      0.0733576       0.383034       0.146715
           8500       0.556644        1.05512        1.11329
           8600       0.701578        1.18455        1.40316
           8700      0.0887069       0.421205       0.177414
           8800      0.0522794      -0.323355       0.104559
           8900      0.0574344       0.338923       0.114869
           9000        0.58706       -1.08357        1.17412
           9100       0.791579       -1.25824        1.58316
           9200      0.0511669      -0.319896       0.102334
           9300       0.976243        1.39731        1.95249
           9400       0.236736      -0.688093       0.473471
           9500        1.04276       -1.44413        2.08552
           9600      0.0660683      -0.363506       0.132137
           9700      0.0818811       0.404675       0.163762
           9800        0.25284      -0.711111       0.505679
           9900      0.0778057       0.394476       0.155611
          10000       0.324129      -0.805145       0.648259
          10100       0.276185       0.743216        0.55237
          10200       0.134811       0.519252       0.269622
          10300       0.100106       0.447451       0.200212
          10400      0.0736457       0.383786       0.147291
          10500        1.55694       -1.76462        3.11388
          10600        0.37269      -0.863353       0.745379
          10700       0.278541       0.746379       0.557082
          10800       0.104611      -0.457408       0.209222
          10900     0.00065441      0.0361776     0.00130882
          11000       0.442938       -0.94121       0.885877
          11100      0.0137586       0.165883      0.0275171
          11200       0.100438      -0.448193       0.200877
          11300     0.00494667     -0.0994653     0.00989334
          11400       0.254612       0.713599       0.509224
          11500      0.0486546       0.311944      0.0973091
          11600      0.0504475        0.31764       0.100895
          11700       0.513047        1.01296        1.02609
          11800       0.227857       0.675067       0.455715
          11900        2.12952        2.06375        4.25905
          12000       0.402442       0.897153       0.804883
          12100     0.00287859      0.0758761     0.00575718
          12200        1.10821        1.48876        2.21642
          12300      0.0562169       0.335311       0.112434
          12400     0.00058371      0.0341675     0.00116742
          12500        0.77011        1.24106        1.54022
          12600      0.0772101      -0.392963        0.15442
          12700       0.754625        1.22852        1.50925
          12800      0.0595388      -0.345076       0.119078
          12900        0.12031       -0.49053        0.24062
          13000       0.402713       0.897455       0.805426
          13100        2.00317       -2.00158        4.00633
          13200      0.0609827      -0.349235       0.121965
          13300       0.897718        1.33994        1.79544
          13400      0.0165602        0.18199      0.0331205
          13500       0.306721      -0.783225       0.613441
          13600      0.0285045      -0.238766      0.0570091
          13700       0.115067      -0.479723       0.230135
          13800       0.737932        1.21485        1.47586
          13900       0.768313       -1.23961        1.53663
          14000       0.186759       0.611161       0.373517
          14100     0.00886141      -0.133127      0.0177228
          14200        2.53803        2.25301        5.07605
          14300       0.018387       0.191765       0.036774
          14400       0.355369       0.843053       0.710738
          14500         2.5724        2.26822        5.14481
          14600    4.06269e-05    -0.00901409    8.12539e-05
          14700      0.0147016      -0.171474      0.0294033
          14800       0.107355      -0.463368        0.21471
          14900       0.599024       -1.09455        1.19805
          15000       0.200129       0.632659       0.400258
          15100     0.00127191      0.0504363     0.00254382
          15200       0.618132       -1.11187        1.23626
          15300       0.488962      -0.988901       0.977925
          15400     0.00778608       0.124788      0.0155722
          15500     0.00534087      -0.103353      0.0106817
          15600        1.54275       -1.75656         3.0855
          15700      0.0138305      -0.166316      0.0276609
          15800     0.00198227      0.0629646     0.00396454
          15900      0.0239233      -0.218739      0.0478467
          16000       0.762743        1.23511        1.52549
          16100       0.337485      -0.821566       0.674971
          16200       0.493623       0.993603       0.987246
          16300       0.509817       -1.00977        1.01963
          16400       0.037277       0.273046       0.074554
          16500      0.0471843       0.307195      0.0943685
          16600      0.0111749       0.149499      0.0223499
          16700      0.0167275      -0.182907       0.033455
          16800      0.0782862       0.395692       0.156572
          16900        1.63456       -1.80807        3.26913
          17000      0.0549265       0.331441       0.109853
          17100        0.18819       0.613498        0.37638
          17200       0.119044       0.487942       0.238087
          17300        0.14289      -0.534584        0.28578
          17400     9.2559e-07    -0.00136058    1.85118e-06
          17500       0.857997        1.30996        1.71599
          17600       0.122237       0.494443       0.244474
          17700       0.848983        1.30306        1.69797
          17800      0.0605109       0.347882       0.121022
          17900      0.0512307      -0.320096       0.102461
          18000       0.117116       0.483976       0.234233
          18100      0.0118317      -0.153829      0.0236635
          18200      0.0433471      -0.294439      0.0866943
          18300       0.439536      -0.937589       0.879073
          18400        3.06104       -2.47428        6.12208
          18500       0.573968        1.07142        1.14794
          18600     0.00710929      -0.119242      0.0142186
          18700       0.332517      -0.815497       0.665035
          18800      0.0229897       0.214428      0.0459793
          18900       0.268521      -0.732832       0.537042
          19000        1.27673       -1.59796        2.55346
          19100       0.456156      -0.955151       0.912313
          19200       0.131472      -0.512781       0.262944
          19300      0.0867523      -0.416539       0.173505
          19400       0.262499      -0.724568       0.524999
          19500      0.0259698       0.227902      0.0519395
          19600        1.44129       -1.69782        2.88258
          19700       0.207223      -0.643775       0.414446
          19800       0.204119       0.638935       0.408238
          19900        0.63325       -1.12539         1.2665
          20000       0.388868      -0.881893       0.777735
          20100      0.0510174      -0.319429       0.102035
          20200     0.00172849       0.058796     0.00345697
          20300        2.38868       -2.18572        4.77736
          20400       0.408483       0.903862       0.816967
          20500       0.387436      -0.880268       0.774871
          20600        2.17937        2.08776        4.35873
          20700       0.281815       0.750753        0.56363
          20800       0.415022      -0.911068       0.830045
          20900       0.221187       0.665112       0.442373
          21000      0.0113515       0.150675       0.022703
          21100       0.110131       0.469322       0.220263
          21200      0.0514558      -0.320798       0.102912
          21300      0.0036764      0.0857485      0.0073528
          21400      0.0679998       0.368781          0.136
          21500       0.513063        1.01298        1.02613
          21600       0.622369        1.11568        1.24474
          21700     0.00173096       0.058838     0.00346191
          21800      0.0147817       -0.17194      0.0295635
          21900        2.09976       -2.04927        4.19953
          22000        1.67485       -1.83022        3.34969
          22100       0.117179      -0.484105       0.234357
          22200        1.45587        1.70638        2.91175
          22300       0.090354       0.425098       0.180708
          22400     0.00216851      0.0658561     0.00433703
          22500        1.38344         1.6634        2.76689
          22600       0.757419       -1.23079        1.51484
          22700        1.12833        1.50222        2.25666
          22800        1.32696       -1.62909        2.65392
          22900      0.0687128        0.37071       0.137426
          23000        1.25262        1.58279        2.50524
          23100       0.189468      -0.615577       0.378936
          23200       0.147101      -0.542403       0.294202
          23300      0.0589389       0.343333       0.117878
          23400       0.118383      -0.486586       0.236766
          23500       0.119315       0.488498       0.238631
          23600       0.372209      -0.862797       0.744418
          23700        1.91076        1.95487        3.82151
          23800       0.331668       0.814455       0.663336
          23900       0.199085      -0.631007        0.39817
          24000      0.0954613      -0.436947       0.190923
          24100     0.00777517      -0.124701      0.0155503
          24200       0.639955       -1.13133        1.27991
          24300      0.0159945       0.178855      0.0319891
          24400       0.094722       0.435252       0.189444
          24500       0.345363         0.8311       0.690726
          24600        1.09175       -1.47767        2.18351
          24700     0.00378721     -0.0870312     0.00757442
          24800       0.421112      -0.917728       0.842224
          24900       0.415136      -0.911192       0.830271
          25000       0.326633       0.808248       0.653265
          25100      0.0453329       0.301108      0.0906659
          25200        3.37805       -2.59925         6.7561
          25300       0.112361        0.47405       0.224723
          25400       0.259754       0.720769       0.519508
          25500        1.37312        1.65718        2.74625
          25600        3.21339        2.53511        6.42678
          25700       0.380174      -0.871979       0.760348
          25800        1.45201        1.70412        2.90401
          25900        0.24006      -0.692907        0.48012
          26000        1.62055        1.80031         3.2411
          26100       0.636354        1.12814        1.27271
          26200       0.155605       0.557862        0.31121
          26300      0.0500554       0.316403       0.100111
          26400      0.0608957       0.348986       0.121791
          26500    0.000808798      0.0402194      0.0016176
          26600       0.112239       -0.47379       0.224477
          26700      0.0594807      -0.344908       0.118961
          26800       0.159781       0.565297       0.319561
          26900       0.175219       0.591978       0.350438
          27000       0.699388         1.1827        1.39878
          27100       0.300806      -0.775636       0.601611
          27200       0.039438      -0.280849      0.0788761
          27300       0.083722      -0.409199       0.167444
          27400        2.57777       -2.27058        5.15554
          27500    4.00257e-06     0.00282933    8.00513e-06
          27600         1.0373        1.44035         2.0746
          27700       0.710262        1.19186        1.42052
          27800      1.228e-05    -0.00495581    2.45601e-05
          27900       0.211137      -0.649826       0.422274
          28000       0.295247       0.768436       0.590494
          28100        0.34004        0.82467        0.68008
          28200        0.09484       0.435523        0.18968
          28300    0.000459494      0.0303148    0.000918987
          28400       0.162519      -0.570121       0.325038
          28500       0.257238      -0.717269       0.514475
          28600       0.195957      -0.626031       0.391915
          28700    1.50814e-06    -0.00173674    3.01627e-06
          28800       0.512583         1.0125        1.02517
          28900       0.111857      -0.472983       0.223713
          29000        1.40797       -1.67808        2.81595
          29100       0.117649      -0.485076       0.235299
          29200       0.256133       0.715728       0.512267
          29300       0.877036        1.32441        1.75407
          29400        3.03747        2.46474        6.07493
          29500     0.00155768      0.0558154     0.00311536
          29600       0.297396      -0.771227       0.594791
          29700      0.0193917      -0.196935      0.0387833
          29800       0.524629       -1.02433        1.04926
          29900       0.149825      -0.547403        0.29965
          30000      0.0702605      -0.374861       0.140521
          30100     0.00591671       0.108782      0.0118334
          30200    4.20724e-05    -0.00917305    8.41449e-05
          30300      0.0124877      -0.158036      0.0249754
          30400      0.0686186      -0.370455       0.137237
          30500       0.552406         1.0511        1.10481
          30600      0.0333944      -0.258435      0.0667888
          30700       0.182574      -0.604275       0.365148
          30800      0.0214478       0.207112      0.0428955
          30900     0.00499037     -0.0999037     0.00998074
          31000       0.637022       -1.12874        1.27404
          31100       0.546697        1.04565        1.09339
          31200       0.473708      -0.973353       0.947416
          31300       0.875325       -1.32312        1.75065
          31400      0.0540019       0.328639       0.108004
          31500        1.29668       -1.61039        2.59337
          31600        1.21722        1.56027        2.43445
          31700        0.37343      -0.864211       0.746861
          31800       0.178742       0.597899       0.357483
          31900     0.00216652      0.0658258     0.00433304
          32000        2.86766        2.39485        5.73532
          32100        3.10574       -2.49229        6.21149
          32200     0.00488559     -0.0988493     0.00977118
          32300       0.647972        -1.1384        1.29594
          32400       0.212594       0.652065       0.425189
          32500      0.0154287      -0.175663      0.0308574
          32600       0.511916       -1.01185        1.02383
          32700       0.268495       0.732797       0.536991
          32800       0.205009      -0.640326       0.410018
          32900     0.00171052     -0.0584897     0.00342105
          33000     0.00798597        0.12638      0.0159719
          33100        2.28907        2.13966        4.57815
          33200    3.99301e-05    -0.00893645    7.98602e-05
          33300     0.00292208     -0.0764471     0.00584416
          33400       0.385066      -0.877572       0.770132
          33500      0.0958633      -0.437866       0.191727
          33600     0.00493175      0.0993152      0.0098635
          33700        1.04911        1.44852        2.09821
          33800        1.62469         1.8026        3.24937
          33900        1.31558        1.62208        2.63116
          34000       0.472368      -0.971975       0.944735
          34100      0.0591227      -0.343868       0.118245
          34200       0.712513        1.19374        1.42503
          34300     0.00882185        0.13283      0.0176437
          34400     0.00374872     -0.0865877     0.00749743
          34500       0.012163      -0.155968      0.0243261
          34600        1.64798        1.81548        3.29595
          34700       0.128368      -0.506691       0.256735
          34800       0.023574       0.217136      0.0471481
          34900        1.09974        1.48307        2.19948
          35000      0.0432573       0.294134      0.0865147
          35100       0.681236        1.16725        1.36247
          35200       0.638284       -1.12985        1.27657
          35300       0.547063         -1.046        1.09413
          35400        1.26287       -1.58926        2.52574
          35500        1.13612        1.50739        2.27223
          35600       0.268049       0.732187       0.536099
          35700        2.23847        2.11588        4.47694
          35800      0.0472026       0.307254      0.0944052
          35900        0.25532       0.714591        0.51064
          36000       0.842684       -1.29822        1.68537
          36100       0.145397      -0.539253       0.290793
          36200       0.506518        -1.0065        1.01304
          36300       0.702927       -1.18569        1.40585
          36400       0.254036       0.712792       0.508073
          36500      0.0171536       0.185222      0.0343073
          36600        1.85258       -1.92488        3.70515
          36700        1.44328        1.69899        2.88657
          36800       0.202447      -0.636313       0.404894
          36900     0.00375593      0.0866709     0.00751185
          37000        1.02931       -1.43479        2.05861
          37100        0.69109       -1.17566        1.38218
          37200       0.682976        1.16874        1.36595
          37300       0.386425      -0.879119        0.77285
          37400       0.198214       0.629625       0.396428
          37500       0.681073       -1.16711        1.36215
          37600      0.0455493       0.301825      0.0910985
          37700       0.742152       -1.21832         1.4843
          37800       0.061888       0.351818       0.123776
          37900       0.105809        0.46002       0.211618
          38000        1.40916        1.67879        2.81832
          38100       0.352363        0.83948       0.704727
          38200         0.0507      -0.318434         0.1014
          38300        2.72902        2.33624        5.45804
          38400        1.66957       -1.82733        3.33914
          38500     0.00449265     -0.0947908      0.0089853
          38600       0.133396       0.516519       0.266792
          38700         1.1189        1.49593         2.2378
          38800        0.44729       0.945822        0.89458
          38900     0.00172977     -0.0588178     0.00345953
          39000    0.000459465      0.0303139     0.00091893
          39100         1.8711       -1.93448         3.7422
          39200        4.30368        2.93383        8.60736
          39300      0.0437034       0.295646      0.0874068
          39400     0.00410568      0.0906166     0.00821136
          39500      0.0103187      -0.143657      0.0206374
          39600       0.241561        0.69507       0.483122
          39700           1.28            1.6           2.56
          39800       0.290327      -0.762007       0.580654
          39900      0.0103813      -0.144093      0.0207627
          40000      0.0591888       -0.34406       0.118378
          40100      0.0230907       0.214899      0.0461815
          40200       0.172245      -0.586933       0.344491
          40300       0.460992         0.9602       0.921984
          40400       0.191081       0.618193       0.382162
          40500       0.936099        1.36828         1.8722
          40600       0.383935       0.876282       0.767871
          40700      0.0238307       0.218315      0.0476614
          40800       0.347648       0.833845       0.695297
          40900       0.148293      -0.544597       0.296586
          41000      0.0495565      -0.314822      0.0991131
          41100       0.194822       0.624215       0.389645
          41200       0.681915        1.16783        1.36383
          41300        0.61496        1.10902        1.22992
          41400       0.101653      -0.450896       0.203307
          41500         4.5201        3.00669         9.0402
          41600        0.83396       -1.29148        1.66792
          41700       0.411287       0.906958       0.822574
          41800        1.14878        1.51577        2.29756
          41900      0.0154275       0.175656       0.030855
          42000        1.27053        1.59407        2.54105
          42100       0.521774        1.02154        1.04355
          42200        1.55876       -1.76565        3.11752
          42300      0.0431721      -0.293844      0.0863442
          42400        1.31932        1.62439        2.63864
          42500       0.760557        1.23333        1.52111
          42600       0.449041      -0.947672       0.898082
          42700       0.221363      -0.665377       0.442726
          42800       0.443954       0.942289       0.887909
          42900        1.22774          1.567        2.45548
          43000     0.00254244     -0.0713084     0.00508489
          43100       0.954309       -1.38153        1.90862
          43200      0.0754459      -0.388448       0.150892
          43300       0.355125       0.842763        0.71025
          43400        1.11644        1.49428        2.23288
          43500        0.04496       0.299867      0.0899201
          43600     0.00685543       0.117093      0.0137109
          43700        0.39305       0.886623         0.7861
          43800        2.00782        2.00391        4.01565
          43900       0.149993       -0.54771       0.299986
          44000        0.79494         1.2609        1.58988
          44100     0.00872466      -0.132096      0.0174493
          44200      0.0790639       0.397653       0.158128
          44300       0.835516       -1.29268        1.67103
          44400       0.309002      -0.786132       0.618004
          44500        0.37674       0.868033       0.753481
          44600        0.02108       0.205329      0.0421601
          44700       0.992529        1.40892        1.98506
          44800       0.277628      -0.745154       0.555255
          44900       0.844368       -1.29951        1.68874
          45000       0.216828      -0.658526       0.433656
          45100      0.0148097       0.172103      0.0296194
          45200      0.0525538      -0.324203       0.105108
          45300        1.71341       -1.85117        3.42683
          45400        1.24552        -1.5783        2.49104
          45500       0.291027       0.762924       0.582053
          45600       0.444438       0.942802       0.888876
          45700      0.0205684       0.202822      0.0411367
          45800       0.110561      -0.470236       0.221122
          45900      0.0102372      -0.143089      0.0204745
          46000       0.381637       0.873655       0.763273
          46100       0.795594       -1.26142        1.59119
          46200     0.00509687      -0.100964      0.0101937
          46300       0.249555       0.706477        0.49911
          46400       0.832262       -1.29016        1.66452
          46500       0.363566       0.852721       0.727133
          46600        1.38619       -1.66504        2.77237
          46700        1.10571        1.48708        2.21142
          46800      0.0231272       0.215068      0.0462543
          46900       0.128968      -0.507875       0.257937
          47000       0.695818        1.17968        1.39164
          47100      0.0292922      -0.242042      0.0585843
          47200       0.988167       -1.40582        1.97633
          47300      0.0048908      0.0989019     0.00978159
          47400       0.300536      -0.775288       0.601072
          47500       0.470256        -0.9698       0.940512
          47600        4.30898       -2.93564        8.61795
          47700      0.0782204       0.395526       0.156441
          47800       0.319473       0.799342       0.638947
          47900        0.17285       0.587963         0.3457
          48000           1.07        1.46287           2.14
          48100        1.11186       -1.49121        2.22371
          48200      0.0120645       0.155335       0.024129
          48300      0.0983396       0.443485       0.196679
          48400       0.802579        1.26695        1.60516
          48500       0.177536      -0.595879       0.355071
          48600       0.700197        1.18338        1.40039
          48700        3.07634       -2.48046        6.15267
          48800        0.14017       0.529472       0.280341
          48900      0.0494156      -0.314374      0.0988312
          49000      0.0333911       0.258423      0.0667822
          49100        0.37308       0.863806       0.746161
          49200         1.3274       -1.62936        2.65481
          49300      0.0880336      -0.419604       0.176067
          49400     0.00042797     -0.0292564    0.000855939
          49500       0.108774        0.46642       0.217548
          49600       0.610049        1.10458         1.2201
          49700     0.00334742     -0.0818221     0.00669485
          49800      0.0888695      -0.421591       0.177739
          49900       0.609803       -1.10436        1.21961
          50000       0.844335       -1.29949        1.68867
          50100      0.0809165      -0.402285       0.161833
          50200       0.873575         1.3218        1.74715
          50300       0.145998       0.540367       0.291996
          50400        0.82877       -1.28745        1.65754
          50500        1.29009        1.60629        2.58018
          50600       0.788131        1.25549        1.57626
          50700       0.158204      -0.562502       0.316408
          50800     0.00599857      -0.109531      0.0119971
          50900       0.617573        1.11137        1.23515
          51000       0.265147       0.728213       0.530294
          51100       0.143364      -0.535469       0.286727
          51200       0.900548       -1.34205         1.8011
          51300        2.25992       -2.12599        4.51985
          51400       0.680132         1.1663        1.36026
          51500       0.746798        1.22213         1.4936
          51600      0.0005071      0.0318465      0.0010142
          51700        2.59393        2.27769        5.18785
          51800       0.288403      -0.759477       0.576805
          51900         1.5933        1.78511        3.18661
          52000       0.975572       -1.39683        1.95114
          52100      0.0110098       -0.14839      0.0220195
          52200       0.127767      -0.505504       0.255534
          52300      0.0095676       -0.13833      0.0191352
          52400       0.363205       0.852297       0.726411
          52500       0.566147        1.06409        1.13229
          52600       0.218507       -0.66107       0.437014
          52700       0.107133      -0.462888       0.214266
          52800      0.0161475       0.179708      0.0322949
          52900       0.015802       0.177775      0.0316039
          53000        1.03787        1.44074        2.07573
          53100       0.032453       0.254767       0.064906
          53200       0.264736      -0.727648       0.529471
          53300        3.10197       -2.49077        6.20394
          53400     0.00103246      0.0454414     0.00206492
          53500     0.00222938      -0.066774     0.00445876
          53600       0.950885        1.37905        1.90177
          53700      0.0995144       0.446126       0.199029
          53800        1.13925       -1.50947         2.2785
          53900      0.0226143       -0.21267      0.0452286
          54000    0.000363661     -0.0269689    0.000727323
          54100     0.00348033      0.0834306     0.00696066
          54200       0.301104       -0.77602       0.602207
          54300      0.0777163      -0.394249       0.155433
          54400      0.0695419       0.372939       0.139084
          54500      0.0919524       0.428841       0.183905
          54600        0.15166       0.550746       0.303321
          54700        3.46808        2.63366        6.93616
          54800        1.78972        1.89194        3.57945
          54900      0.0108535      -0.147333      0.0217071
          55000       0.223711      -0.668897       0.447423
          55100        0.33811      -0.822326        0.67622
          55200       0.345097      -0.830779       0.690194
          55300      0.0155089      -0.176119      0.0310177
          55400        0.38354       0.875831        0.76708
          55500       0.236937      -0.688386       0.473875
          55600       0.588919        1.08528        1.17784
          55700      0.0392291      -0.280104      0.0784581
          55800       0.150859       0.549288       0.301718
          55900       0.599099        1.09462         1.1982
          56000        0.19581       0.625795       0.391619
          56100     0.00803427       0.126762      0.0160685
          56200      0.0316461      -0.251579      0.0632922
          56300        3.19959       -2.52966        6.39918
          56400     0.00903226       0.134404      0.0180645
          56500       0.469785       0.969314        0.93957
          56600       0.280305      -0.748739        0.56061
          56700       0.792032         1.2586        1.58406
          56800      0.0863122       0.415481       0.172624
          56900      0.0978777       0.442443       0.195755
          57000      0.0924105       0.429908       0.184821
          57100       0.147357       0.542875       0.294714
          57200      0.0998719      -0.446927       0.199744
          57300       0.525453       -1.02514        1.05091
          57400       0.828274       -1.28707        1.65655
          57500       0.322672      -0.803333       0.645344
          57600       0.531511       -1.03103        1.06302
          57700       0.121622      -0.493197       0.243244
          57800     0.00374197     -0.0865098     0.00748394
          57900       0.946875        1.37614        1.89375
          58000       0.442114       0.940334       0.884227
          58100       0.331497      -0.814244       0.662994
          58200      0.0771775        0.39288       0.154355
          58300         0.6188       -1.11247         1.2376
          58400        0.92005         1.3565         1.8401
          58500       0.855314       -1.30791        1.71063
          58600       0.505085        1.00507        1.01017
          58700        3.49741       -2.64477        6.99482
          58800        1.08136        1.47062        2.16272
          58900      0.0138639      -0.166517      0.0277278
          59000    0.000533888     -0.0326768     0.00106778
          59100       0.385811        0.87842       0.771621
          59200        0.25431       0.713177       0.508621
          59300       0.218396      -0.660903       0.436792
          59400       0.573719        1.07119        1.14744
          59500       0.123129       0.496243       0.246257
          59600       0.925626        1.36061        1.85125
          59700      0.0763083      -0.390662       0.152617
          59800    0.000116871      0.0152886    0.000233742
          59900       0.744678       -1.22039        1.48936
          60000        2.91257       -2.41353        5.82513
          60100     0.00276264      0.0743323     0.00552529
          60200       0.026273      -0.229229      0.0525461
          60300       0.778229       -1.24758        1.55646
          60400       0.243915      -0.698448        0.48783
          60500       0.414556       0.910556       0.829112
          60600      0.0086414       0.131464      0.0172828
          60700       0.514649        1.01454         1.0293
          60800       0.161664        0.56862       0.323328
          60900       0.230565      -0.679066        0.46113
          61000       0.317374       0.796711       0.634749
          61100        1.26577       -1.59108        2.53153
          61200        2.21801       -2.10619        4.43603
          61300      0.0533929       0.326781       0.106786
          61400       0.218253      -0.660686       0.436507
          61500      0.0837008      -0.409148       0.167402
          61600       0.753884       -1.22791        1.50777
          61700       0.398488       0.892735       0.796975
          61800      0.0308285      -0.248308      0.0616571
          61900       0.295119        0.76827       0.590238
          62000       0.313003      -0.791205       0.626005
          62100      0.0226299       0.212744      0.0452599
          62200     0.00426203     -0.0923259     0.00852407
          62300      0.0336674       0.259489      0.0673348
          62400       0.556068       -1.05458        1.11214
          62500      0.0673023       0.366885       0.134605
          62600       0.179095       -0.59849       0.358191
          62700       0.347658      -0.833856       0.695316
          62800      0.0408144       0.285708      0.0816289
          62900       0.031234      -0.249936      0.0624679
          63000       0.299817       0.774361       0.599635
          63100         0.0277       0.235372      0.0554001
          63200        0.51668        1.01654        1.03336
          63300      0.0208553      -0.204232      0.0417106
          63400        1.64601       -1.81439        3.29201
          63500    0.000600314      0.0346501     0.00120063
          63600        1.66853        1.82676        3.33707
          63700      0.0310816      -0.249325      0.0621631
          63800       0.633277       -1.12541        1.26655
          63900       0.445539        0.94397       0.891079
          64000      0.0739292       0.384523       0.147858
          64100       0.364588      -0.853918       0.729177
          64200      0.0750281       0.387371       0.150056
          64300     0.00471369      0.0970947     0.00942739
          64400        1.35651        1.64713        2.71303
          64500      0.0521195       0.322861       0.104239
          64600       0.147436       0.543022       0.294873
          64700      0.0884202       0.420524        0.17684
          64800      0.0637284       0.357011       0.127457
          64900      0.0909591      -0.426519       0.181918
          65000       0.257121      -0.717106       0.514241
          65100         1.8134       -1.90442         3.6268
          65200        2.50591        2.23871        5.01182
          65300     0.00592581      -0.108865      0.0118516
          65400     0.00947321       0.137646      0.0189464
          65500        0.19426      -0.623314       0.388521
          65600       0.184081       0.606764       0.368162
          65700       0.124755       -0.49951        0.24951
          65800       0.282116      -0.751153       0.564231
          65900    0.000248039     -0.0222728    0.000496079
          66000      0.0826007        0.40645       0.165201
          66100       0.284454       -0.75426       0.568909
          66200        1.16957       -1.52943        2.33915
          66300       0.147322       0.542812       0.294645
          66400       0.648187       -1.13858        1.29637
          66500      0.0121688      -0.156005      0.0243377
          66600       0.363622      -0.852786       0.727244
          66700       0.489284      -0.989226       0.978567
          66800       0.833833        1.29138        1.66767
          66900       0.237663       0.689439       0.475326
          67000      0.0611964      -0.349847       0.122393
          67100       0.315208       0.793987       0.630416
          67200       0.246833      -0.702613       0.493665
          67300       0.527531       -1.02716        1.05506
          67400       0.423072      -0.919861       0.846144
          67500       0.030089       0.245312       0.060178
          67600    6.74037e-05      0.0116107    0.000134807
          67700        1.28705         1.6044        2.57411
          67800        0.90593        1.34605        1.81186
          67900     0.00322117     -0.0802642     0.00644233
          68000        1.73225       -1.86132         3.4645
          68100       0.383617      -0.875919       0.767234
          68200    0.000359686      0.0268211    0.000719372
          68300        1.81423        1.90485        3.62846
          68400      0.0139688      -0.167145      0.0279376
          68500        2.40162       -2.19163        4.80324
          68600      0.0358775       0.267871      0.0717549
          68700       0.131619      -0.513067       0.263238
          68800       0.110348       0.469784       0.220697
          68900       0.401502      -0.896105       0.803004
          69000        0.32296       0.803692        0.64592
          69100       0.165608      -0.575514       0.331217
          69200      0.0758733      -0.389547       0.151747
          69300        2.19086        2.09326        4.38173
          69400      0.0811876       0.402958       0.162375
          69500       0.347004       0.833071       0.694008
          69600        0.47971      -0.979499       0.959419
          69700       0.110714        0.47056       0.221427
          69800       0.687028         1.1722        1.37406
          69900       0.266737      -0.730393       0.533474
          70000     0.00113284      0.0475991     0.00226567
          70100        1.29602        1.60998        2.59203
          70200       0.199045      -0.630943        0.39809
          70300       0.570884       -1.06854        1.14177
          70400      0.0215834       0.207766      0.0431667
          70500       0.524374       -1.02408        1.04875
          70600       0.629712        1.12224        1.25942
          70700       0.121404       0.492755       0.242807
          70800       0.112076      -0.473447       0.224152
          70900        2.23991       -2.11656        4.47983
          71000        0.21701       0.658803       0.434021
          71100       0.672633        1.15986        1.34527
          71200    1.79172e-05     0.00598618    3.58344e-05
          71300       0.840174        1.29628        1.68035
          71400       0.226383       0.672879       0.452766
          71500       0.139293      -0.527813       0.278587
          71600      0.0315144       0.251055      0.0630288
          71700        3.69498        2.71845        7.38996
          71800       0.345753       0.831569       0.691507
          71900        0.20011       0.632629        0.40022
          72000     0.00825642       0.128502      0.0165128
          72100      0.0150889       0.173718      0.0301779
          72200       0.310223      -0.787684       0.620447
          72300        0.36937        -0.8595        0.73874
          72400       0.759137        1.23218        1.51827
          72500      0.0452821      -0.300939      0.0905641
          72600        0.61724        1.11107        1.23448
          72700        1.73457       -1.86256        3.46915
          72800      0.0720786        0.37968       0.144157
          72900        1.46528        1.71189        2.93056
          73000        1.05914       -1.45543        2.11828
          73100     0.00626615       0.111948      0.0125323
          73200        1.02885       -1.43447        2.05771
          73300        2.12278        2.06047        4.24555
          73400      0.0136589       0.165281      0.0273178
          73500        1.16074       -1.52364        2.32147
          73600      0.0385041      -0.277504      0.0770082
          73700       0.163311       0.571509       0.326623
          73800       0.177031      -0.595031       0.354062
          73900      0.0783942       0.395965       0.156788
          74000      0.0704132      -0.375269       0.140826
          74100         2.5309        2.24985        5.06181
          74200       0.444008      -0.942346       0.888015
          74300      0.0798885      -0.399721       0.159777
          74400      0.0165362      -0.181858      0.0330724
          74500      0.0442136       0.297367      0.0884272
          74600      0.0276953       0.235352      0.0553906
          74700       0.650731       -1.14082        1.30146
          74800       0.254086       0.712862       0.508172
          74900         2.6195       -2.28889        5.23901
          75000       0.621304       -1.11472        1.24261
          75100        3.44012        2.62302        6.88023
          75200       0.441889      -0.940095       0.883779
          75300      0.0257074       0.226748      0.0514148
          75400       0.583984        1.08073        1.16797
          75500       0.142025      -0.532964        0.28405
          75600     0.00344949     -0.0830602     0.00689899
          75700       0.325617        0.80699       0.651234
          75800      0.0136681      -0.165337      0.0273362
          75900       0.102146      -0.451987       0.204292
          76000        2.27371        2.13247        4.54743
          76100      0.0469367      -0.306388      0.0938733
          76200       0.320991      -0.801238       0.641982
          76300        1.13478        -1.5065        2.26956
          76400       0.293102        0.76564       0.586204
          76500       0.123752       0.497498       0.247505
          76600       0.363953       0.853174       0.727906
          76700      0.0590356      -0.343615       0.118071
          76800       0.902105       -1.34321        1.80421
          76900       0.093552       0.432555       0.187104
          77000       0.188185      -0.613491       0.376371
          77100       0.185869       0.609704       0.371739
          77200    0.000116012     -0.0152324    0.000232025
          77300       0.724815       -1.20401        1.44963
          77400       0.146755      -0.541766       0.293511
          77500       0.588766       -1.08514        1.17753
          77600     0.00139061     -0.0527373     0.00278123
          77700      0.0485638      -0.311653      0.0971277
          77800        0.80723        1.27061        1.61446
          77900      0.0244557       0.221159      0.0489113
          78000        3.88626        2.78792        7.77252
          78100      0.0539846      -0.328587       0.107969
          78200       0.267115      -0.730911        0.53423
          78300      0.0689241       0.371279       0.137848
          78400       0.967633       -1.39114        1.93527
          78500       0.630127       -1.12261        1.26025
          78600      0.0125535      -0.158452      0.0251069
          78700        1.66057        -1.8224        3.32114
          78800       0.109453       0.467873       0.218905
          78900       0.171234       0.585208       0.342469
          79000      0.0653134      -0.361423       0.130627
          79100        3.57155       -2.67266        7.14309
          79200        1.16211        1.52454        2.32423
          79300       0.570826       -1.06848        1.14165
          79400       0.225081       0.670941       0.450162
          79500    3.72748e-05     0.00863421    7.45497e-05
          79600      0.0553648       0.332761        0.11073
          79700       0.268052      -0.732192       0.536104
          79800       0.487861      -0.987786       0.975721
          79900        1.23701        -1.5729        2.47401
          80000    9.20672e-05     -0.0135696    0.000184134
          80100       0.323993       0.804975       0.647985
          80200      0.0360327       -0.26845      0.0720653
          80300      0.0167983       0.183294      0.0335966
          80400      0.0240281       0.219217      0.0480561
          80500       0.376327      -0.867556       0.752653
          80600       0.353564        0.84091       0.707129
          80700       0.185513       -0.60912       0.371027
          80800      0.0754493      -0.388457       0.150899
          80900      0.0024781      0.0704003      0.0049562
          81000      0.0200608      -0.200304      0.0401215
          81100        1.18064        1.53665        2.36128
          81200      0.0566638       0.336642       0.113328
          81300     0.00954598      -0.138174       0.019092
          81400      0.0120847       0.155465      0.0241694
          81500      0.0943747       0.434453       0.188749
          81600       0.276521       0.743667       0.553041
          81700    6.90007e-05     -0.0117474    0.000138001
          81800       0.972405        1.39456        1.94481
          81900      0.0845758        0.41128       0.169152
          82000      0.0400098       0.282877      0.0800196
          82100        1.29312       -1.60818        2.58625
          82200       0.386603      -0.879321       0.773206
          82300        1.18525        1.53964        2.37049
          82400      0.0148821      -0.172523      0.0297642
          82500      0.0779904      -0.394944       0.155981
          82600       0.198844      -0.630625       0.397688
          82700       0.328167       0.810144       0.656334
          82800         2.6918        2.32026         5.3836
          82900         1.0183        1.42709         2.0366
          83000        0.38131      -0.873282       0.762621
          83100       0.707788       -1.18978        1.41558
          83200      0.0167469       0.183013      0.0334939
          83300       0.511406       -1.01134        1.02281
          83400       0.269976      -0.734814       0.539952
          83500        1.07917       -1.46913        2.15834
          83600       0.748234         1.2233        1.49647
          83700       0.998029        1.41282        1.99606
          83800       0.496181       0.996174       0.992363
          83900    6.44926e-05     -0.0113572    0.000128985
          84000       0.958452       -1.38452         1.9169
          84100      0.0738411       0.384294       0.147682
          84200      0.0151478       0.174056      0.0302956
          84300      0.0321107       -0.25342      0.0642215
          84400    0.000412216     -0.0287129    0.000824431
          84500       0.882412        1.32847        1.76482
          84600     0.00358349      -0.084658     0.00716697
          84700      0.0532003      -0.326191       0.106401
          84800      0.0499367      -0.316028      0.0998735
          84900      0.0211586      -0.205711      0.0423171
          85000         5.6078        3.34897        11.2156
          85100        2.77134        2.35429        5.54269
          85200        1.19306       -1.54471        2.38611
          85300        2.13598       -2.06687        4.27196
          85400       0.222577      -0.667199       0.445155
          85500        1.01681       -1.42605        2.03363
          85600      0.0145974       0.170865      0.0291948
          85700       0.277908      -0.745531       0.555817
          85800       0.368112       0.858034       0.736223
          85900       0.542719        1.04184        1.08544
          86000       0.802575       -1.26695        1.60515
          86100       0.974029        1.39573        1.94806
          86200     0.00072422      0.0380584     0.00144844
          86300       0.156449       0.559373       0.312898
          86400        2.70407       -2.32554        5.40815
          86500       0.247752      -0.703921       0.495505
          86600       0.117149       0.484043       0.234297
          86700       0.828365        1.28714        1.65673
          86800       0.109123       0.467169       0.218247
          86900       0.368624      -0.858632       0.737249
          87000       0.305891      -0.782165       0.611782
          87100       0.221202      -0.665135       0.442404
          87200      0.0284117      -0.238377      0.0568235
          87300       0.223343      -0.668345       0.446685
          87400       0.256551       0.716312       0.513103
          87500       0.669375        1.15704        1.33875
          87600      0.0912816      -0.427274       0.182563
          87700      0.0618178       0.351619       0.123636
          87800     0.00941594      -0.137229      0.0188319
          87900       0.505027       -1.00501        1.01005
          88000        1.48712         1.7246        2.97425
          88100      0.0942985      -0.434278       0.188597
          88200    1.33365e-05    -0.00516459     2.6673e-05
          88300       0.497273       0.997269       0.994546
          88400      0.0185838      -0.192789      0.0371675
          88500        2.14849        2.07292        4.29699
          88600      0.0291471       0.241442      0.0582941
          88700       0.302148       0.777365       0.604296
          88800       0.445951      -0.944406       0.891903
          88900        0.13112       0.512094       0.262241
          89000      0.0926816      -0.430538       0.185363
          89100      0.0269283       -0.23207      0.0538566
          89200      0.0690578      -0.371639       0.138116
          89300       0.132723       0.515214       0.265446
          89400      0.0768853      -0.392136       0.153771
          89500      0.0676303      -0.367778       0.135261
          89600       0.284567       0.754409       0.569133
          89700        1.64466        1.81365        3.28932
          89800        1.78339       -1.88859        3.56677
          89900       0.196185       0.626395       0.392371
          90000      0.0220724      -0.210107      0.0441448
          90100       0.196295        0.62657       0.392589
          90200       0.340678       0.825442       0.681355
          90300      0.0102911       0.143465      0.0205821
          90400       0.259052       0.719795       0.518104
          90500      0.0106336      -0.145833      0.0212672
          90600       0.953887        1.38122        1.90777
          90700    0.000385473      0.0277659    0.000770946
          90800       0.844625        1.29971        1.68925
          90900    0.000681872      0.0369289     0.00136374
          91000       0.550679       -1.04946        1.10136
          91100       0.202759       0.636802       0.405517
          91200        1.69921        1.84348        3.39843
          91300      0.0124013       0.157488      0.0248025
          91400       0.523698       -1.02342         1.0474
          91500      0.0900331       0.424342       0.180066
          91600    1.88827e-05    -0.00614536    3.77654e-05
          91700       0.142055       0.533019        0.28411
          91800        1.14717        1.51471        2.29435
          91900       0.838799       -1.29522         1.6776
          92000       0.435798      -0.933593       0.871596
          92100       0.514817        1.01471        1.02963
          92200    0.000430527     -0.0293437    0.000861054
          92300      0.0737524       0.384064       0.147505
          92400       0.409976      -0.905512       0.819951
          92500       0.184835       0.608006       0.369671
          92600       0.933894        1.36667        1.86779
          92700       0.116154      -0.481984       0.232308
          92800       0.229813       0.677957       0.459626
          92900     0.00905216       0.134552      0.0181043
          93000        0.28436       0.754135       0.568719
          93100      0.0424137       0.291251      0.0848274
          93200     0.00261327      0.0722948     0.00522654
          93300      0.0299205       0.244624      0.0598409
          93400      0.0547418       0.330883       0.109484
          93500       0.371082       0.861489       0.742164
          93600       0.668577        1.15635        1.33715
          93700      0.0962359       0.438716       0.192472
          93800       0.259774      -0.720797       0.519548
          93900       0.322219        0.80277       0.644439
          94000     0.00700287      -0.118346      0.0140057
          94100       0.360035       -0.84857       0.720071
          94200        2.54455        -2.2559        5.08911
          94300       0.137122       0.523683       0.274243
          94400       0.114975       0.479531        0.22995
          94500       0.222848      -0.667604       0.445695
          94600      0.0966657       0.439695       0.193331
          94700       0.480743       0.980554       0.961487
          94800        0.22595      -0.672235         0.4519
          94900       0.153957      -0.554899       0.307913
          95000        1.76355       -1.87806        3.52711
          95100        0.78472        1.25277        1.56944
          95200     0.00616541      -0.111044      0.0123308
          95300       0.106132      -0.460721       0.212264
          95400     0.00676462       0.116315      0.0135292
          95500       0.223109       0.667996       0.446219
          95600        1.14847        1.51557        2.29694
          95700       0.256176      -0.715787       0.512352
          95800       0.728542         1.2071        1.45708
          95900       0.896115        1.33874        1.79223
          96000      0.0122399       -0.15646      0.0244798
          96100       0.219148      -0.662039       0.438295
          96200       0.140241      -0.529606       0.280482
          96300       0.338354      -0.822623       0.676709
          96400       0.364593      -0.853924       0.729185
          96500       0.692457        1.17682        1.38491
          96600      0.0914038       -0.42756       0.182808
          96700       0.551254           1.05        1.10251
          96800        1.18683       -1.54067        2.37366
          96900       0.325674       0.807061       0.651347
          97000      0.0232608      -0.215689      0.0465215
          97100       0.320301       0.800377       0.640603
          97200       0.461672       0.960908       0.923344
          97300       0.168759      -0.580963       0.337518
          97400      0.0487498      -0.312249      0.0974996
          97500      0.0482165      -0.310537      0.0964331
          97600       0.720854       -1.20071        1.44171
          97700     0.00602191       0.109744      0.0120438
          97800        2.54159        2.25459        5.08319
          97900    0.000161872     -0.0179929    0.000323744
          98000    0.000428862     -0.0292869    0.000857724
          98100        0.12078       0.491488       0.241561
          98200     0.00286541     -0.0757022     0.00573082
          98300      0.0158599      -0.178101      0.0317198
          98400       0.580343        1.07735        1.16069
          98500      0.0119528       0.154614      0.0239056
          98600       0.998542       -1.41318        1.99708
          98700       0.069582      -0.373047       0.139164
          98800     0.00443889      0.0942219     0.00887777
          98900       0.110244       0.469562       0.220488
          99000        1.01975       -1.42811         2.0395
          99100       0.317974       0.797463       0.635948
          99200     0.00215005      0.0655752      0.0043001
          99300        2.07996       -2.03959        4.15992
          99400       0.252368       0.710447       0.504735
          99500       0.313581      -0.791936       0.627162
          99600      0.0873798       0.418043        0.17476
          99700      0.0279277       0.236337      0.0558554
          99800       0.469732       0.969259       0.939463
          99900     0.00391617     -0.0885006     0.00783235
         100000       0.493184       0.993161       0.986368
