              0    0.000193831     -0.0196891    0.000387661
            100      0.0069622      -0.118002      0.0139244
            200       0.167953      -0.579574       0.335906
            300       0.129168      -0.508268       0.258336
            400       0.282468      -0.751622       0.564935
            500       0.481178      -0.980998       0.962356
            600       0.141999      -0.532915       0.283999
            700      0.0984029      -0.443628       0.196806
            800      0.0595678       -0.34516       0.119136
            900      0.0505436      -0.317942       0.101087
           1000     0.00966729      -0.139049      0.0193346
           1100      0.0444322       0.298101      0.0888644
           1200      0.0613667       0.350333       0.122733
           1300       0.111404       0.472024       0.222807
           1400       0.229973       0.678193       0.459946
           1500       0.530721        1.03026        1.06144
           1600       0.605384        1.10035        1.21077
           1700       0.473969       0.973621       0.947938
           1800       0.676359        1.16306        1.35272
           1900       0.947162        1.37634        1.89432
           2000        0.86115        1.31236         1.7223
           2100       0.854552        1.30733         1.7091
           2200       0.873649        1.32185         1.7473
           2300        1.08298        1.47172        2.16596
           2400       0.860915        1.31219        1.72183
           2500       0.634889        1.12684        1.26978
           2600       0.862391        1.31331        1.72478
           2700       0.430676        0.92809       0.861352
           2800       0.391726       0.885128       0.783452
           2900       0.389151       0.882214       0.778301
           3000       0.214244        0.65459       0.428488
           3100        0.19529       0.624964       0.390579
           3200      0.0876195       0.418615       0.175239
           3300       0.115292       0.480191       0.230583
           3400       0.375186        0.86624       0.750373
           3500      0.0232796       0.215776      0.0465592
           3600      0.0314734       0.250892      0.0629468
           3700     0.00182459      0.0604084     0.00364918
           3800     0.00709811       0.119148      0.0141962
           3900      0.0354464       0.266257      0.0708928
           4000       0.079003         0.3975       0.158006
           4100      0.0330215       0.256988      0.0660429
           4200      0.0924422       0.429982       0.184884
           4300    0.000404408      0.0284397    0.000808815
           4400    0.000164418      0.0181338    0.000328836
           4500     0.00261021     -0.0722524     0.00522042
           4600      0.0304715      -0.246866      0.0609429
           4700      0.0246797       -0.22217      0.0493593
           4800      0.0141162      -0.168025      0.0282325
           4900     0.00338752      0.0823106     0.00677504
           5000     0.00821531       0.128182      0.0164306
           5100     0.00742409      -0.121853      0.0148482
           5200      0.0159325       0.178508       0.031865
           5300      0.0027968      0.0747903      0.0055936
           5400     0.00254771     -0.0713822     0.00509541
           5500      0.0352145       0.265385       0.070429
           5600    0.000264477       0.022999    0.000528955
           5700      0.0260478       0.228245      0.0520957
           5800        0.11682       0.483363        0.23364
           5900      0.0712638       0.377528       0.142528
           6000       0.044949        0.29983       0.089898
           6100      0.0186101      -0.192926      0.0372203
           6200      0.0657797      -0.362711       0.131559
           6300      0.0140261      -0.167488      0.0280522
           6400      0.0883151      -0.420274        0.17663
           6500        0.12065      -0.491222       0.241299
           6600       0.157325      -0.560937        0.31465
           6700       0.237933       -0.68983       0.475866
           6800         0.2665      -0.730068       0.532999
           6900       0.126921      -0.503827       0.253842
           7000      0.0979818      -0.442678       0.195964
           7100       0.157924      -0.562004       0.315849
           7200      0.0424618      -0.291416      0.0849236
           7300      0.0883973      -0.420469       0.176795
           7400       0.315946      -0.794917       0.631893
           7500       0.358855      -0.847177       0.717709
           7600       0.431913      -0.929422       0.863825
           7700       0.489258      -0.989199       0.978515
           7800       0.341934      -0.826963       0.683868
           7900       0.219254        -0.6622       0.438509
           8000      0.0992834      -0.445608       0.198567
           8100       0.056337      -0.335669       0.112674
           8200       0.030487      -0.246929      0.0609741
           8300      0.0895423      -0.423184       0.179085
           8400       0.118334      -0.486486       0.236669
           8500       0.157125      -0.560581       0.314251
           8600       0.145136      -0.538769       0.290272
           8700       0.342788      -0.827995       0.685575
           8800       0.553869       -1.05249        1.10774
           8900       0.551118       -1.04987        1.10224
           9000       0.469508      -0.969028       0.939016
           9100       0.605364       -1.10033        1.21073
           9200       0.759548       -1.23252         1.5191
           9300       0.516423       -1.01629        1.03285
           9400       0.535123       -1.03453        1.07025
           9500         0.4558      -0.954778         0.9116
           9600       0.443391      -0.941691       0.886782
           9700       0.525596       -1.02528        1.05119
           9800       0.278994      -0.746985       0.557987
           9900       0.611392        -1.1058        1.22278
          10000        0.46187      -0.961114        0.92374
          10100       0.600067       -1.09551        1.20013
          10200       0.592431       -1.08851        1.18486
          10300       0.678021       -1.16449        1.35604
          10400       0.184532      -0.607506       0.369064
          10500       0.112201       -0.47371       0.224401
          10600       0.103063       -0.45401       0.206126
          10700       0.184694      -0.607774       0.369389
          10800       0.151777      -0.550957       0.303554
          10900       0.277864      -0.745472       0.555728
          11000      0.0752594      -0.387968       0.150519
          11100      0.0091577      -0.135334      0.0183154
          11200      0.0664834      -0.364646       0.132967
          11300       0.164786      -0.574083       0.329571
          11400        0.23365      -0.683594       0.467301
          11500       0.203152       -0.63742       0.406304
          11600       0.107724      -0.464165       0.215449
          11700       0.210751      -0.649232       0.421503
          11800       0.118693      -0.487224       0.237387
          11900      0.0712725      -0.377551       0.142545
          12000      0.0495788      -0.314893      0.0991575
          12100       0.116218      -0.482116       0.232436
          12200       0.196807      -0.627386       0.393613
          12300       0.399492      -0.893859       0.798985
          12400       0.266552       -0.73014       0.533104
          12500       0.172856      -0.587973       0.345713
          12600      0.0596688      -0.345453       0.119338
          12700      0.0232596      -0.215683      0.0465191
          12800       0.121996      -0.493955       0.243992
          12900       0.255052      -0.714216       0.510104
          13000      0.0550761      -0.331892       0.110152
          13100       0.119675      -0.489235       0.239351
          13200       0.180675      -0.601124       0.361351
          13300      0.0837931      -0.409373       0.167586
          13400       0.178158      -0.596923       0.356317
          13500       0.140645      -0.530368        0.28129
          13600     0.00354552     -0.0842083     0.00709103
          13700    0.000176645      -0.018796     0.00035329
          13800    3.16463e-05    -0.00795566    6.32926e-05
          13900     0.00436375       0.093421     0.00872749
          14000      0.0357377       0.267349      0.0714754
          14100         0.3612       0.849941         0.7224
          14200       0.543955        1.04303        1.08791
          14300       0.937524        1.36932        1.87505
          14400        1.01264        1.42312        2.02527
          14500       0.884669        1.33016        1.76934
          14600       0.743773        1.21965        1.48755
          14700       0.865664         1.3158        1.73133
          14800       0.919868        1.35637        1.83974
          14900       0.744795        1.22049        1.48959
          15000       0.745617        1.22116        1.49123
          15100       0.635236        1.12715        1.27047
          15200       0.508147        1.00811        1.01629
          15300       0.400227       0.894681       0.800455
          15400       0.298527       0.772692       0.597053
          15500       0.154854       0.556515       0.309709
          15600       0.174952       0.591527       0.349905
          15700      0.0814217       0.403539       0.162843
          15800      0.0822016       0.405467       0.164403
          15900      0.0187878       0.193844      0.0375756
          16000      0.0394281       0.280814      0.0788563
          16100     0.00503115       0.100311      0.0100623
          16200      0.0380903       0.276008      0.0761806
          16300     0.00035645      0.0267002      0.0007129
          16400     0.00097614     -0.0441846     0.00195228
          16500      0.0107158      -0.146395      0.0214315
          16600      0.0377363      -0.274723      0.0754726
          16700      0.0262939       -0.22932      0.0525879
          16800      0.0180945      -0.190234      0.0361889
          16900       0.149901      -0.547541       0.299801
          17000      0.0985314      -0.443918       0.197063
          17100      0.0569319      -0.337437       0.113864
          17200      0.0549921      -0.331639       0.109984
          17300       0.250671      -0.708055       0.501343
          17400       0.198304      -0.629768       0.396608
          17500       0.148266      -0.544547       0.296532
          17600       0.296272      -0.769769       0.592544
          17700       0.358975      -0.847319        0.71795
          17800       0.559513       -1.05784        1.11903
          17900       0.611047       -1.10548        1.22209
          18000       0.596405       -1.09216        1.19281
          18100       0.589415       -1.08574        1.17883
          18200       0.590641       -1.08687        1.18128
          18300       0.232598      -0.682052       0.465195
          18400       0.377815       -0.86927        0.75563
          18500       0.382967      -0.875176       0.765933
          18600       0.951949       -1.37982         1.9039
          18700        1.06203       -1.45742        2.12407
          18800       0.723413       -1.20284        1.44683
          18900       0.577535       -1.07474        1.15507
          19000       0.606177       -1.10107        1.21235
          19100       0.349892      -0.836531       0.699785
          19200       0.452118      -0.950913       0.904236
          19300        0.49651      -0.996504        0.99302
          19400       0.954981       -1.38201        1.90996
          19500       0.730998       -1.20913          1.462
          19600       0.790696       -1.25753        1.58139
          19700       0.563994       -1.06207        1.12799
          19800       0.817754       -1.27887        1.63551
          19900       0.639725       -1.13113        1.27945
          20000       0.308684      -0.785728       0.617368
          20100       0.833331       -1.29099        1.66666
          20200       0.562884       -1.06102        1.12577
          20300       0.652901       -1.14272         1.3058
          20400       0.732833       -1.21065        1.46567
          20500       0.550989       -1.04975        1.10198
          20600       0.821352       -1.28168         1.6427
          20700        1.25703       -1.58558        2.51406
          20800       0.860106       -1.31157        1.72021
          20900        1.13792       -1.50859        2.27584
          21000        1.17966       -1.53601        2.35932
          21100        1.34167       -1.63809        2.68334
          21200        1.19435       -1.54554         2.3887
          21300       0.716524        -1.1971        1.43305
          21400       0.824364       -1.28403        1.64873
          21500       0.492644      -0.992617       0.985288
          21600       0.437728      -0.935658       0.875455
          21700       0.694445       -1.17851        1.38889
          21800        1.26554       -1.59094        2.53109
          21900        1.43995       -1.69702        2.87989
          22000        1.88009       -1.93912        3.76019
          22100        2.03917       -2.01949        4.07834
          22200        1.73947       -1.86519        3.47893
          22300        1.77744       -1.88544        3.55487
          22400        1.54039       -1.75522        3.08079
          22500        2.79767       -2.36545        5.59534
          22600        3.07987       -2.48188        6.15974
          22700        3.45977        -2.6305        6.91954
          22800         3.1544       -2.51173         6.3088
          22900        2.54517       -2.25618        5.09033
          23000        2.41704       -2.19866        4.83409
          23100        2.29461       -2.14224        4.58921
          23200        2.31967       -2.15391        4.63934
          23300        2.23047       -2.11209        4.46094
          23400        2.58164       -2.27229        5.16328
          23500         2.6638       -2.30816         5.3276
          23600        2.40405       -2.19274        4.80809
          23700         1.9547       -1.97722        3.90939
          23800        1.81075       -1.90302         3.6215
          23900        1.29875       -1.61168         2.5975
          24000       0.663652       -1.15209         1.3273
          24100       0.693009       -1.17729        1.38602
          24200        1.04324       -1.44447        2.08648
          24300        1.31384       -1.62101        2.62767
          24400        1.06594        -1.4601        2.13189
          24500       0.983113       -1.40222        1.96623
          24600       0.683183       -1.16892        1.36637
          24700        0.69171       -1.17619        1.38342
          24800       0.763951       -1.23608         1.5279
          24900       0.713645       -1.19469        1.42729
          25000       0.612005       -1.10635        1.22401
          25100       0.729199       -1.20764         1.4584
          25200       0.751425       -1.22591        1.50285
          25300       0.664967       -1.15323        1.32993
          25400        1.04287       -1.44421        2.08573
          25500       0.996361       -1.41164        1.99272
          25600       0.701362       -1.18437        1.40272
          25700       0.735164       -1.21257        1.47033
          25800       0.916585       -1.35395        1.83317
          25900       0.768175        -1.2395        1.53635
          26000       0.888161       -1.33279        1.77632
          26100         1.1932        -1.5448        2.38641
          26200         1.3843       -1.66391         2.7686
          26300        1.74682       -1.86913        3.49364
          26400         2.0576        -2.0286        4.11521
          26500        2.78938       -2.36194        5.57876
          26600        3.32262       -2.57784        6.64524
          26700         3.1816       -2.52254        6.36321
          26800        2.60788        -2.2838        5.21576
          26900        1.88786       -1.94312        3.77571
          27000         1.5398       -1.75488        3.07959
          27100        1.69956       -1.84367        3.39912
          27200          2.061       -2.03027        4.12199
          27300        2.28595        -2.1382         4.5719
          27400         2.2727         -2.132         4.5454
          27500        2.06358       -2.03154        4.12716
          27600        2.10308       -2.05089        4.20615
          27700        2.72927       -2.33635        5.45853
          27800        3.22778       -2.54078        6.45555
          27900        2.96791       -2.43635        5.93581
          28000        1.83144       -1.91386        3.66288
          28100        1.78549        -1.8897        3.57098
          28200         1.0429       -1.44423        2.08579
          28300        1.25933       -1.58703        2.51866
          28400        1.31661       -1.62272        2.63322
          28500        1.34743        -1.6416        2.69485
          28600         1.3112       -1.61938         2.6224
          28700       0.834598       -1.29197         1.6692
          28800       0.921932       -1.35789        1.84386
          28900       0.649137       -1.13942        1.29827
          29000       0.713337       -1.19443        1.42667
          29100       0.768087       -1.23942        1.53617
          29200         1.1474       -1.51486         2.2948
          29300       0.940197       -1.37127        1.88039
          29400        1.39256       -1.66887        2.78513
          29500        1.42476       -1.68805        2.84951
          29600        1.81556       -1.90555        3.63112
          29700        2.03712       -2.01847        4.07424
          29800        2.84441       -2.38513        5.68883
          29900        3.00413       -2.45117        6.00826
          30000        2.88781       -2.40325        5.77561
          30100        3.33775        -2.5837        6.67549
          30200        3.01359       -2.45503        6.02717
          30300        2.94467        -2.4268        5.88935
          30400        3.71191       -2.72467        7.42382
          30500        3.34461       -2.58635        6.68922
          30600        3.88193       -2.78637        7.76385
          30700        3.89772       -2.79203        7.79544
          30800        3.44272       -2.62401        6.88545
          30900        2.88216        -2.4009        5.76432
          31000        2.05337       -2.02651        4.10673
          31100        1.79343        -1.8939        3.58685
          31200        1.72353       -1.85663        3.44707
          31300        1.82044       -1.90811        3.64089
          31400        2.73386       -2.33832        5.46772
          31500        2.41568       -2.19804        4.83136
          31600        3.04565       -2.46806         6.0913
          31700        2.19067       -2.09316        4.38134
          31800        2.33316       -2.16017        4.66633
          31900        2.06802       -2.03373        4.13604
          32000        1.34336       -1.63912        2.68673
          32100        2.11455       -2.05648         4.2291
          32200        1.91706       -1.95809        3.83413
          32300          1.663       -1.82373        3.32601
          32400        2.78706       -2.36096        5.57412
          32500        1.95776       -1.97877        3.91551
          32600        2.57151       -2.26782        5.14302
          32700        2.73907       -2.34054        5.47813
          32800        2.27653       -2.13379        4.55307
          32900        2.43334       -2.20606        4.86668
          33000        3.11543       -2.49617        6.23087
          33100        2.61452       -2.28671        5.22905
          33200        2.29568       -2.14274        4.59135
          33300        2.91707        -2.4154        5.83414
          33400        2.46808       -2.22175        4.93616
          33500        2.67504       -2.31302        5.35008
          33600        3.80642       -2.75914        7.61284
          33700        4.50865       -3.00288         9.0173
          33800        3.86275       -2.77948        7.72551
          33900        4.19085       -2.89512         8.3817
          34000        3.67331       -2.71046        7.34662
          34100        3.66274       -2.70656        7.32549
          34200        3.09971       -2.48987        6.19943
          34300        3.03458       -2.46357        6.06916
          34400        2.31766       -2.15298        4.63532
          34500        2.26711       -2.12937        4.53421
          34600        2.35085       -2.16834         4.7017
          34700         1.6782       -1.83205        3.35641
          34800        1.40324       -1.67525        2.80648
          34900        1.29618       -1.61008        2.59235
          35000         1.1269       -1.50127         2.2538
          35100        1.18172       -1.53735        2.36344
          35200       0.970227         -1.393        1.94045
          35300       0.679985       -1.16618        1.35997
          35400       0.745483       -1.22105        1.49097
          35500       0.910878       -1.34972        1.82176
          35600        1.10547       -1.48692        2.21093
          35700        1.79914       -1.89691        3.59828
          35800        1.79842       -1.89653        3.59684
          35900        1.91749       -1.95831        3.83497
          36000        2.88094       -2.40039        5.76188
          36100         3.2352        -2.5437        6.47039
          36200        4.23758       -2.91121        8.47515
          36300        4.71105       -3.06954         9.4221
          36400        5.25383       -3.24155        10.5077
          36500        4.48663       -2.99554        8.97327
          36600        3.51217       -2.65035        7.02435
          36700        3.38521         -2.602        6.77042
          36800        3.19341       -2.52722        6.38682
          36900        3.76859       -2.74539        7.53717
          37000        3.69946        -2.7201        7.39893
          37100        4.66678       -3.05509        9.33357
          37200         4.8755       -3.12266          9.751
          37300        5.25189       -3.24095        10.5038
          37400        5.27491       -3.24805        10.5498
          37500        6.41507       -3.58192        12.8301
          37600        6.18766       -3.51786        12.3753
          37700         5.8889       -3.43188        11.7778
          37800        6.41603       -3.58219        12.8321
          37900        5.65878       -3.36416        11.3176
          38000         5.3579        -3.2735        10.7158
          38100        4.60225       -3.03389         9.2045
          38200        5.46007       -3.30456        10.9201
          38300        5.34817       -3.27053        10.6963
          38400        5.92868       -3.44345        11.8574
          38500        5.53052       -3.32582         11.061
          38600        5.32314       -3.26286        10.6463
          38700        5.59162       -3.34414        11.1832
          38800        5.30757       -3.25809        10.6151
          38900        4.57769       -3.02578        9.15537
          39000        4.71234       -3.06997        9.42469
          39100        4.54933        -3.0164        9.09867
          39200        3.92654       -2.80233        7.85308
          39300        4.06423       -2.85105        8.12847
          39400        3.26038       -2.55358        6.52076
          39500        2.71634       -2.33081        5.43268
          39600        2.57802       -2.27069        5.15603
          39700         2.2996       -2.14457        4.59919
          39800        2.06925       -2.03433        4.13849
          39900        1.55098       -1.76124        3.10195
          40000        1.91136       -1.95518        3.82272
          40100        1.78105       -1.88735         3.5621
          40200        1.74773       -1.86961        3.49546
          40300        2.23638       -2.11489        4.47275
          40400         1.7816       -1.88765        3.56321
          40500        1.52316       -1.74537        3.04633
          40600       0.684969       -1.17044        1.36994
          40700       0.998539       -1.41318        1.99708
          40800       0.990016       -1.40714        1.98003
          40900        1.00807       -1.41991        2.01613
          41000        1.07201       -1.46425        2.14402
          41100        1.15698       -1.52117        2.31395
          41200        1.06748       -1.46115        2.13497
          41300        1.16916       -1.52916        2.33832
          41400        0.93144       -1.36487        1.86288
          41500       0.968477       -1.39175        1.93695
          41600       0.599515         -1.095        1.19903
          41700       0.395136      -0.888972       0.790271
          41800         0.1606      -0.566745       0.321199
          41900       0.175608      -0.592635       0.351216
          42000       0.106651      -0.461847       0.213302
          42100       0.157116      -0.560564       0.314232
          42200      0.0254403      -0.225567      0.0508806
          42300      0.0260866      -0.228414      0.0521731
          42400    1.34003e-06     0.00163709    2.68006e-06
          42500     0.00019535     -0.0197661      0.0003907
          42600     0.00506417       -0.10064      0.0101283
          42700       0.111387      -0.471989       0.222774
          42800       0.173992      -0.589902       0.347985
          42900       0.318661      -0.798324       0.637321
          43000       0.328878      -0.811021       0.657755
          43100       0.667039       -1.15502        1.33408
          43200       0.615524       -1.10953        1.23105
          43300        0.87487       -1.32278        1.74974
          43400       0.819386       -1.28015        1.63877
          43500       0.705383       -1.18776        1.41077
          43600       0.542092       -1.04124        1.08418
          43700       0.778922       -1.24814        1.55784
          43800        1.12153       -1.49768        2.24306
          43900        1.26815       -1.59258         2.5363
          44000        1.04732       -1.44729        2.09464
          44100        1.18381       -1.53871        2.36761
          44200       0.732021       -1.20998        1.46404
          44300       0.371871      -0.862404       0.743742
          44400       0.348926      -0.835375       0.697852
          44500        0.30929      -0.786498       0.618579
          44600       0.267914      -0.732002       0.535828
          44700       0.458737      -0.957848       0.917474
          44800       0.565343       -1.06334        1.13069
          44900       0.224817      -0.670548       0.449634
          45000      0.0944306      -0.434582       0.188861
          45100       0.044524      -0.298409      0.0890481
          45200      0.0254374      -0.225555      0.0508749
          45300     0.00148008     -0.0544074     0.00296017
          45400     0.00867789       0.131741      0.0173558
          45500     0.00180152     -0.0600254     0.00360304
          45600    5.45445e-05     -0.0104446    0.000109089
          45700      0.0531404      -0.326007       0.106281
          45800      0.0953428      -0.436676       0.190686
          45900      0.0478426       -0.30933      0.0956851
          46000      0.0161029       -0.17946      0.0322057
          46100     0.00914741       0.135258      0.0182948
          46200      0.0443206       0.297727      0.0886413
          46300     0.00527641      -0.102727      0.0105528
          46400      0.0104983      -0.144902      0.0209966
          46500      0.0240313      -0.219232      0.0480627
          46600       0.154165      -0.555275        0.30833
          46700       0.097587      -0.441785       0.195174
          46800      0.0144764      -0.170155      0.0289529
          46900     0.00269436     -0.0734079     0.00538872
          47000      0.0313104       0.250242      0.0626209
          47100     0.00338816      0.0823184     0.00677632
          47200     0.00460861      0.0960064     0.00921723
          47300     0.00079825     -0.0399562      0.0015965
          47400     0.00337572     -0.0821671     0.00675144
          47500     0.00853347       -0.13064      0.0170669
          47600      0.0309454      -0.248779      0.0618908
          47700     0.00168993     -0.0581365     0.00337986
          47800     0.00100957     -0.0449347     0.00201913
          47900      0.0492558      -0.313865      0.0985115
          48000       0.165157      -0.574729       0.330314
          48100       0.135879      -0.521304       0.271758
          48200       0.185325       -0.60881        0.37065
          48300       0.233374       -0.68319       0.466748
          48400       0.261238      -0.722824       0.522475
          48500       0.539496       -1.03875        1.07899
          48600       0.568531       -1.06633        1.13706
          48700       0.339214      -0.823668       0.678429
          48800       0.513132       -1.01305        1.02626
          48900       0.334989      -0.818522       0.669979
          49000        0.40407      -0.898967       0.808141
          49100       0.305707       -0.78193       0.611414
          49200       0.553068       -1.05173        1.10614
          49300       0.601771       -1.09706        1.20354
          49400       0.554833       -1.05341        1.10967
          49500       0.560358       -1.05864        1.12072
          49600       0.547812       -1.04672        1.09562
          49700       0.560129       -1.05842        1.12026
          49800       0.785115       -1.25309        1.57023
          49900        1.32781       -1.62961        2.65562
          50000        1.54943       -1.76036        3.09886
          50100        1.64956       -1.81635        3.29911
          50200        1.74972       -1.87068        3.49943
          50300        1.30267       -1.61411        2.60534
          50400        1.27751       -1.59844        2.55502
          50500       0.666583       -1.15463        1.33317
          50600       0.842829       -1.29833        1.68566
          50700       0.807579       -1.27089        1.61516
          50800       0.925701       -1.36066         1.8514
          50900       0.616587       -1.11048        1.23317
          51000       0.302353      -0.777629       0.604706
          51100       0.181093      -0.601818       0.362185
          51200      0.0786668      -0.396653       0.157334
          51300      0.0722227       -0.38006       0.144445
          51400      0.0158102      -0.177821      0.0316204
          51500    0.000158409      0.0177994    0.000316819
          51600      0.0393816       0.280648      0.0787632
          51700     0.00954249      -0.138148       0.019085
          51800      0.0153299      -0.175099      0.0306598
          51900      0.0954451       -0.43691        0.19089
          52000       0.104402      -0.456951       0.208804
          52100      0.0857152      -0.414042        0.17143
          52200      0.0246678      -0.222116      0.0493355
          52300       0.152164       -0.55166       0.304329
          52400       0.218469      -0.661014       0.436939
          52500       0.284723      -0.754617       0.569446
          52600       0.215327      -0.656242       0.430653
          52700       0.175263      -0.592052       0.350526
          52800       0.279268      -0.747353       0.558536
          52900       0.508651       -1.00861         1.0173
          53000       0.783299       -1.25164         1.5666
          53100       0.847845       -1.30219        1.69569
          53200       0.951321       -1.37936        1.90264
          53300        0.61121       -1.10563        1.22242
          53400       0.605791       -1.10072        1.21158
          53500       0.629071       -1.12167        1.25814
          53600       0.382041      -0.874118       0.764082
          53700       0.163389      -0.571645       0.326778
          53800       0.190584      -0.617387       0.381167
          53900       0.224627      -0.670264       0.449254
          54000       0.260337      -0.721578       0.520675
          54100       0.293007      -0.765516       0.586015
          54200       0.128049      -0.506061       0.256097
          54300      0.0642247      -0.358399       0.128449
          54400      0.0974578      -0.441493       0.194916
          54500     0.00555321      -0.105387      0.0111064
          54600      0.0154345      -0.175696       0.030869
          54700      0.0594745       -0.34489       0.118949
          54800      0.0636083      -0.356674       0.127217
          54900      0.0884693      -0.420641       0.176939
          55000      0.0070269      -0.118549      0.0140538
          55100      0.0193346      -0.196645      0.0386693
          55200      0.0501602      -0.316734        0.10032
          55300      0.0506637       -0.31832       0.101327
          55400      0.0270969      -0.232796      0.0541939
          55500      0.0106364      -0.145852      0.0212728
          55600       0.195079      -0.624627       0.390158
          55700        0.41793      -0.914254       0.835861
          55800        0.77774       -1.24719        1.55548
          55900       0.786131        -1.2539        1.57226
          56000        1.04005       -1.44225        2.08009
          56100        1.05896       -1.45531        2.11792
          56200       0.855108       -1.30775        1.71022
          56300        1.04093       -1.44286        2.08186
          56400        1.23718       -1.57301        2.47435
          56500        1.31264       -1.62027        2.62529
          56600        1.21532       -1.55905        2.43063
          56700       0.791556       -1.25822        1.58311
          56800        0.69793       -1.18146        1.39586
          56900        1.12764       -1.50176        2.25529
          57000        1.90225       -1.95051        3.80449
          57100        2.53612       -2.25216        5.07223
          57200        2.42457       -2.20208        4.84914
          57300        2.11522       -2.05681        4.23045
          57400        2.25339       -2.12292        4.50679
          57500        1.92545       -1.96237         3.8509
          57600        1.89907       -1.94888        3.79815
          57700        2.02905       -2.01447         4.0581
          57800        1.72153       -1.85555        3.44307
          57900        1.30963       -1.61841        2.61925
          58000        1.54534       -1.75804        3.09069
          58100        1.30721       -1.61692        2.61441
          58200        1.27957       -1.59973        2.55915
          58300         2.0007       -2.00035        4.00141
          58400        1.68237       -1.83432        3.36474
          58500        1.34181       -1.63818        2.68363
          58600        1.29323       -1.60825        2.58645
          58700        1.35887       -1.64856        2.71775
          58800        2.06709       -2.03327        4.13418
          58900         1.5708       -1.77245        3.14159
          59000        1.68407       -1.83525        3.36813
          59100        1.80444       -1.89971        3.60888
          59200        2.26145       -2.12671        4.52289
          59300        2.44606       -2.21181        4.89211
          59400        2.17472       -2.08553        4.34944
          59500        2.16152       -2.07919        4.32303
          59600        1.85713       -1.92724        3.71425
          59700        1.70434       -1.84626        3.40868
          59800         1.7385       -1.86467        3.47699
          59900        2.02637       -2.01314        4.05275
          60000        1.47983       -1.72037        2.95966
          60100       0.960829       -1.38624        1.92166
          60200       0.848841       -1.30295        1.69768
          60300        1.12322       -1.49881        2.24644
          60400        1.05886       -1.45524        2.11772
          60500       0.850855        -1.3045        1.70171
          60600       0.664546       -1.15286        1.32909
          60700       0.668487       -1.15628        1.33697
          60800        0.68818       -1.17318        1.37636
          60900       0.807181       -1.27058        1.61436
          61000        0.85028       -1.30406        1.70056
          61100       0.906251       -1.34629         1.8125
          61200        1.63306       -1.80724        3.26611
          61300        1.57819       -1.77662        3.15638
          61400        1.39389       -1.66966        2.78778
          61500        1.28932       -1.60581        2.57863
          61600         1.4735       -1.71668        2.94699
          61700        1.71328        -1.8511        3.42655
          61800        1.51361       -1.73989        3.02722
          61900        1.68134       -1.83376        3.36268
          62000        1.44031       -1.69724        2.88061
          62100       0.749133       -1.22404        1.49827
          62200        0.72091       -1.20076        1.44182
          62300       0.654911       -1.14447        1.30982
          62400       0.758832       -1.23193        1.51766
          62500       0.742372        -1.2185        1.48474
          62600       0.526071       -1.02574        1.05214
          62700       0.632538       -1.12476        1.26508
          62800       0.748068       -1.22317        1.49614
          62900       0.613926       -1.10808        1.22785
          63000       0.859896       -1.31141        1.71979
          63100        1.01552       -1.42515        2.03105
          63200        1.22822        -1.5673        2.45644
          63300       0.822823       -1.28283        1.64565
          63400        1.18809       -1.54149        2.37618
          63500       0.673318       -1.16045        1.34664
          63600       0.754139       -1.22812        1.50828
          63700       0.629031       -1.12163        1.25806
          63800       0.687813       -1.17287        1.37563
          63900        0.43195      -0.929462         0.8639
          64000       0.382886      -0.875084       0.765773
          64100       0.249354      -0.706193       0.498708
          64200       0.334845      -0.818346        0.66969
          64300       0.304366      -0.780213       0.608732
          64400       0.267354      -0.731237       0.534708
          64500       0.552765       -1.05144        1.10553
          64600       0.549846       -1.04866        1.09969
          64700       0.344263      -0.829775       0.688527
          64800       0.212305      -0.651621        0.42461
          64900       0.248669      -0.705223       0.497339
          65000        0.45886      -0.957977       0.917719
          65100       0.316741      -0.795915       0.633481
          65200       0.323688      -0.804597       0.647377
          65300       0.438115      -0.936071        0.87623
          65400        0.71003       -1.19166        1.42006
          65500       0.369559      -0.859719       0.739117
          65600       0.458478      -0.957578       0.916957
          65700       0.816716       -1.27806        1.63343
          65800       0.612918       -1.10717        1.22584
          65900       0.772712       -1.24315        1.54542
          66000       0.855207       -1.30783        1.71041
          66100        0.72016       -1.20013        1.44032
          66200       0.843117       -1.29855        1.68623
          66300       0.838877       -1.29528        1.67775
          66400       0.668342       -1.15615        1.33668
          66500       0.621471       -1.11487        1.24294
          66600       0.854882       -1.30758        1.70976
          66700       0.536714       -1.03606        1.07343
          66800       0.281613      -0.750483       0.563225
          66900       0.174454      -0.590685       0.348909
          67000       0.169379       -0.58203       0.338759
          67100       0.287842      -0.758739       0.575684
          67200       0.344044      -0.829511       0.688089
          67300       0.763604        -1.2358        1.52721
          67400        1.34327       -1.63907        2.68655
          67500         1.2656       -1.59098         2.5312
          67600        1.25459       -1.58404        2.50918
          67700        2.60881       -2.28421        5.21762
          67800        2.31822       -2.15324        4.63645
          67900        1.86896       -1.93337        3.73792
          68000        3.18572       -2.52417        6.37144
          68100        3.11944       -2.49778        6.23888
          68200        3.18786       -2.52502        6.37571
          68300        3.07989       -2.48189        6.15978
          68400        3.44015       -2.62303         6.8803
          68500        3.02331       -2.45899        6.04661
          68600        2.98559        -2.4436        5.97118
          68700         3.4063       -2.61009        6.81259
          68800        3.86683       -2.78095        7.73366
          68900        3.70586       -2.72245        7.41172
          69000        3.24592       -2.54791        6.49183
          69100        3.33175       -2.58138        6.66351
          69200        4.01059       -2.83217        8.02118
          69300        3.40804       -2.61076        6.81608
          69400        3.03356       -2.46315        6.06711
          69500        2.74679       -2.34384        5.49358
          69600        2.23223       -2.11293        4.46446
          69700        2.16091        -2.0789        4.32181
          69800        2.21861       -2.10647        4.43722
          69900        1.44411       -1.69948        2.88822
          70000        1.24023       -1.57495        2.48045
          70100         1.2805       -1.60031          2.561
          70200       0.856566       -1.30887        1.71313
          70300       0.796952        -1.2625         1.5939
          70400       0.890648       -1.33465         1.7813
          70500       0.294285      -0.767183        0.58857
          70600       0.323163      -0.803944       0.646327
          70700       0.241715      -0.695291        0.48343
          70800        0.18791      -0.613042       0.375821
          70900       0.116922      -0.483575       0.233844
          71000       0.240916      -0.694141       0.481832
          71100       0.252342      -0.710411       0.504684
          71200       0.566014       -1.06397        1.13203
          71300       0.263494      -0.725939       0.526988
          71400       0.553087       -1.05175        1.10617
          71500       0.705573       -1.18792        1.41115
          71600       0.428926      -0.926203       0.857851
          71700       0.225889      -0.672145       0.451778
          71800       0.237311      -0.688928       0.474621
          71900       0.369324      -0.859447       0.738648
          72000       0.262805       -0.72499       0.525611
          72100       0.129005      -0.507947       0.258011
          72200       0.179619      -0.599364       0.359237
          72300       0.271857       -0.73737       0.543715
          72400       0.692067       -1.17649        1.38413
          72500       0.831252       -1.28938         1.6625
          72600       0.409118      -0.904564       0.818236
          72700       0.476483        -0.9762       0.952966
          72800        0.32784      -0.809741        0.65568
          72900       0.598231       -1.09383        1.19646
          73000       0.405089      -0.900099       0.810178
          73100        0.53427        -1.0337        1.06854
          73200       0.623401        -1.1166         1.2468
          73300        0.64327       -1.13426        1.28654
          73400       0.619266       -1.11289        1.23853
          73500       0.400193      -0.894643       0.800386
          73600       0.222328      -0.666825       0.444655
          73700       0.122392      -0.494756       0.244784
          73800       0.178879      -0.598128       0.357757
          73900       0.272519      -0.738267       0.545039
          74000       0.514535       -1.01443        1.02907
          74100       0.518086       -1.01793        1.03617
          74200       0.313672       -0.79205       0.627344
          74300       0.351369      -0.838295       0.702738
          74400       0.365174      -0.854604       0.730348
          74500       0.625516        -1.1185        1.25103
          74600       0.521296       -1.02107        1.04259
          74700       0.416109       -0.91226       0.832219
          74800       0.744343       -1.22012        1.48869
          74900       0.692184       -1.17659        1.38437
          75000       0.281532      -0.750375       0.563063
          75100       0.253505      -0.712046        0.50701
          75200       0.396688      -0.890717       0.793376
          75300       0.577706        -1.0749        1.15541
          75400       0.490349      -0.990302       0.980699
          75500       0.205171       -0.64058       0.410342
          75600       0.103481       -0.45493       0.206962
          75700      0.0451399      -0.300466      0.0902798
          75800       0.190397      -0.617085       0.380794
          75900       0.339496      -0.824009       0.678992
          76000       0.233585      -0.683498        0.46717
          76100       0.170023      -0.583134       0.340045
          76200       0.355973      -0.843769       0.711946
          76300       0.468496      -0.967984       0.936993
          76400       0.573865       -1.07132        1.14773
          76500       0.331115      -0.813775        0.66223
          76600       0.454024      -0.952916       0.908049
          76700       0.842273        -1.2979        1.68455
          76800        1.48738       -1.72475        2.97476
          76900        1.05337       -1.45146        2.10675
          77000        1.01317        -1.4235        2.02635
          77100        1.10211       -1.48466        2.20422
          77200       0.874632        -1.3226        1.74926
          77300       0.890048        -1.3342         1.7801
          77400        1.00536         -1.418        2.01072
          77500        1.41702       -1.68346        2.83404
          77600         1.3174        -1.6232        2.63479
          77700        1.62959       -1.80532        3.25918
          77800         1.7748       -1.88404         3.5496
          77900        1.79936       -1.89703        3.59872
          78000        1.15195       -1.51786         2.3039
          78100         1.0626       -1.45781         2.1252
          78200       0.939184       -1.37054        1.87837
          78300        0.81948       -1.28022        1.63896
          78400       0.941334        -1.3721        1.88267
          78500          1.029       -1.43458        2.05801
          78600        1.00734       -1.41939        2.01468
          78700        0.75463       -1.22852        1.50926
          78800       0.726775       -1.20563        1.45355
          78900       0.553835       -1.05246        1.10767
          79000       0.455245      -0.954196       0.910489
          79100       0.389715      -0.882853        0.77943
          79200       0.522087       -1.02185        1.04417
          79300       0.564584       -1.06262        1.12917
          79400       0.433567        -0.9312       0.867134
          79500       0.597992       -1.09361        1.19598
          79600       0.414359      -0.910339       0.828717
          79700        0.51365       -1.01356         1.0273
          79800       0.378248      -0.869767       0.756495
          79900       0.438806      -0.936809       0.877612
          80000       0.477581      -0.977324       0.955163
          80100       0.640833       -1.13211        1.28167
          80200       0.304219      -0.780025       0.608439
          80300       0.341301      -0.826198       0.682602
          80400       0.313688      -0.792071       0.627376
          80500       0.362025      -0.850911        0.72405
          80600       0.487588       -0.98751       0.975176
          80700       0.562554       -1.06071        1.12511
          80800       0.290117      -0.761731       0.580234
          80900       0.338721      -0.823068       0.677441
          81000       0.235802      -0.686734       0.471604
          81100       0.198199      -0.629601       0.396397
          81200       0.277518      -0.745007       0.555035
          81300       0.187196      -0.611876       0.374392
          81400        0.10585      -0.460108       0.211699
          81500        0.11961      -0.489101        0.23922
          81600       0.123448      -0.496886       0.246896
          81700       0.147325      -0.542818       0.294651
          81800      0.0463149      -0.304351      0.0926297
          81900      0.0168956      -0.183824      0.0337911
          82000      0.0185654      -0.192694      0.0371308
          82100      0.0106788       0.146143      0.0213577
          82200      0.0304608       0.246823      0.0609216
          82300       0.237663       0.689439       0.475326
          82400       0.237858       0.689722       0.475717
          82500      0.0609319        0.34909       0.121864
          82600      0.0663065       0.364161       0.132613
          82700       0.113022        0.47544       0.226044
          82800       0.100113       0.447467       0.200226
          82900      0.0435827       0.295238      0.0871653
          83000      0.0968191       0.440043       0.193638
          83100      0.0122649        0.15662      0.0245298
          83200      0.0432427       0.294084      0.0864854
          83300       0.110494       0.470094       0.220988
          83400     0.00859523       0.131112      0.0171905
          83500      0.0390469       0.279453      0.0780939
          83600       0.029664       0.243573       0.059328
          83700    0.000458506      0.0302822    0.000917013
          83800    0.000292307     -0.0241788    0.000584615
          83900      0.0166685      -0.182584      0.0333369
          84000     0.00407759      -0.090306     0.00815518
          84100     0.00125774      0.0501545     0.00251548
          84200      0.0026798      0.0732093     0.00535961
          84300      0.0221705      -0.210573       0.044341
          84400     0.00297766      0.0771707     0.00595532
          84500    0.000695804     -0.0373043     0.00139161
          84600      0.0129395       0.160869      0.0258789
          84700     0.00594751       0.109064       0.011895
          84800    0.000824637     -0.0406113     0.00164927
          84900      0.0201309       0.200654      0.0402619
          85000    4.55463e-05     0.00954425    9.10926e-05
          85100      0.0336544       0.259439      0.0673088
          85200      0.0120877       0.155485      0.0241754
          85300      0.0035547      0.0843173      0.0071094
          85400      0.0205194       -0.20258      0.0410387
          85500      0.0158554      -0.178075      0.0317109
          85600      0.0604245      -0.347633       0.120849
          85700      0.0740695      -0.384888       0.148139
          85800      0.0320538      -0.253195      0.0641076
          85900      0.0493484       -0.31416      0.0986967
          86000      0.0580341      -0.340688       0.116068
          86100       0.142055      -0.533019       0.284109
          86200       0.254983      -0.714119       0.509965
          86300      0.0655686      -0.362129       0.131137
          86400      0.0921819      -0.429376       0.184364
          86500      0.0845011      -0.411099       0.169002
          86600      0.0263066      -0.229376      0.0526132
          86700      0.0599649      -0.346309        0.11993
          86800       0.052381      -0.323669       0.104762
          86900       0.114049      -0.477596       0.228098
          87000       0.127514      -0.505002       0.255027
          87100       0.071104      -0.377105       0.142208
          87200      0.0824727      -0.406135       0.164945
          87300      0.0720017      -0.379478       0.144003
          87400      0.0867377      -0.416504       0.173475
          87500      0.0193101       -0.19652      0.0386202
          87600       0.034746      -0.263613      0.0694919
          87700       0.153653      -0.554352       0.307306
          87800       0.103168      -0.454243       0.206336
          87900      0.0875136      -0.418363       0.175027
          88000      0.0666991      -0.365237       0.133398
          88100       0.090978      -0.426563       0.181956
          88200       0.208941      -0.646438       0.417882
          88300       0.316445      -0.795543       0.632889
          88400       0.234308      -0.684556       0.468616
          88500       0.193363      -0.621873       0.386726
          88600       0.251173      -0.708764       0.502346
          88700      0.0736409      -0.383773       0.147282
          88800     0.00599885       0.109534      0.0119977
          88900       0.107963      -0.464679       0.215926
          89000      0.0816071      -0.403998       0.163214
          89100    1.86796e-06    -0.00193285    3.73591e-06
          89200      0.0142689       0.168931      0.0285378
          89300     0.00907886       0.134751      0.0181577
          89400       0.075885       0.389577        0.15177
          89500      0.0705501       0.375633         0.1411
          89600       0.162197       0.569556       0.324394
          89700       0.180017       0.600028       0.360033
          89800       0.639516        1.13094        1.27903
          89900       0.335354       0.818967       0.670707
          90000       0.491792       0.991758       0.983585
          90100       0.451373       0.950129       0.902746
          90200       0.384765       0.877228       0.769529
          90300       0.262498       0.724567       0.524997
          90400        0.19527       0.624932       0.390539
          90500       0.316199       0.795235       0.632398
          90600       0.358701       0.846995       0.717401
          90700       0.293808       0.766561       0.587615
          90800      0.0876261       0.418631       0.175252
          90900      0.0412746       0.287314      0.0825492
          91000      0.0689586       0.371372       0.137917
          91100        0.18456       0.607552       0.369119
          91200     0.00924559       0.135982      0.0184912
          91300    0.000805825      0.0401454     0.00161165
          91400    0.000898576      0.0423928     0.00179715
          91500      0.0366486       0.270734      0.0732971
          91600    0.000475475     -0.0308375     0.00095095
          91700      0.0206119       0.203036      0.0412238
          91800     0.00160508     -0.0566583     0.00321016
          91900       0.148062      -0.544172       0.296123
          92000      0.0780023      -0.394974       0.156005
          92100       0.165503      -0.575331       0.331006
          92200       0.370367       -0.86066       0.740735
          92300       0.167979       -0.57962       0.335959
          92400      0.0103149      -0.143631      0.0206298
          92500     0.00201886      -0.063543     0.00403771
          92600    9.06394e-07      0.0013464    1.81279e-06
          92700      0.0287868      -0.239945      0.0575737
          92800      0.0369149      -0.271716      0.0738298
          92900       0.248629      -0.705165       0.497258
          93000        0.31833       -0.79791        0.63666
          93100       0.387442      -0.880275       0.774885
          93200       0.334318      -0.817702       0.668637
          93300       0.133947      -0.517585       0.267894
          93400      0.0475541      -0.308396      0.0951082
          93500      0.0190947      -0.195421      0.0381893
          93600      0.0694367      -0.372657       0.138873
          93700       0.149882      -0.547507       0.299764
          93800       0.252625      -0.710809       0.505249
          93900       0.236696      -0.688034       0.473391
          94000      0.0673271      -0.366952       0.134654
          94100     0.00946694        -0.1376      0.0189339
          94200      0.0563196      -0.335618       0.112639
          94300    0.000789944      0.0397478     0.00157989
          94400      0.0395797       0.281353      0.0791594
          94500     0.00130345      0.0510579     0.00260691
          94600     0.00373088      0.0863815     0.00746176
          94700      0.0255386       0.226003      0.0510773
          94800      0.0328723       0.256407      0.0657446
          94900      0.0628299       0.354485        0.12566
          95000        0.17089       0.584619        0.34178
          95100      0.0588368       0.343036       0.117674
          95200       0.204413       0.639396       0.408827
          95300       0.115817       0.481284       0.231634
          95400      0.0971959       0.440899       0.194392
          95500      0.0117629       0.153382      0.0235259
          95600     0.00183673      0.0606091     0.00367346
          95700      0.0184641       0.192167      0.0369283
          95800     0.00948656      -0.137743      0.0189731
          95900    7.73181e-06    -0.00393238    1.54636e-05
          96000    0.000703968      0.0375225     0.00140794
          96100      0.0231479       0.215165      0.0462959
          96200      0.0123192       0.156966      0.0246384
          96300      0.0111819       0.149545      0.0223637
          96400      0.0993339       0.445722       0.198668
          96500       0.163082       0.571107       0.326163
          96600      0.0641445       0.358175       0.128289
          96700       0.176416       0.593996       0.352831
          96800      0.0141128       0.168005      0.0282257
          96900     0.00586038      -0.108262      0.0117208
          97000      0.0173068       0.186047      0.0346136
          97100    0.000935003      0.0432436     0.00187001
          97200      0.0277703       0.235671      0.0555406
          97300      0.0185986       0.192866      0.0371972
          97400    0.000640907      0.0358024     0.00128181
          97500      0.0161251       0.179583      0.0322502
          97600       0.103089       0.454069       0.206178
          97700      0.0892568       0.422509       0.178514
          97800       0.226054       0.672389       0.452107
          97900       0.338161       0.822388       0.676321
          98000       0.576167        1.07347        1.15233
          98100       0.462079       0.961331       0.924158
          98200       0.535301         1.0347         1.0706
          98300       0.819734        1.28042        1.63947
          98400       0.611897        1.10625        1.22379
          98500        0.49172       0.991685        0.98344
          98600         0.6776        1.16413         1.3552
          98700       0.864491        1.31491        1.72898
          98800       0.875548        1.32329         1.7511
          98900       0.939571        1.37082        1.87914
          99000       0.877501        1.32477          1.755
          99100       0.651374        1.14138        1.30275
          99200       0.425151       0.922118       0.850302
          99300       0.243729       0.698182       0.487458
          99400       0.221666       0.665831       0.443331
          99500       0.187355       0.612136        0.37471
          99600       0.441101       0.939257       0.882203
          99700       0.128861       0.507663       0.257722
          99800       0.183373       0.605595       0.366746
          99900       0.273188       0.739173       0.546376
         100000       0.315202        0.79398       0.630404
