              0              0              0              0
            100     0.00812323       0.127462      0.0162465
            200      0.0304394      -0.246736      0.0608788
            300     0.00641969      -0.113311      0.0128394
            400    0.000248923      0.0223124    0.000497845
            500      0.0445388       0.298459      0.0890776
            600       0.112839       0.475055       0.225678
            700      0.0160614       0.179229      0.0321229
            800      0.0806963       0.401737       0.161393
            900      0.0633404       0.355922       0.126681
           1000      0.0297123       0.243771      0.0594245
           1100      0.0361171      -0.268764      0.0722342
           1200       0.158615      -0.563233       0.317231
           1300      0.0412412      -0.287198      0.0824824
           1400      0.0600088      -0.346435       0.120018
           1500     0.00741389      -0.121769      0.0148278
           1600     0.00272057     -0.0737641     0.00544115
           1700     0.00794668      -0.126069      0.0158934
           1800      0.0160028      -0.178901      0.0320055
           1900      0.0161903      -0.179946      0.0323805
           2000     0.00452942      -0.095178     0.00905885
           2100     0.00188483     -0.0613975     0.00376966
           2200     0.00254318     -0.0713187     0.00508635
           2300      0.0266743       0.230973      0.0533486
           2400      0.0516269       0.321331       0.103254
           2500       0.159747       0.565239       0.319495
           2600      0.0465998       0.305286      0.0931996
           2700      0.0839721        0.40981       0.167944
           2800       0.045008       0.300026      0.0900159
           2900       0.125797       0.501591       0.251594
           3000       0.145475       0.539397       0.290949
           3100       0.119509       0.488895       0.239019
           3200      0.0754318       0.388412       0.150864
           3300       0.197274        0.62813       0.394547
           3400       0.141702       0.532357       0.283404
           3500      0.0152576       0.174686      0.0305152
           3600    0.000153112      0.0174992    0.000306223
           3700        0.04539      -0.301297      0.0907799
           3800       0.078249      -0.395598       0.156498
           3900      0.0645205      -0.359223       0.129041
           4000         0.3638      -0.852995       0.727601
           4100       0.377358      -0.868744       0.754715
           4200        0.38173      -0.873762        0.76346
           4300       0.205096      -0.640462       0.410192
           4400       0.236375      -0.687568        0.47275
           4500         0.1589      -0.563737         0.3178
           4600      0.0791303       -0.39782       0.158261
           4700      0.0348193      -0.263891      0.0696386
           4800     0.00660629       0.114946      0.0132126
           4900       0.122158       0.494284       0.244317
           5000        0.14833       0.544665        0.29666
           5100       0.143966       0.536593       0.287932
           5200       0.038734       0.278331      0.0774679
           5300      0.0196326       0.198155      0.0392653
           5400      0.0907804         0.4261       0.181561
           5500      0.0978335       0.442343       0.195667
           5600      0.0612394        0.34997       0.122479
           5700      0.0141756       0.168378      0.0283511
           5800     0.00832277       0.129018      0.0166455
           5900      0.0242866       0.220393      0.0485732
           6000       0.138113       0.525572       0.276226
           6100        0.25945       0.720347         0.5189
           6200       0.215936       0.657169       0.431871
           6300       0.302101       0.777305       0.604203
           6400       0.278469       0.746283       0.556938
           6500       0.270302       0.735257       0.540604
           6600        0.25121       0.708816        0.50242
           6700       0.151862       0.551111       0.303723
           6800       0.356763       0.844705       0.713526
           6900       0.261106       0.722643       0.522213
           7000       0.345787       0.831609       0.691574
           7100        0.15306       0.553281        0.30612
           7200       0.147052       0.542314       0.294105
           7300       0.322976       0.803712       0.645953
           7400       0.173462       0.589003       0.346924
           7500      0.0947882       0.435404       0.189576
           7600      0.0375987       0.274222      0.0751975
           7700       0.284495       0.754315       0.568991
           7800        0.14657       0.541425       0.293141
           7900       0.136128       0.521782       0.272257
           8000       0.246324       0.701889       0.492648
           8100       0.432627        0.93019       0.865253
           8200       0.208378       0.645567       0.416757
           8300       0.193174        0.62157       0.386349
           8400       0.144305       0.537225       0.288611
           8500       0.353999       0.841426       0.707998
           8600       0.361663       0.850486       0.723327
           8700       0.304351       0.780193       0.608702
           8800       0.570928        1.06858        1.14186
           8900       0.661548        1.15026         1.3231
           9000       0.400869       0.895398       0.801738
           9100       0.262886       0.725102       0.525773
           9200       0.196067       0.626207       0.392135
           9300       0.168307       0.580184       0.336614
           9400      0.0462934       0.304281      0.0925868
           9500      0.0784181       0.396025       0.156836
           9600      0.0401103       0.283232      0.0802206
           9700    1.59871e-07   -0.000565458    3.19742e-07
           9800       0.186914      -0.611415       0.373828
           9900        0.43661      -0.934462       0.873219
          10000       0.360282       -0.84886       0.720564
          10100       0.421543      -0.918197       0.843086
          10200        0.30767      -0.784436        0.61534
          10300       0.289882      -0.761422       0.579764
          10400       0.276608      -0.743786       0.553217
          10500       0.379628      -0.871353       0.759255
          10600       0.323284      -0.804095       0.646569
          10700       0.423096      -0.919887       0.846192
          10800       0.211306      -0.650086       0.422612
          10900       0.296475      -0.770032       0.592949
          11000       0.565054       -1.06307        1.13011
          11100       0.302928      -0.778367       0.605856
          11200       0.185582      -0.609232       0.371164
          11300       0.198956      -0.630803       0.397912
          11400       0.118668      -0.487171       0.237335
          11500      0.0384589      -0.277341      0.0769179
          11600      0.0419815      -0.289764       0.083963
          11700      0.0199193      -0.199596      0.0398386
          11800        0.19566      -0.625556       0.391321
          11900       0.343473      -0.828822       0.686946
          12000       0.332801      -0.815844       0.665602
          12100      0.0554201      -0.332927        0.11084
          12200      0.0598139      -0.345873       0.119628
          12300      0.0105246      -0.145084      0.0210492
          12400       0.102909      -0.453672       0.205818
          12500       0.114651      -0.478854       0.229301
          12600      0.0486519      -0.311935      0.0973037
          12700      0.0709763      -0.376766       0.141953
          12800       0.142754      -0.534329       0.285507
          12900       0.104659      -0.457513       0.209318
          13000       0.132977      -0.515707       0.265954
          13100      0.0279996      -0.236642      0.0559992
          13200      0.0145127      -0.170368      0.0290254
          13300     0.00585844      -0.108245      0.0117169
          13400     0.00541983       0.104114      0.0108397
          13500      0.0176568      -0.187919      0.0353136
          13600       0.011584       -0.15221      0.0231679
          13700      0.0014739     -0.0542936      0.0029478
          13800    0.000246285     -0.0221939    0.000492571
          13900     0.00153538      0.0554145     0.00307077
          14000      0.0294648       0.242754      0.0589296
          14100      0.0595617       0.345143       0.119123
          14200        0.15817       0.562441        0.31634
          14300       0.182351       0.603906       0.364702
          14400      0.0266941       0.231059      0.0533882
          14500      0.0871364        0.41746       0.174273
          14600      0.0969934       0.440439       0.193987
          14700      0.0596367        0.34536       0.119273
          14800       0.120605       0.491132       0.241211
          14900      0.0660686       0.363507       0.132137
          15000      0.0437724        0.29588      0.0875448
          15100      0.0866879       0.416384       0.173376
          15200       0.025586       0.226212      0.0511721
          15300      0.0152959       0.174905      0.0305919
          15400     0.00371394     -0.0861852     0.00742789
          15500      0.0103225      -0.143684      0.0206451
          15600      0.0261873      -0.228855      0.0523745
          15700       0.119504      -0.488884       0.239008
          15800       0.432648      -0.930213       0.865295
          15900       0.299238      -0.773612       0.598476
          16000       0.456263      -0.955263       0.912527
          16100       0.194399      -0.623537       0.388798
          16200      0.0157541      -0.177505      0.0315082
          16300      0.0191053      -0.195475      0.0382106
          16400      0.0394088      -0.280745      0.0788177
          16500      0.0230486      -0.214703      0.0460973
          16600      0.0761939      -0.390369       0.152388
          16700      0.0193121       -0.19653      0.0386242
          16800       0.170466      -0.583894       0.340932
          16900      0.0957682      -0.437649       0.191536
          17000      0.0550999      -0.331963         0.1102
          17100       0.129055      -0.508045        0.25811
          17200        0.13181       -0.51344        0.26362
          17300       0.211451       -0.65031       0.422903
          17400       0.367076      -0.856826       0.734151
          17500        0.31174      -0.789607        0.62348
          17600        0.19038      -0.617057        0.38076
          17700       0.306377      -0.782786       0.612753
          17800       0.435186      -0.932937       0.870371
          17900        0.27379      -0.739987       0.547581
          18000       0.227371      -0.674345       0.454742
          18100       0.313144      -0.791383       0.626287
          18200       0.162475      -0.570044       0.324951
          18300      0.0955778      -0.437214       0.191156
          18400     0.00323868     -0.0804821     0.00647737
          18500     0.00337915      0.0822089      0.0067583
          18600      0.0347518       0.263635      0.0695036
          18700      0.0360854       0.268646      0.0721708
          18800       0.119445       0.488764        0.23889
          18900       0.258601       0.719167       0.517202
          19000       0.457401       0.956453       0.914802
          19100       0.447488       0.946032       0.894976
          19200       0.523858        1.02358        1.04772
          19300       0.386978       0.879748       0.773957
          19400       0.587084        1.08359        1.17417
          19500       0.411999       0.907743       0.823998
          19600       0.459217        0.95835       0.918434
          19700       0.383008       0.875224       0.766017
          19800       0.302816       0.778223       0.605631
          19900       0.193833       0.622628       0.387666
          20000       0.110121       0.469299       0.220241
          20100      0.0393579       0.280563      0.0787158
          20200      0.0596747        0.34547       0.119349
          20300       0.148469       0.544921       0.296939
          20400      0.0804113       0.401027       0.160823
          20500     0.00392545      0.0886053      0.0078509
          20600     0.00492635      0.0992608      0.0098527
          20700      0.0036508     -0.0854494      0.0073016
          20800     0.00798963      -0.126409      0.0159793
          20900     0.00299856     -0.0774411     0.00599712
          21000       0.111927      -0.473132       0.223854
          21100       0.110679      -0.470486       0.221357
          21200       0.238553      -0.690729       0.477106
          21300      0.0537548      -0.327887        0.10751
          21400        0.13178      -0.513381        0.26356
          21500      0.0233775      -0.216229       0.046755
          21600     0.00076665     -0.0391574      0.0015333
          21700      0.0758101       0.389384        0.15162
          21800      0.0497872       0.315554      0.0995745
          21900       0.037371        0.27339       0.074742
          22000        0.03942       0.280785        0.07884
          22100      0.0512374       0.320117       0.102475
          22200     0.00853798      -0.130675       0.017076
          22300      0.0262235       0.229013      0.0524471
          22400     1.7807e-05    -0.00596774     3.5614e-05
          22500      0.0103232      -0.143689      0.0206465
          22600      0.0397111       -0.28182      0.0794223
          22700    2.68427e-06     0.00231701    5.36853e-06
          22800      0.0320845       0.253316      0.0641689
          22900      0.0260917       0.228437      0.0521835
          23000      0.0202691       0.201341      0.0405383
          23100      0.0969571       0.440357       0.193914
          23200       0.177464       0.595759       0.354929
          23300       0.284154       0.753862       0.568307
          23400       0.192778       0.620932       0.385556
          23500       0.172567       0.587481       0.345134
          23600       0.145442       0.539336       0.290883
          23700       0.113698       0.476861       0.227396
          23800       0.101187        0.44986       0.202374
          23900       0.141606       0.532177       0.283213
          24000      0.0581528       0.341036       0.116306
          24100       0.231641       0.680648       0.463281
          24200       0.260635       0.721991       0.521271
          24300       0.271562       0.736969       0.543124
          24400       0.474994       0.974673       0.949987
          24500       0.246092       0.701558       0.492184
          24600       0.153124       0.553396       0.306247
          24700      0.0502448       0.317001        0.10049
          24800      0.0592011       0.344096       0.118402
          24900       0.226989       0.673778       0.453977
          25000       0.298467       0.772615       0.596934
          25100       0.386352       0.879035       0.772703
          25200      0.0866246       0.416232       0.173249
          25300       0.131416       0.512672       0.262833
          25400       0.146499       0.541294       0.292999
          25500       0.110023        0.46909       0.220046
          25600      0.0832657       0.408083       0.166531
          25700      0.0375378       0.273999      0.0750755
          25800       0.225796       0.672006       0.451592
          25900       0.202443       0.636306       0.404886
          26000       0.122164       0.494296       0.244328
          26100       0.272065       0.737652        0.54413
          26200       0.290083       0.761686       0.580165
          26300        0.20788       0.644794        0.41576
          26400       0.178904       0.598171       0.357809
          26500       0.212606       0.652083       0.425212
          26600      0.0751675       0.387731       0.150335
          26700        0.16962       0.582444        0.33924
          26800      0.0623349       0.353086        0.12467
          26900      0.0455856       0.301946      0.0911712
          27000       0.132109       0.514021       0.264218
          27100      0.0956331        0.43734       0.191266
          27200      0.0462983       0.304297      0.0925967
          27300       0.315253       0.794044       0.630506
          27400       0.348566       0.834944       0.697131
          27500       0.432659       0.930224       0.865317
          27600       0.318939       0.798672       0.637877
          27700       0.327815        0.80971        0.65563
          27800        0.20871        0.64608        0.41742
          27900      0.0757675       0.389275       0.151535
          28000      0.0225461       0.212349      0.0450923
          28100      0.0633373       0.355914       0.126675
          28200    0.000851878     -0.0412766     0.00170376
          28300    0.000776232     -0.0394013     0.00155246
          28400     0.00713335      -0.119443      0.0142667
          28500      0.0820706      -0.405143       0.164141
          28600      0.0203332      -0.201659      0.0406664
          28700    2.73758e-05    -0.00739943    5.47516e-05
          28800      0.0106495      -0.145942       0.021299
          28900      0.0549677      -0.331565       0.109935
          29000    9.97245e-05     -0.0141226    0.000199449
          29100     0.00838658      -0.129511      0.0167732
          29200     0.00502102       -0.10021       0.010042
          29300     0.00168265      0.0580112      0.0033653
          29400       0.023145       0.215151      0.0462899
          29500      0.0102925       0.143475       0.020585
          29600     0.00098215      0.0443204      0.0019643
          29700     0.00476186     -0.0975895     0.00952372
          29800     0.00630692       0.112311      0.0126138
          29900     0.00539256       0.103851      0.0107851
          30000      0.0595511       0.345112       0.119102
          30100      0.0636194       0.356705       0.127239
          30200      0.0881193       0.419808       0.176239
          30300      0.0832504       0.408045       0.166501
          30400      0.0578329       0.340097       0.115666
          30500      0.0996307       0.446387       0.199261
          30600      0.0344133       0.262348      0.0688266
          30700      0.0306915       0.247756       0.061383
          30800      0.0763447       0.390755       0.152689
          30900      0.0807616       0.401899       0.161523
          31000      0.0633992       0.356088       0.126798
          31100       0.126495       0.502982       0.252991
          31200       0.072025       0.379539        0.14405
          31300      0.0205022       0.202495      0.0410043
          31400    1.16047e-06    -0.00152346    2.32094e-06
          31500      0.0130549       0.161585      0.0261098
          31600    0.000835771     -0.0408845     0.00167154
          31700      0.0210836      -0.205347      0.0421672
          31800    0.000135249      0.0164468    0.000270498
          31900      0.0637592      -0.357097       0.127518
          32000      0.0118539      -0.153973      0.0237077
          32100      0.0952114      -0.436375       0.190423
          32200       0.101881        -0.4514       0.203762
          32300       0.029112      -0.241297       0.058224
          32400     0.00152379     -0.0552049     0.00304758
          32500      0.0397426      -0.281931      0.0794853
          32600       0.018555       -0.19264        0.03711
          32700      0.0425821      -0.291829      0.0851642
          32800       0.113919      -0.477323       0.227837
          32900       0.113273      -0.475968       0.226546
          33000      0.0113972      -0.150978      0.0227943
          33100     0.00669384       0.115705      0.0133877
          33200       0.108343       0.465495       0.216685
          33300      0.0453144       0.301046      0.0906288
          33400     0.00216109      0.0657433     0.00432218
          33500       0.039769       0.282025       0.079538
          33600    0.000168044     -0.0183327    0.000336088
          33700     0.00320727      0.0800908     0.00641454
          33800      0.0117697       0.153426      0.0235394
          33900     0.00287476      0.0758256     0.00574953
          34000     0.00169708     -0.0582595     0.00339417
          34100     0.00576452      -0.107373       0.011529
          34200       0.007073       0.118937       0.014146
          34300     0.00237982      0.0689901     0.00475963
          34400      0.0144416        0.16995      0.0288831
          34500     0.00231483      0.0680416     0.00462966
          34600     0.00881061       0.132745      0.0176212
          34700     0.00069334     -0.0372382     0.00138668
          34800     0.00581748      -0.107865       0.011635
          34900      0.0060073      -0.109611      0.0120146
          35000       0.111317       -0.47184       0.222633
          35100       0.154383      -0.555667       0.308766
          35200       0.074047       -0.38483       0.148094
          35300       0.127722      -0.505415       0.255444
          35400     0.00788192      -0.125554      0.0157638
          35500     0.00886174        0.13313      0.0177235
          35600      0.0238479       0.218394      0.0476958
          35700      0.0276465       0.235145       0.055293
          35800       0.158221       0.562531       0.316441
          35900      0.0474001       0.307897      0.0948003
          36000      0.0781963       0.395465       0.156393
          36100      0.0320468       0.253167      0.0640937
          36200         0.1045       0.457166       0.209001
          36300       0.077181       0.392889       0.154362
          36400       0.186525       0.610778        0.37305
          36500       0.241939       0.695614       0.483878
          36600        0.23476       0.685216       0.469521
          36700       0.215095       0.655889       0.430191
          36800       0.312454       0.790511       0.624908
          36900       0.223709       0.668894       0.447419
          37000       0.308458        0.78544       0.616916
          37100       0.204122       0.638939       0.408244
          37200       0.120458       0.490832       0.240916
          37300        0.12019       0.490286        0.24038
          37400       0.332761       0.815795       0.665522
          37500       0.478982       0.978756       0.957963
          37600       0.288269       0.759301       0.576538
          37700       0.568842        1.06662        1.13768
          37800        0.52176        1.02153        1.04352
          37900        1.00033        1.41445        2.00066
          38000        1.01831        1.42711        2.03663
          38100       0.796558        1.26219        1.59312
          38200        1.14976        1.51642        2.29953
          38300       0.936172        1.36834        1.87234
          38400       0.691086        1.17566        1.38217
          38500       0.313556       0.791904       0.627112
          38600       0.219641       0.662784       0.439282
          38700       0.221139       0.665039       0.442277
          38800       0.442917       0.941188       0.885834
          38900       0.163332       0.571545       0.326664
          39000       0.175027       0.591654       0.350055
          39100       0.210045       0.648144        0.42009
          39200       0.295371       0.768597       0.590741
          39300       0.232981       0.682614       0.465962
          39400        0.26739       0.731286       0.534779
          39500       0.107371       0.463403       0.214743
          39600      0.0523332       0.323522       0.104666
          39700      0.0597311       0.345633       0.119462
          39800      0.0240072       0.219122      0.0480144
          39900      0.0364902       0.270149      0.0729805
          40000      0.0239044       0.218652      0.0478087
          40100      0.0263526       0.229576      0.0527052
          40200      0.0633968       0.356081       0.126794
          40300      0.0500483        0.31638       0.100097
          40400      0.0647445       0.359846       0.129489
          40500      0.0621514       0.352566       0.124303
          40600       0.137257       0.523941       0.274514
          40700        0.19451       0.623715       0.389021
          40800      0.0592899       0.344354        0.11858
          40900      0.0984932       0.443832       0.196986
          41000       0.138019       0.525393       0.276038
          41100       0.133289       0.516312       0.266578
          41200       0.155721       0.558069       0.311441
          41300      0.0728514        0.38171       0.145703
          41400      0.0204068       0.202024      0.0408136
          41500      0.0041487      0.0910901     0.00829741
          41600      0.0261092       0.228513      0.0522183
          41700      0.0142581       0.168867      0.0285162
          41800      0.0138132       0.166212      0.0276265
          41900      0.0517269       0.321642       0.103454
          42000       0.375878       0.867039       0.751756
          42100       0.388029       0.880941       0.776057
          42200       0.493732       0.993712       0.987464
          42300       0.446527       0.945015       0.893054
          42400       0.121146       0.492232       0.242293
          42500      0.0865112        0.41596       0.173022
          42600      0.0096832       0.139163      0.0193664
          42700      0.0277834       0.235726      0.0555667
          42800     0.00216963      0.0658731     0.00433926
          42900     0.00983441      -0.140246      0.0196688
          43000      0.0246111      -0.221861      0.0492222
          43100       0.031239      -0.249956       0.062478
          43200       0.127859      -0.505685       0.255718
          43300       0.110063      -0.469176       0.220126
          43400      0.0503566      -0.317353       0.100713
          43500        0.10028       -0.44784       0.200561
          43600       0.223598      -0.668727       0.447196
          43700       0.139754      -0.528686       0.279509
          43800       0.316626      -0.795771       0.633251
          43900       0.374797      -0.865791       0.749594
          44000       0.191909       -0.61953       0.383818
          44100       0.205942      -0.641782       0.411884
          44200      0.0559077      -0.334388       0.111815
          44300      0.0209798       -0.20484      0.0419596
          44400      0.0583142      -0.341509       0.116628
          44500      0.0156537      -0.176939      0.0313074
          44600      0.0131071      -0.161908      0.0262142
          44700    0.000715672     -0.0378331     0.00143134
          44800      0.0162875       0.180485       0.032575
          44900     1.1594e-05    -0.00481538    2.31879e-05
          45000     0.00637821      -0.112944      0.0127564
          45100     0.00101821     -0.0451267     0.00203641
          45200       0.020732      -0.203627       0.041464
          45300       0.106027      -0.460494       0.212055
          45400     0.00120329     -0.0490568     0.00240657
          45500     0.00477061     -0.0976792     0.00954123
          45600      0.0131293      -0.162045      0.0262586
          45700      0.0970057      -0.440467       0.194011
          45800        0.13661      -0.522705       0.273221
          45900       0.228122      -0.675458       0.456244
          46000       0.218731      -0.661409       0.437461
          46100       0.218641      -0.661272       0.437281
          46200       0.626762       -1.11961        1.25352
          46300       0.362236      -0.851159       0.724471
          46400       0.116767      -0.483253       0.233534
          46500       0.103758      -0.455538       0.207515
          46600       0.123525      -0.497042       0.247051
          46700         0.1758      -0.592959       0.351601
          46800       0.117589      -0.484953       0.235179
          46900      0.0960403       -0.43827       0.192081
          47000      0.0814801      -0.403683        0.16296
          47100       0.037585      -0.274171        0.07517
          47200       0.184277      -0.607086       0.368553
          47300       0.175429      -0.592332       0.350858
          47400      0.0492311      -0.313787      0.0984623
          47500       0.088543      -0.420816       0.177086
          47600       0.120024      -0.489947       0.240048
          47700      0.0991114      -0.445222       0.198223
          47800        0.31386      -0.792288       0.627721
          47900       0.355417      -0.843109       0.710833
          48000       0.371057       -0.86146       0.742113
          48100       0.271845      -0.737353        0.54369
          48200       0.464837      -0.964196       0.929674
          48300       0.499176      -0.999176       0.998352
          48400       0.495749       -0.99574       0.991497
          48500       0.285933      -0.756218       0.571866
          48600       0.249888      -0.706948       0.499776
          48700       0.386841      -0.879592       0.773683
          48800       0.493621      -0.993601       0.987243
          48900       0.266422      -0.729962       0.532845
          49000       0.204323      -0.639254       0.408646
          49100      0.0288332      -0.240138      0.0576663
          49200     0.00779722      -0.124878      0.0155944
          49300     0.00929086      -0.136315      0.0185817
          49400    3.25654e-06     0.00255207    6.51307e-06
          49500       0.112265      -0.473846        0.22453
          49600     0.00137907     -0.0525181     0.00275815
          49700      0.0100734        0.14194      0.0201469
          49800    4.13275e-05     0.00909148     8.2655e-05
          49900     0.00739328         0.1216      0.0147866
          50000     0.00155564     -0.0557789     0.00311128
          50100      0.0195901       -0.19794      0.0391801
          50200      0.0259504      -0.227817      0.0519007
          50300       0.058277        -0.3414       0.116554
          50400       0.118721      -0.487281       0.237443
          50500      0.0620735      -0.352345       0.124147
          50600      0.0110294      -0.148522      0.0220589
          50700       0.124729      -0.499459       0.249459
          50800       0.241625      -0.695161       0.483249
          50900       0.162337      -0.569801       0.324673
          51000       0.273887      -0.740117       0.547773
          51100       0.156457      -0.559387       0.312914
          51200       0.292536        -0.7649       0.585073
          51300       0.199647      -0.631898       0.399295
          51400      0.0616218      -0.351061       0.123244
          51500        0.14408      -0.536806        0.28816
          51600       0.119915      -0.489724        0.23983
          51700       0.169094      -0.581539       0.338187
          51800         0.4879      -0.987826         0.9758
          51900        0.39615      -0.890112         0.7923
          52000       0.136684      -0.522846       0.273368
          52100       0.260195       -0.72138        0.52039
          52200        0.21295      -0.652611       0.425901
          52300      0.0467512      -0.305781      0.0935023
          52400     0.00277176     -0.0744548     0.00554351
          52500     0.00919127      -0.135582      0.0183825
          52600     0.00130032     -0.0509965     0.00260064
          52700    0.000947607     -0.0435341     0.00189521
          52800      0.0189264      -0.194558      0.0378528
          52900      0.0711173       -0.37714       0.142235
          53000      0.0692413      -0.372133       0.138483
          53100       0.124281      -0.498561       0.248563
          53200       0.107471      -0.463619       0.214943
          53300      0.0165755      -0.182074       0.033151
          53400     0.00809251       -0.12722       0.016185
          53500    0.000348847     -0.0264139    0.000697695
          53600     0.00535167       0.103457      0.0107033
          53700      0.0124084      -0.157533      0.0248167
          53800    0.000810239      0.0402552     0.00162048
          53900      0.0140438      -0.167594      0.0280876
          54000       0.046349      -0.304463      0.0926979
          54100      0.0289577      -0.240656      0.0579154
          54200     0.00617786      -0.111156      0.0123557
          54300      0.0131142      -0.161952      0.0262284
          54400    0.000722537      0.0380141     0.00144507
          54500     0.00618003       0.111176      0.0123601
          54600     0.00773886       -0.12441      0.0154777
          54700      0.0388204      -0.278641      0.0776409
          54800       0.064978      -0.360494       0.129956
          54900       0.042736      -0.292356       0.085472
          55000       0.117583       -0.48494       0.235166
          55100     0.00307936     -0.0784775     0.00615872
          55200      0.0103444      -0.143836      0.0206889
          55300       0.171314      -0.585345       0.342629
          55400       0.134513      -0.518678       0.269026
          55500      0.0529167      -0.325321       0.105833
          55600      0.0284828      -0.238674      0.0569655
          55700      0.0312437      -0.249975      0.0624874
          55800    0.000294945     -0.0242877     0.00058989
          55900    8.19126e-05     -0.0127994    0.000163825
          56000       0.013665       0.165318      0.0273301
          56100      0.0384312       0.277241      0.0768625
          56200      0.0682639       0.369497       0.136528
          56300       0.077068       0.392602       0.154136
          56400       0.118301       0.486418       0.236603
          56500       0.115229       0.480061       0.230458
          56600      0.0641882       0.358297       0.128376
          56700      0.0133054       0.163128      0.0266109
          56800      0.0445405       0.298464       0.089081
          56900     0.00117939      0.0485673     0.00235879
          57000       0.021836       0.208978       0.043672
          57100    0.000939244      0.0433415     0.00187849
          57200     0.00166079     -0.0576332     0.00332158
          57300      0.0794745      -0.398684       0.158949
          57400      0.0290999      -0.241246      0.0581998
          57500     0.00727875      -0.120654      0.0145575
          57600      0.0578567      -0.340167       0.115713
          57700       0.187572      -0.612491       0.375145
          57800       0.370155      -0.860413        0.74031
          57900       0.329758      -0.812106       0.659517
          58000       0.119218      -0.488299       0.238436
          58100      0.0396282      -0.281525      0.0792565
          58200    0.000982878     -0.0443368     0.00196576
          58300      0.0157615      -0.177547       0.031523
          58400     0.00024686      0.0222198    0.000493721
          58500     0.00683391       0.116909      0.0136678
          58600      0.0947379       0.435288       0.189476
          58700      0.0495492       0.314799      0.0990984
          58800     0.00183091      0.0605129     0.00366181
          58900     0.00219905      0.0663182     0.00439811
          59000      0.0030196      0.0777123      0.0060392
          59100      0.0782828       0.395684       0.156566
          59200      0.0510966       0.319677       0.102193
          59300        0.01147       0.151459      0.0229399
          59400      0.0186362       0.193061      0.0372725
          59500        0.11979       0.489469        0.23958
          59600       0.348257       0.834574       0.696513
          59700       0.495866       0.995858       0.991732
          59800       0.187947       0.613102       0.375894
          59900       0.116515       0.482733       0.233031
          60000       0.175264       0.592054       0.350528
          60100      0.0419747        0.28974      0.0839494
          60200       0.123704       0.497401       0.247407
          60300       0.177109       0.595163       0.354219
          60400       0.105082       0.458437       0.210165
          60500       0.167338       0.578513       0.334677
          60600        0.18152       0.602529       0.363041
          60700       0.107397       0.463458       0.214793
          60800       0.117841       0.485471       0.235682
          60900       0.189164       0.615084       0.378328
          61000       0.220333       0.663826       0.440665
          61100       0.102291       0.452308       0.204582
          61200      0.0756562       0.388989       0.151312
          61300     0.00762007       0.123451      0.0152401
          61400     0.00071708      0.0378703     0.00143416
          61500     0.00484219     -0.0984093     0.00968438
          61600    1.23422e-06     0.00157113    2.46845e-06
          61700    0.000738386     -0.0384288     0.00147677
          61800      0.0147091       0.171517      0.0294182
          61900       0.023997       0.219075       0.047994
          62000    0.000233023     -0.0215881    0.000466047
          62100     0.00140116      0.0529369     0.00280231
          62200    0.000123985      -0.015747    0.000247969
          62300     0.00619136       0.111278      0.0123827
          62400    0.000651052      0.0360847      0.0013021
          62500      0.0226803        0.21298      0.0453607
          62600      0.0245948      -0.221787      0.0491896
          62700      0.0119366      -0.154509      0.0238732
          62800      0.0497968      -0.315585      0.0995937
          62900       0.301634      -0.776703       0.603268
          63000       0.147931      -0.543933       0.295863
          63100       0.141877      -0.532686       0.283755
          63200       0.180321      -0.600535       0.360642
          63300       0.172866       -0.58799       0.345732
          63400       0.153382      -0.553862       0.306764
          63500       0.224862      -0.670615       0.449724
          63600       0.327984      -0.809918       0.655967
          63700       0.146164      -0.540673       0.292327
          63800      0.0698876      -0.373865       0.139775
          63900      0.0041563     -0.0911735     0.00831261
          64000    0.000174648      0.0186895    0.000349296
          64100     0.00438431      0.0936409     0.00876862
          64200     0.00858437       -0.13103      0.0171687
          64300      0.0105102       0.144984      0.0210203
          64400     0.00185213      0.0608627     0.00370426
          64500     0.00744138      -0.121995      0.0148828
          64600      0.0305754      -0.247287      0.0611508
          64700     0.00497652     -0.0997649     0.00995304
          64800      0.0160056      -0.178917      0.0320112
          64900      0.0232697        0.21573      0.0465393
          65000     0.00967249       0.139086       0.019345
          65100      0.0128604       0.160377      0.0257208
          65200     0.00713043       0.119419      0.0142609
          65300     0.00387502      0.0880343     0.00775003
          65400       0.110111       0.469278       0.220221
          65500      0.0789819       0.397447       0.157964
          65600      0.0940417       0.433686       0.188083
          65700      0.0694286       0.372636       0.138857
          65800       0.125033       0.500067       0.250067
          65900       0.112211       0.473733       0.224423
          66000       0.170507       0.583963       0.341013
          66100       0.105124       0.458528       0.210248
          66200       0.133414       0.516554       0.266828
          66300       0.125919       0.501834       0.251838
          66400      0.0547332       0.330857       0.109466
          66500      0.0458354       0.302772      0.0916709
          66600       0.128935       0.507809        0.25787
          66700      0.0750805       0.387506       0.150161
          66800     0.00500542       0.100054      0.0100108
          66900      0.0153799       0.175385      0.0307597
          67000      0.0019998      0.0632423     0.00399959
          67100      0.0180387       0.189941      0.0360774
          67200      0.0200623       0.200311      0.0401246
          67300      0.0471541       0.307096      0.0943082
          67400      0.0775609       0.393855       0.155122
          67500      0.0819429       0.404828       0.163886
          67600      0.0694641       0.372731       0.138928
          67700      0.0965471       0.439425       0.193094
          67800     0.00186439     -0.0610638     0.00372878
          67900       0.100816      -0.449034       0.201631
          68000      0.0375062      -0.273884      0.0750125
          68100    1.95627e-05    -0.00625503    3.91254e-05
          68200      0.0252991        0.22494      0.0505982
          68300     0.00450556     -0.0949269     0.00901112
          68400      0.0134243      -0.163855      0.0268485
          68500      0.0796639      -0.399159       0.159328
          68600       0.197113      -0.627874       0.394226
          68700       0.054537      -0.330264       0.109074
          68800       0.086131      -0.415045       0.172262
          68900      0.0369476      -0.271837      0.0738952
          69000     0.00697877      -0.118142      0.0139575
          69100    0.000130197     -0.0161367    0.000260394
          69200      0.0159343       0.178518      0.0318686
          69300      0.0318856        0.25253      0.0637712
          69400       0.145762       0.539929       0.291523
          69500       0.369249       0.859359       0.738498
          69600       0.105541       0.459438       0.211083
          69700      0.0520102       0.322522        0.10402
          69800      0.0613815       0.350375       0.122763
          69900     0.00205454      0.0641021     0.00410908
          70000      0.0136887       0.165461      0.0273774
          70100     0.00732637       0.121048      0.0146527
          70200      0.0662301       0.363951        0.13246
          70300      0.0953743       0.436748       0.190749
          70400       0.109307       0.467562       0.218614
          70500       0.101782        0.45118       0.203564
          70600    8.15534e-05      0.0127713    0.000163107
          70700     0.00045917     -0.0303041     0.00091834
          70800      0.0091963       0.135619      0.0183926
          70900       0.109024       0.466956       0.218048
          71000       0.227305       0.674248        0.45461
          71100       0.176084       0.593437       0.352168
          71200       0.359515       0.847956        0.71903
          71300       0.384221       0.876608       0.768442
          71400       0.077408       0.393467       0.154816
          71500       0.121053       0.492042       0.242105
          71600       0.224741       0.670434       0.449482
          71700       0.610555        1.10504        1.22111
          71800       0.760569        1.23334        1.52114
          71900       0.294807       0.767863       0.589614
          72000       0.368426       0.858401       0.736852
          72100       0.322454       0.803061       0.644908
          72200       0.431625       0.929113        0.86325
          72300       0.319325       0.799155       0.638649
          72400      0.0913384       0.427407       0.182677
          72500        0.09994       0.447079        0.19988
          72600     0.00316327     -0.0795395     0.00632654
          72700     0.00135326     -0.0520242     0.00270652
          72800      0.0074009       0.121663      0.0148018
          72900      0.0213822       0.206796      0.0427645
          73000       0.105302       0.458917       0.210605
          73100       0.223392       0.668419       0.446784
          73200      0.0979963       0.442711       0.195993
          73300       0.048361       0.311002       0.096722
          73400      0.0199223       0.199611      0.0398446
          73500     0.00674453       0.116142      0.0134891
          73600     0.00726138        0.12051      0.0145228
          73700      0.0423706       0.291104      0.0847413
          73800    0.000152318      0.0174538    0.000304636
          73900      0.0147508       -0.17176      0.0295016
          74000      0.0578393      -0.340116       0.115679
          74100        0.07736      -0.393345        0.15472
          74200      0.0341976      -0.261525      0.0683952
          74300       0.158477      -0.562987       0.316955
          74400        0.14357      -0.535855        0.28714
          74500        0.14672      -0.541701        0.29344
          74600        0.11634      -0.482368       0.232679
          74700        0.10529      -0.458889       0.210579
          74800      0.0261815       -0.22883       0.052363
          74900      0.0123262      -0.157011      0.0246523
          75000      0.0549589      -0.331538       0.109918
          75100      0.0985103       -0.44387       0.197021
          75200      0.0222805      -0.211095       0.044561
          75300      0.0258887      -0.227546      0.0517774
          75400      0.0336892      -0.259574      0.0673785
          75500      0.0301585      -0.245595       0.060317
          75600      0.0565488         0.3363       0.113098
          75700      0.0396757       0.281694      0.0793514
          75800      0.0969151       0.440262        0.19383
          75900    0.000669108      0.0365816     0.00133822
          76000      0.0582661      -0.341368       0.116532
          76100       0.205107      -0.640479       0.410213
          76200       0.232598      -0.682053       0.465196
          76300      0.0833887      -0.408384       0.166777
          76400      0.0872841      -0.417814       0.174568
          76500    4.38276e-05    -0.00936244    8.76552e-05
          76600      0.0134732      -0.164153      0.0269463
          76700       0.024428      -0.221034      0.0488561
          76800      0.0014405     -0.0536749       0.002881
          76900     0.00209093      0.0646673     0.00418186
          77000      0.0264068      -0.229812      0.0528136
          77100      0.0590357      -0.343615       0.118071
          77200     0.00112555     -0.0474457     0.00225109
          77300      0.0117245       0.153131      0.0234491
          77400      0.0521922       0.323086       0.104384
          77500       0.139546       0.528292       0.279092
          77600      0.0546445       0.330589       0.109289
          77700       0.153434       0.553957       0.306868
          77800      0.0983793       0.443575       0.196759
          77900      0.0487763       0.312334      0.0975526
          78000       0.222395       0.666926        0.44479
          78100      0.0652012       0.361113       0.130402
          78200      0.0224479       0.211886      0.0448958
          78300     0.00117111      0.0483964     0.00234221
          78400      0.0291872      -0.241608      0.0583744
          78500      0.0135752      -0.164774      0.0271503
          78600      0.0326553      -0.255559      0.0653106
          78700      0.0290408      -0.241001      0.0580817
          78800       0.177158      -0.595244       0.354316
          78900      0.0597757      -0.345762       0.119551
          79000      0.0528382      -0.325079       0.105676
          79100      0.0497741      -0.315513      0.0995483
          79200       0.127553       -0.50508       0.255106
          79300       0.138693      -0.526674       0.277386
          79400       0.131624      -0.513077       0.263248
          79500       0.168959      -0.581307       0.337917
          79600       0.100424       -0.44816       0.200848
          79700       0.217606      -0.659705       0.435211
          79800       0.297534      -0.771407       0.595069
          79900       0.156316      -0.559135       0.312632
          80000      0.0530529      -0.325739       0.106106
          80100       0.100285       -0.44785       0.200569
          80200        0.13615      -0.521824       0.272301
          80300       0.110515      -0.470138        0.22103
          80400      0.0691281      -0.371828       0.138256
          80500     0.00940702      -0.137164       0.018814
          80600        0.00101      0.0449443     0.00201999
          80700     0.00979707      -0.139979      0.0195941
          80800       0.109349      -0.467652       0.218698
          80900      0.0890933      -0.422121       0.178187
          81000      0.0395193      -0.281138      0.0790387
          81100    0.000188248     -0.0194035    0.000376495
          81200      0.0276359       0.235099      0.0552718
          81300      0.0687497       0.370809       0.137499
          81400       0.269162       0.733705       0.538324
          81500      0.0821292       0.405288       0.164258
          81600       0.230292       0.678663       0.460584
          81700       0.198026       0.629327       0.396053
          81800       0.217035        0.65884        0.43407
          81900       0.113037       0.475473       0.226075
          82000      0.0409139       0.286055      0.0818277
          82100       0.104894       0.458026       0.209788
          82200       0.105489       0.459323       0.210977
          82300       0.101584       0.450742       0.203168
          82400       0.170706       0.584304       0.341411
          82500      0.0425603       0.291754      0.0851207
          82600      0.0896673       0.423479       0.179335
          82700      0.0787333       0.396821       0.157467
          82800       0.031436       0.250743       0.062872
          82900       0.021165       0.205743      0.0423301
          83000     0.00245853      0.0701218     0.00491706
          83100     0.00469037      0.0968542     0.00938073
          83200      0.0312523       0.250009      0.0625047
          83300     0.00613929       0.110809      0.0122786
          83400       0.125841        0.50168       0.251682
          83500       0.205527       0.641135       0.411054
          83600       0.217398       0.659391       0.434796
          83700      0.0393089       0.280389      0.0786177
          83800      0.0878856       0.419251       0.175771
          83900      0.0546923       0.330733       0.109385
          84000      0.0727288       0.381389       0.145458
          84100     0.00048118      0.0310219     0.00096236
          84200     0.00194798      0.0624176     0.00389596
          84300     0.00311161     -0.0788874     0.00622321
          84400      0.0214264      -0.207009      0.0428529
          84500    0.000255864      0.0226214    0.000511727
          84600      0.0491903       0.313657      0.0983805
          84700    0.000463471      0.0304457    0.000926941
          84800     0.00783167       0.125153      0.0156633
          84900       0.126751      -0.503489       0.253501
          85000       0.164193      -0.573049       0.328386
          85100      0.0832121      -0.407951       0.166424
          85200      0.0230966      -0.214926      0.0461932
          85300      0.0328527      -0.256331      0.0657055
          85400      0.0916918      -0.428233       0.183384
          85500       0.181714      -0.602849       0.363427
          85600       0.102545      -0.452868       0.205089
          85700       0.116531      -0.482766       0.233063
          85800       0.181809      -0.603007       0.363617
          85900       0.153508      -0.554091       0.307017
          86000       0.157493      -0.561236       0.314986
          86100       0.300479      -0.775214       0.600957
          86200       0.377026      -0.868362       0.754052
          86300       0.201783      -0.635269       0.403566
          86400       0.252214      -0.710231       0.504429
          86500       0.183928      -0.606512       0.367857
          86600      0.0640226      -0.357834       0.128045
          86700       0.012589      -0.158676       0.025178
          86800       0.019871      -0.199354       0.039742
          86900      0.0281846      -0.237422      0.0563692
          87000      0.0433412      -0.294419      0.0866823
          87100      0.0359703      -0.268217      0.0719405
          87200      0.0539131      -0.328369       0.107826
          87300      0.0597767      -0.345765       0.119553
          87400      0.0659695      -0.363234       0.131939
          87500      0.0562272      -0.335342       0.112454
          87600      0.0669479      -0.365918       0.133896
          87700       0.131688      -0.513202       0.263376
          87800       0.261288      -0.722894       0.522576
          87900       0.100276      -0.447831       0.200553
          88000      0.0744346      -0.385836       0.148869
          88100      0.0560887      -0.334929       0.112177
          88200       0.135104      -0.519815       0.270208
          88300      0.0752631      -0.387977       0.150526
          88400       0.104111      -0.456313       0.208221
          88500      0.0937887      -0.433102       0.187577
          88600     0.00384403     -0.0876816     0.00768807
          88700       0.171153      -0.585069       0.342306
          88800       0.177696      -0.596147       0.355392
          88900      0.0829391      -0.407281       0.165878
          89000      0.0102756      -0.143357      0.0205513
          89100      0.0118699      -0.154077      0.0237397
          89200     0.00997074      -0.141214      0.0199415
          89300      0.0531921      -0.326166       0.106384
          89400      0.0526627      -0.324539       0.105325
          89500       0.271224      -0.736511       0.542448
          89600       0.140973      -0.530987       0.281947
          89700      0.0462316      -0.304078      0.0924632
          89800      0.0903283      -0.425037       0.180657
          89900     0.00354442      0.0841953     0.00708885
          90000      0.0410904       0.286672      0.0821809
          90100      0.0754813       0.388539       0.150963
          90200       0.108441       0.465705       0.216882
          90300       0.130347       0.510581       0.260693
          90400      0.0269222       0.232044      0.0538444
          90500      0.0553237       0.332637       0.110647
          90600      0.0146238       0.171019      0.0292476
          90700      0.0332787       0.257987      0.0665574
          90800      0.0273102        0.23371      0.0546204
          90900       0.175476       0.592412       0.350952
          91000       0.143765       0.536219       0.287531
          91100       0.016061       0.179226       0.032122
          91200       0.125171       0.500341       0.250342
          91300        0.16621        0.57656       0.332421
          91400       0.153028       0.553224       0.306057
          91500       0.251238       0.708855       0.502476
          91600      0.0553371       0.332677       0.110674
          91700      0.0123285       0.157026       0.024657
          91800     0.00591991       0.108811      0.0118398
          91900      0.0194647       0.197305      0.0389293
          92000      0.0019768      0.0628776     0.00395359
          92100      0.0101479       0.142463      0.0202958
          92200      0.0996021       0.446323       0.199204
          92300       0.150834       0.549243       0.301668
          92400       0.229667       0.677741       0.459334
          92500     0.00936427       0.136852      0.0187285
          92600      0.0251085       0.224092      0.0502171
          92700       0.134831        0.51929       0.269662
          92800      0.0410036       0.286369      0.0820072
          92900      0.0690276       0.371558       0.138055
          93000      0.0308248       0.248293      0.0616496
          93100     0.00269113      -0.073364     0.00538227
          93200        0.05377      -0.327933        0.10754
          93300       0.115384      -0.480384       0.230769
          93400      0.0384935      -0.277465      0.0769869
          93500       0.112547       -0.47444       0.225093
          93600      0.0526429      -0.324478       0.105286
          93700      0.0575315      -0.339209       0.115063
          93800       0.322269      -0.802831       0.644538
          93900       0.161342      -0.568053       0.322684
          94000       0.055653      -0.333626       0.111306
          94100      0.0252908      -0.224904      0.0505816
          94200      0.0141264      -0.168086      0.0282528
          94300    2.79737e-05    -0.00747979    5.59473e-05
          94400      0.0491741      -0.313605      0.0983483
          94500      0.0731205      -0.382415       0.146241
          94600       0.205983      -0.641846       0.411966
          94700       0.162639      -0.570331       0.325277
          94800       0.126167      -0.502329       0.252335
          94900       0.157023      -0.560398       0.314045
          95000        0.20943      -0.647193       0.418859
          95100      0.0880932      -0.419746       0.176186
          95200      0.0154679      -0.175886      0.0309358
          95300     0.00994268      -0.141015      0.0198854
          95400      0.0299247      -0.244641      0.0598495
          95500      0.0288449       0.240187      0.0576898
          95600       0.031121       0.249483      0.0622419
          95700       0.103423       0.454802       0.206845
          95800      0.0958961       0.437941       0.191792
          95900       0.126676        0.50334       0.253351
          96000       0.199911       0.632315       0.399822
          96100        0.16781       0.579327        0.33562
          96200       0.219994       0.663317       0.439989
          96300       0.258403       0.718892       0.516806
          96400      0.0832616       0.408073       0.166523
          96500      0.0412165       0.287111      0.0824329
          96600       0.064245       0.358455        0.12849
          96700      0.0351128       0.265001      0.0702256
          96800      0.0038402      0.0876379      0.0076804
          96900       0.108039       0.464841       0.216078
          97000      0.0293513       0.242286      0.0587026
          97100      0.0376883       0.274548      0.0753766
          97200      0.0195634       0.197805      0.0391267
          97300    0.000798425     -0.0399606     0.00159685
          97400      0.0302227      -0.245856      0.0604454
          97500      0.0398228      -0.282215      0.0796455
          97600      0.0633284      -0.355889       0.126657
          97700     0.00150902     -0.0549367     0.00301804
          97800    0.000305265      0.0247089     0.00061053
          97900     0.00469597       0.096912     0.00939194
          98000      0.0117484       0.153287      0.0234969
          98100     0.00437723      0.0935653     0.00875447
          98200      0.0089315      -0.133653       0.017863
          98300     0.00387882     -0.0880774     0.00775764
          98400     0.00106223     -0.0460918     0.00212446
          98500      0.0114555       0.151364      0.0229109
          98600       0.148086       0.544216       0.296171
          98700       0.056132       0.335058       0.112264
          98800      0.0798931       0.399733       0.159786
          98900       0.118291       0.486396       0.236581
          99000       0.125665       0.501327       0.251329
          99100       0.160034       0.565745       0.320067
          99200        0.23648       0.687721        0.47296
          99300       0.179166       0.598609       0.358332
          99400       0.134154       0.517985       0.268309
          99500       0.107957       0.464666       0.215914
          99600       0.293197       0.765764       0.586395
          99700       0.147333       0.542832       0.294667
          99800      0.0210801       0.205329      0.0421602
          99900       0.146737       0.541732       0.293473
         100000       0.220389       0.663911       0.440778
