              0      0.0191296        -0.1956      0.0382593
            100       0.189661      -0.615892       0.379322
            200      0.0019976     -0.0632076     0.00399519
            300    0.000379403     -0.0275464    0.000758807
            400     0.00356131     -0.0843956     0.00712262
            500       0.039122       0.279721      0.0782441
            600       0.378421      -0.869966       0.756841
            700      0.0061176       0.110613      0.0122352
            800     0.00985341       0.140381      0.0197068
            900      0.0233837      -0.216258      0.0467674
           1000    0.000233501      0.0216102    0.000467002
           1100      0.0363589       0.269662      0.0727179
           1200      0.0356869       0.267159      0.0713737
           1300    0.000439911      0.0296618    0.000879821
           1400      0.0463791       0.304562      0.0927582
           1500    9.92407e-05      0.0140883    0.000198481
           1600       0.337791       0.821938       0.675583
           1700        0.05198      -0.322428        0.10396
           1800       0.165779        0.57581       0.331558
           1900     0.00257731     -0.0717956     0.00515461
           2000      0.0474005       0.307898      0.0948009
           2100      0.0705715        0.37569       0.141143
           2200      0.0328306      -0.256244      0.0656612
           2300       0.152628      -0.552499       0.305255
           2400      0.0559558       0.334532       0.111912
           2500      0.0162728      -0.180404      0.0325457
           2600     0.00107862     -0.0464461     0.00215724
           2700      0.0694302       -0.37264        0.13886
           2800      0.0710662       0.377004       0.142132
           2900       0.155767      -0.558152       0.311534
           3000       0.267706       0.731719       0.535412
           3100     0.00196609      -0.062707     0.00393217
           3200        0.17444       -0.59066       0.348879
           3300       0.451257      -0.950008       0.902514
           3400      0.0969665      -0.440378       0.193933
           3500     0.00614875       0.110894      0.0122975
           3600      0.0705768      -0.375704       0.141154
           3700     0.00493854      0.0993835     0.00987708
           3800       0.155629       0.557905       0.311258
           3900      0.0703507      -0.375102       0.140701
           4000      0.0126303      -0.158936      0.0252606
           4100       0.259058       0.719803       0.518116
           4200    0.000373622      0.0273357    0.000747243
           4300      0.0208829      -0.204367      0.0417657
           4400        0.18812      -0.613385       0.376241
           4500       0.260273       0.721488       0.520546
           4600    0.000229505      0.0214245     0.00045901
           4700      0.0127935       0.159959       0.025587
           4800       0.168898      -0.581202       0.337796
           4900       0.613651        1.10784         1.2273
           5000       0.234478      -0.684803       0.468955
           5100      0.0242032       0.220015      0.0484065
           5200      0.0434963       0.294945      0.0869927
           5300       0.214389       0.654812       0.428779
           5400       0.127188       0.504356       0.254375
           5500      0.0021401     -0.0654233     0.00428021
           5600       0.513394       -1.01331        1.02679
           5700     0.00947668      -0.137671      0.0189534
           5800      0.0819957      -0.404959       0.163991
           5900      0.0799568      -0.399892       0.159914
           6000      0.0166006      -0.182212      0.0332012
           6100      0.0228827       0.213929      0.0457654
           6200     0.00605556       0.110051      0.0121111
           6300     0.00704762       0.118723      0.0140952
           6400     0.00391179       0.088451     0.00782359
           6500     1.9508e-06     0.00197525     3.9016e-06
           6600      0.0733778       0.383087       0.146756
           6700      0.0376872      -0.274544      0.0753744
           6800       0.337314       0.821357       0.674628
           6900       0.108427      -0.465676       0.216854
           7000     0.00168387     -0.0580322     0.00336774
           7100      0.0773321      -0.393274       0.154664
           7200      0.0130756      -0.161713      0.0261512
           7300     0.00425604     -0.0922609     0.00851208
           7400     0.00381579     -0.0873589     0.00763158
           7500      0.0935052       0.432447        0.18701
           7600        0.15767       0.561551       0.315339
           7700       0.169805       0.582761        0.33961
           7800    0.000262002     -0.0228911    0.000524004
           7900       0.194016       0.622922       0.388032
           8000      0.0292349      -0.241805      0.0584698
           8100     0.00633124      -0.112528      0.0126625
           8200     0.00622938      -0.111619      0.0124588
           8300      0.0772259      -0.393004       0.154452
           8400      0.0846647      -0.411496       0.169329
           8500      0.0448841      -0.299613      0.0897682
           8600      0.0645752      -0.359375        0.12915
           8700      0.0513425       0.320445       0.102685
           8800      0.0184463       0.192075      0.0368927
           8900      0.0642195       0.358384       0.128439
           9000      0.0604606       0.347737       0.120921
           9100      0.0352562       0.265542      0.0705124
           9200      0.0622037      -0.352714       0.124407
           9300        0.02789       0.236178        0.05578
           9400       0.342008       0.827052       0.684015
           9500      8.819e-05     -0.0132808     0.00017638
           9600       0.124855      -0.499711       0.249711
           9700       0.011501      -0.151664      0.0230021
           9800     0.00212649      0.0652149     0.00425298
           9900    0.000151268      0.0173936    0.000302537
          10000        0.47602       0.975726       0.952041
          10100       0.161235       0.567864        0.32247
          10200      0.0241866       0.219939      0.0483733
          10300      0.0602406       0.347104       0.120481
          10400      0.0265789       -0.23056      0.0531577
          10500    5.36477e-05      0.0103584    0.000107295
          10600      0.0725805         -0.381       0.145161
          10700       0.232097      -0.681317       0.464193
          10800     0.00993551       0.140965       0.019871
          10900       0.145523       0.539488       0.291047
          11000      0.0135252       -0.16447      0.0270504
          11100       0.331446      -0.814182       0.662892
          11200     0.00517028      -0.101688      0.0103406
          11300     0.00981176       0.140084      0.0196235
          11400       0.399395       -0.89375       0.798789
          11500    0.000545658      0.0330351     0.00109132
          11600      0.0411567      -0.286903      0.0823135
          11700      0.0685753      -0.370338       0.137151
          11800      0.0398049      -0.282152      0.0796098
          11900      0.0140843      -0.167835      0.0281686
          12000    0.000101812     -0.0142697    0.000203624
          12100      0.0846673       0.411503       0.169335
          12200     0.00628815       0.112144      0.0125763
          12300     0.00687063      -0.117223      0.0137413
          12400       0.514354       -1.01425        1.02871
          12500         0.6411        1.13234         1.2822
          12600      0.0397048      -0.281797      0.0794096
          12700     0.00114144      0.0477794     0.00228288
          12800       0.171851       0.586261       0.343701
          12900      0.0139611      -0.167099      0.0279222
          13000       0.270448       0.735456       0.540896
          13100      0.0427887       0.292536      0.0855775
          13200     0.00872279       0.132082      0.0174456
          13300     0.00985898      -0.140421       0.019718
          13400     0.00454043     -0.0952935     0.00908086
          13500       0.351144       0.838026       0.702288
          13600       0.024843       0.222904       0.049686
          13700       0.469068       0.968574       0.938135
          13800      0.0036605     -0.0855628       0.007321
          13900       0.292787      -0.765227       0.585573
          14000       0.293857       0.766625       0.587714
          14100     0.00764972       0.123691      0.0152994
          14200       0.147204      -0.542593       0.294408
          14300      0.0163208       -0.18067      0.0326417
          14400       0.134557       0.518762       0.269114
          14500     0.00539991       0.103922      0.0107998
          14600        0.11682       0.483363        0.23364
          14700    0.000638439     -0.0357334     0.00127688
          14800       0.145344       0.539155       0.290688
          14900      0.0667746      -0.365444       0.133549
          15000       0.318741      -0.798424       0.637481
          15100     0.00041026      0.0286447    0.000820521
          15200     0.00786231      -0.125398      0.0157246
          15300       0.025979      -0.227943       0.051958
          15400       0.134792      -0.519215       0.269584
          15500       0.276954      -0.744251       0.553909
          15600      0.0429176      -0.292976      0.0858351
          15700      0.0455135       0.301707      0.0910269
          15800       0.108781      -0.466435       0.217561
          15900      0.0459787       0.303245      0.0919574
          16000      0.0434705      -0.294858      0.0869411
          16100    0.000260099     -0.0228079    0.000520199
          16200    5.28221e-05      0.0102783    0.000105644
          16300      0.0241825      -0.219921       0.048365
          16400       0.101249      -0.449998       0.202498
          16500      0.0468297      -0.306038      0.0936593
          16600     0.00644313       0.113518      0.0128863
          16700      0.0292681      -0.241943      0.0585363
          16800      0.0371309       -0.27251      0.0742617
          16900     0.00651213      -0.114124      0.0130243
          17000     0.00752253      -0.122658      0.0150451
          17100     0.00420966      0.0917568     0.00841932
          17200      0.0151201       0.173897      0.0302403
          17300      0.0125509       0.158435      0.0251018
          17400       0.495573      -0.995564       0.991147
          17500     0.00351803     -0.0838812     0.00703605
          17600      0.0703121       0.374999       0.140624
          17700      0.0171434      -0.185167      0.0342868
          17800      0.0017472      0.0591134      0.0034944
          17900     0.00484503      0.0984381     0.00969006
          18000    0.000798292     -0.0399573     0.00159658
          18100     0.00966171      -0.139009      0.0193234
          18200      0.0900219      -0.424316       0.180044
          18300       0.199688      -0.631963       0.399377
          18400      0.0360962      -0.268686      0.0721924
          18500    8.41935e-05     -0.0129764    0.000168387
          18600      0.0115272      -0.151836      0.0230543
          18700      0.0633666      -0.355996       0.126733
          18800       0.128183       0.506325       0.256365
          18900       0.060922      -0.349062       0.121844
          19000       0.100393      -0.448092       0.200786
          19100      0.0852378      -0.412887       0.170476
          19200     0.00833477      -0.129111      0.0166695
          19300     0.00703213      -0.118593      0.0140643
          19400      0.0573346      -0.338629       0.114669
          19500     0.00397104     -0.0891183     0.00794208
          19600       0.224791      -0.670509       0.449582
          19700      0.0390209        0.27936      0.0780418
          19800     0.00641764       0.113293      0.0128353
          19900      0.0237245       0.217828      0.0474489
          20000      0.0674206       0.367207       0.134841
          20100      0.0464523       0.304802      0.0929046
          20200      0.0676015        -0.3677       0.135203
          20300    8.55176e-05       0.013078    0.000171035
          20400       0.032811      -0.256168       0.065622
          20500      0.0651301       0.360916        0.13026
          20600       0.482397      -0.982239       0.964794
          20700       0.106979      -0.462557       0.213959
          20800       0.101959      -0.451572       0.203918
          20900     0.00722069       0.120172      0.0144414
          21000      0.0929728      -0.431214       0.185946
          21100       0.162337      -0.569802       0.324674
          21200      0.0480336      -0.309947      0.0960672
          21300        0.13845      -0.526212         0.2769
          21400       0.340785       0.825572        0.68157
          21500      0.0412218        0.28713      0.0824435
          21600       0.208886      -0.646353       0.417772
          21700        1.06276        1.45791        2.12551
          21800      0.0157098       0.177256      0.0314197
          21900       0.135311       0.520213       0.270621
          22000      0.0935346       0.432515       0.187069
          22100      0.0833393       0.408263       0.166679
          22200       0.121238      -0.492419       0.242476
          22300      0.0294083      -0.242521      0.0588166
          22400      0.0124243      -0.157634      0.0248486
          22500     0.00427726     -0.0924906     0.00855452
          22600      0.0130324      -0.161446      0.0260647
          22700       0.388802      -0.881819       0.777605
          22800       0.152782      -0.552778       0.305563
          22900      0.0097648       0.139748      0.0195296
          23000     0.00074517      0.0386049     0.00149034
          23100      0.0243943      -0.220881      0.0487885
          23200      0.0476662      -0.308759      0.0953323
          23300       0.051941      -0.322307       0.103882
          23400       0.120414       0.490743       0.240828
          23500      0.0829884       0.407402       0.165977
          23600       0.103405       0.454763       0.206809
          23700     0.00228986     -0.0676736     0.00457972
          23800       0.247976       0.704238       0.495951
          23900      0.0368614       0.271519      0.0737227
          24000       0.291056      -0.762962       0.582111
          24100       0.363786       0.852978       0.727571
          24200      0.0782971       -0.39572       0.156594
          24300       0.326218      -0.807735       0.652437
          24400       0.179703       0.599505       0.359407
          24500      0.0795869       0.398966       0.159174
          24600       0.103284       0.454496       0.206567
          24700      0.0879025       0.419291       0.175805
          24800     0.00982597       0.140185      0.0196519
          24900      0.0707667      -0.376209       0.141533
          25000    0.000242645      0.0220293    0.000485289
          25100      0.0607228       -0.34849       0.121446
          25200       0.209364      -0.647092       0.418727
          25300      0.0177558       0.188445      0.0355116
          25400      0.0357834       -0.26752      0.0715669
          25500      0.0570742      -0.337859       0.114148
          25600       0.067449       0.367285       0.134898
          25700     0.00239342      -0.069187     0.00478684
          25800      0.0229578       0.214279      0.0459157
          25900      0.0470036      -0.306606      0.0940071
          26000       0.100941      -0.449312       0.201881
          26100    7.30468e-05      0.0120869    0.000146094
          26200        0.27851      -0.746338       0.557021
          26300       0.242789       0.696834       0.485578
          26400       0.434909       0.932641       0.869819
          26500      0.0950188      -0.435933       0.190038
          26600      0.0690724       0.371678       0.138145
          26700      0.0044878      0.0947396      0.0089756
          26800      0.0720186       0.379522       0.144037
          26900      0.0121684       0.156002      0.0243367
          27000      0.0257277      -0.226838      0.0514555
          27100      0.0986858      -0.444265       0.197372
          27200      0.0225483       -0.21236      0.0450966
          27300       0.216772       -0.65844       0.433543
          27400      0.0241438      -0.219744      0.0482876
          27500    0.000125221     -0.0158254    0.000250443
          27600       0.171824      -0.586215       0.343648
          27700       0.175174       0.591902       0.350348
          27800       0.384405      -0.876818       0.768809
          27900      0.0993244         0.4457       0.198649
          28000       0.083208       0.407941       0.166416
          28100       0.149506       0.546819       0.299011
          28200      0.0934837      -0.432397       0.186967
          28300    0.000992291     -0.0445486     0.00198458
          28400      0.0788292       0.397062       0.157658
          28500       0.380748      -0.872638       0.761497
          28600        0.12522      -0.500441       0.250441
          28700      0.0260131       0.228092      0.0520262
          28800        0.19411       0.623073        0.38822
          28900        0.48186       0.981692       0.963719
          29000      0.0277507       0.235587      0.0555014
          29100      0.0219581       0.209562      0.0439162
          29200      0.0906387       0.425767       0.181277
          29300       0.104984       0.458223       0.209969
          29400     0.00717649       0.119804       0.014353
          29500     0.00701781      -0.118472      0.0140356
          29600       0.102534       0.452844       0.205068
          29700      0.0456875      -0.302283      0.0913751
          29800       0.247237      -0.703189       0.494475
          29900       0.186952       0.611477       0.373905
          30000      0.0645207      -0.359223       0.129041
          30100        0.25892       -0.71961       0.517839
          30200        0.01648      -0.181549        0.03296
          30300      0.0087545      -0.132322       0.017509
          30400      0.0377248       0.274681      0.0754497
          30500      0.0577748       0.339926        0.11555
          30600      0.0370279      -0.272132      0.0740558
          30700       0.345895        0.83174       0.691791
          30800     0.00540292       0.103951      0.0108058
          30900      0.0789884      -0.397463       0.157977
          31000      0.0378082       0.274984      0.0756163
          31100       0.560017        1.05832        1.12003
          31200      0.0671496       0.366468       0.134299
          31300       0.278892       -0.74685       0.557785
          31400      0.0789746       0.397428       0.157949
          31500       0.113181      -0.475776       0.226363
          31600      0.0908086      -0.426166       0.181617
          31700      0.0513336      -0.320417       0.102667
          31800      0.0140307       0.167515      0.0280614
          31900       0.140887      -0.530825       0.281775
          32000      0.0204266      -0.202122      0.0408533
          32100      0.0375953      -0.274209      0.0751905
          32200      0.0650014       0.360559       0.130003
          32300      0.0447949       0.299315      0.0895897
          32400          0.433      -0.930591       0.865999
          32500      0.0186984      -0.193383      0.0373968
          32600      0.0537101       -0.32775        0.10742
          32700      0.0255073      -0.225864      0.0510146
          32800     0.00499481      0.0999481     0.00998961
          32900       0.284071       0.753752       0.568142
          33000       0.111956       0.473194       0.223912
          33100      0.0388497      -0.278746      0.0776995
          33200       0.131878       0.513572       0.263757
          33300       0.104523       0.457216       0.209046
          33400       0.135359       0.520305       0.270718
          33500       0.402791       0.897542       0.805582
          33600      0.0903823      -0.425164       0.180765
          33700      0.0529342      -0.325374       0.105868
          33800     0.00763572       0.123578      0.0152714
          33900       0.129869       0.509645       0.259738
          34000      0.0765295       0.391228       0.153059
          34100      0.0445167      -0.298385      0.0890334
          34200      0.0463535      -0.304478      0.0927071
          34300    0.000525424      0.0324168     0.00105085
          34400       0.207364       0.643993       0.414727
          34500      0.0480459       0.309987      0.0960918
          34600      0.0157646      -0.177565      0.0315293
          34700     0.00982286      -0.140163      0.0196457
          34800      0.0395214       0.281145      0.0790428
          34900      0.0159692       0.178713      0.0319385
          35000     0.00150018      0.0547755     0.00300035
          35100      0.0129472       0.160918      0.0258945
          35200      0.0176686       0.187982      0.0353373
          35300     0.00175647      0.0592701     0.00351294
          35400      0.0598029      -0.345841       0.119606
          35500      0.0751219      -0.387613       0.150244
          35600        0.10573      -0.459849       0.211461
          35700      0.0109511      -0.147994      0.0219022
          35800     0.00186478      0.0610701     0.00372956
          35900     0.00118323     -0.0486464     0.00236647
          36000       0.300815       0.775648        0.60163
          36100    0.000777982     -0.0394457     0.00155596
          36200     0.00274757     -0.0741292     0.00549514
          36300       0.118903      -0.487654       0.237807
          36400      0.0852433        -0.4129       0.170487
          36500     0.00703834      -0.118645      0.0140767
          36600    0.000459162      0.0303039    0.000918324
          36700    0.000904238     -0.0425262     0.00180848
          36800      0.0095258      -0.138028      0.0190516
          36900      0.0477842       0.309141      0.0955685
          37000      0.0150704      -0.173611      0.0301409
          37100       0.242155      -0.695924        0.48431
          37200      0.0537036       -0.32773       0.107407
          37300      0.0873616      -0.417999       0.174723
          37400      0.0690299       0.371564        0.13806
          37500      0.0357752      -0.267489      0.0715503
          37600      0.0456894       0.302289      0.0913789
          37700      0.0855603      -0.413667       0.171121
          37800      0.0412666       0.287286      0.0825332
          37900       0.119193      -0.488249       0.238387
          38000      0.0147501      -0.171756      0.0295002
          38100       0.080251      -0.400627       0.160502
          38200       0.108791      -0.466457       0.217582
          38300      0.0729206      -0.381892       0.145841
          38400       0.253938       0.712654       0.507876
          38500       0.125728      -0.501454       0.251456
          38600      0.0255843      -0.226205      0.0511686
          38700      0.0019457      0.0623811      0.0038914
          38800       0.233371       0.683185       0.466741
          38900       0.121352      -0.492649       0.242703
          39000       0.120974      -0.491882       0.241948
          39100      0.0439438      -0.296458      0.0878876
          39200    2.92465e-05     0.00764807    5.84929e-05
          39300       0.019826       0.199128      0.0396519
          39400      0.0525219      -0.324105       0.105044
          39500      0.0221118      -0.210294      0.0442236
          39600       0.191349       0.618627       0.382699
          39700       0.150416      -0.548481       0.300832
          39800    0.000583321     -0.0341561     0.00116664
          39900      0.0127868       0.159917      0.0255736
          40000      0.0366438      -0.270717      0.0732877
          40100      0.0920975      -0.429179       0.184195
          40200       0.009635      -0.138816        0.01927
          40300     0.00755893       0.122955      0.0151179
          40400       0.112427       0.474188       0.224854
          40500     0.00612529      -0.110682      0.0122506
          40600       0.367903      -0.857792       0.735807
          40700       0.039341       0.280503       0.078682
          40800      0.0657692      -0.362682       0.131538
          40900       0.354197       0.841662       0.708394
          41000       0.117472        0.48471       0.234944
          41100      0.0203833       0.201907      0.0407666
          41200       0.166129       0.576418       0.332257
          41300      0.0378244      -0.275043      0.0756488
          41400      0.0250636       0.223891      0.0501273
          41500    0.000151243     -0.0173922    0.000302487
          41600     0.00628561      -0.112121      0.0125712
          41700     0.00141258     -0.0531523     0.00282517
          41800      0.0193831       0.196892      0.0387663
          41900       0.092454       0.430009       0.184908
          42000      0.0626331        0.35393       0.125266
          42100      0.0720956       0.379725       0.144191
          42200     1.2364e-05    -0.00497273    2.47281e-05
          42300      0.0464355      -0.304748      0.0928711
          42400     0.00274887      0.0741467     0.00549774
          42500      0.0522444      -0.323247       0.104489
          42600       0.589623        1.08593        1.17925
          42700      0.0680079       0.368803       0.136016
          42800      0.0567803       0.336988       0.113561
          42900       0.150878      -0.549323       0.301755
          43000      0.0334505      -0.258652      0.0669011
          43100      0.0985895       0.444048       0.197179
          43200      0.0139431       0.166991      0.0278861
          43300      0.0391597      -0.279856      0.0783195
          43400      0.0368878       0.271617      0.0737757
          43500      0.0466317       0.305391      0.0932634
          43600    0.000759178      0.0389661     0.00151836
          43700     0.00022694      0.0213044    0.000453879
          43800       0.160368       0.566335       0.320736
          43900      0.0852603       0.412941       0.170521
          44000       0.198722       0.630431       0.397443
          44100     0.00696691       0.118042      0.0139338
          44200      0.0686968       0.370666       0.137394
          44300       0.181178       -0.60196       0.362356
          44400     0.00348353     -0.0834689     0.00696706
          44500      0.0116595      -0.152706      0.0233191
          44600       0.359489      -0.847926       0.718978
          44700       0.216573      -0.658138       0.433146
          44800       0.197833       -0.62902       0.395666
          44900       0.202163      -0.635866       0.404326
          45000    0.000889758      0.0421843     0.00177952
          45100      0.0638608      -0.357382       0.127722
          45200     0.00356467      0.0844354     0.00712934
          45300      0.0606432       0.348262       0.121286
          45400       0.248267       0.704651       0.496534
          45500        0.00258      0.0718331        0.00516
          45600       0.441167      -0.939327       0.882335
          45700       0.240584      -0.693663       0.481169
          45800        0.26201      -0.723893        0.52402
          45900    0.000151737     -0.0174205    0.000303475
          46000     0.00618745       0.111243      0.0123749
          46100       0.171691      -0.585988       0.343382
          46200      0.0548578       0.331233       0.109716
          46300      0.0201693      -0.200845      0.0403387
          46400      0.0304933       0.246955      0.0609867
          46500       0.094674      -0.435141       0.189348
          46600     0.00576155      -0.107346      0.0115231
          46700       0.012372       0.157302       0.024744
          46800     0.00706575      -0.118876      0.0141315
          46900       0.271595       0.737014        0.54319
          47000        0.34536      -0.831095       0.690719
          47100      0.0343484       0.262101      0.0686967
          47200     0.00498576     -0.0998575     0.00997152
          47300      0.0964354       0.439171       0.192871
          47400     0.00231056      0.0679789     0.00462113
          47500     0.00164591     -0.0573744     0.00329183
          47600       0.220357       0.663863       0.440715
          47700      0.0100651       0.141881      0.0201301
          47800      0.0186984      -0.193382      0.0373968
          47900      0.0679748      -0.368714        0.13595
          48000      0.0504278       0.317578       0.100856
          48100       0.123921       0.497837       0.247841
          48200         0.0488       -0.31241      0.0975999
          48300     0.00235892     -0.0686866     0.00471785
          48400      0.0187188       0.193488      0.0374375
          48500       0.122592       -0.49516       0.245183
          48600    0.000513492      0.0320466     0.00102698
          48700      0.0127563      -0.159727      0.0255126
          48800      0.0439225      -0.296386      0.0878449
          48900      0.0539124      -0.328367       0.107825
          49000     0.00620861      -0.111433      0.0124172
          49100       0.294972      -0.768078       0.589944
          49200     0.00154228     -0.0555388     0.00308455
          49300       0.114258       0.478034       0.228516
          49400      0.0682088      -0.369348       0.136418
          49500        0.13445      -0.518555         0.2689
          49600       0.159968        0.56563       0.319937
          49700       0.260343       0.721586       0.520687
          49800    0.000198588      0.0199293    0.000397176
          49900      0.0983443       0.443496       0.196689
          50000       0.114997      -0.479576       0.229993
          50100      0.0312812       0.250125      0.0625624
          50200     0.00607989       0.110271      0.0121598
          50300      0.0659996       0.363317       0.131999
          50400       0.264742       0.727657       0.529485
          50500       0.052093      -0.322779       0.104186
          50600      0.0175559      -0.187381      0.0351117
          50700       0.576571       -1.07384        1.15314
          50800      0.0658731       0.362969       0.131746
          50900         0.1198      -0.489489         0.2396
          51000       0.203137      -0.637396       0.406274
          51100      0.0399143       -0.28254      0.0798286
          51200     0.00291505     -0.0763551      0.0058301
          51300       0.274705       0.741222        0.54941
          51400       0.495226       0.995214       0.990451
          51500      0.0146145      -0.170965      0.0292291
          51600       0.458288       -0.95738       0.916577
          51700      0.0939813      -0.433546       0.187963
          51800        0.11429       0.478101        0.22858
          51900       0.334719       0.818192       0.669438
          52000     0.00362295      0.0851228      0.0072459
          52100      0.0477066       -0.30889      0.0954131
          52200    0.000736873     -0.0383894     0.00147375
          52300      0.0662024      -0.363875       0.132405
          52400     0.00672823       0.116002      0.0134565
          52500      0.0550685      -0.331869       0.110137
          52600      0.0491462      -0.313516      0.0982923
          52700      0.0394431       0.280867      0.0788863
          52800       0.209078        0.64665       0.418156
          52900       0.384168      -0.876548       0.768336
          53000     0.00512405      -0.101233      0.0102481
          53100      0.0428927      -0.292891      0.0857853
          53200       0.144026      -0.536704       0.288052
          53300      0.0237083       0.217754      0.0474166
          53400      0.0530264      -0.325657       0.106053
          53500     0.00328887      0.0811033     0.00657775
          53600       0.137811       0.524996       0.275621
          53700     0.00334393      0.0817793     0.00668786
          53800    3.12669e-05     0.00790783    6.25338e-05
          53900       0.220385      -0.663905        0.44077
          54000      0.0520441       0.322627       0.104088
          54100      0.0392981       -0.28035      0.0785961
          54200     0.00408927     -0.0904353     0.00817854
          54300       0.107668      -0.464043       0.215336
          54400    0.000451387     -0.0300462    0.000902774
          54500     0.00232849      -0.068242     0.00465697
          54600     0.00666032       0.115415      0.0133206
          54700      0.0760032        0.38988       0.152006
          54800     0.00150202     -0.0548091     0.00300404
          54900      0.0494756      -0.314565      0.0989512
          55000       0.154689       0.556217       0.309378
          55100     0.00149299     -0.0546441     0.00298598
          55200      0.0398612      -0.282352      0.0797224
          55300     0.00189881      0.0616249     0.00379762
          55400      0.0839023       -0.40964       0.167805
          55500        0.77557        1.24545        1.55114
          55600     0.00501443      -0.100144      0.0100289
          55700     0.00800417      -0.126524      0.0160083
          55800      0.0331906      -0.257646      0.0663813
          55900      0.0236432      -0.217455      0.0472865
          56000      0.0117103      -0.153038      0.0234205
          56100       0.100097       0.447431       0.200195
          56200        1.01903       -1.42761        2.03806
          56300      0.0281892       0.237441      0.0563784
          56400       0.129888       0.509683       0.259777
          56500       0.115517       -0.48066       0.231034
          56600      0.0379466      -0.275487      0.0758932
          56700      0.0116485      -0.152634       0.023297
          56800         1.4588         1.7081        2.91759
          56900       0.297442      -0.771287       0.594884
          57000      0.0313005      -0.250202      0.0626009
          57100      0.0132213      -0.162612      0.0264425
          57200      0.0627097      -0.354146       0.125419
          57300    0.000602007     -0.0346989     0.00120401
          57400       0.302595       -0.77794       0.605191
          57500      0.0729022       0.381843       0.145804
          57600      0.0389066        0.27895      0.0778132
          57700      0.0794866      -0.398715       0.158973
          57800       0.111008       0.471185       0.222015
          57900      0.0421457       -0.29033      0.0842914
          58000      0.0105875      -0.145516       0.021175
          58100       0.342785      -0.827991        0.68557
          58200      0.0975747      -0.441757       0.195149
          58300       0.337267         0.8213       0.674534
          58400       0.649488        1.13973        1.29898
          58500        0.16317      -0.571262        0.32634
          58600     0.00213807     -0.0653922     0.00427614
          58700      0.0101576      -0.142531      0.0203151
          58800     0.00240978      0.0694231     0.00481956
          58900     0.00709068       0.119086      0.0141814
          59000        0.10967      -0.468337       0.219339
          59100      0.0888725      -0.421598       0.177745
          59200      0.0174091      -0.186597      0.0348183
          59300      0.0912742       0.427257       0.182548
          59400       0.199744      -0.632051       0.399488
          59500      0.0405921      -0.284928      0.0811842
          59600      0.0875521       0.418454       0.175104
          59700      0.0535433      -0.327241       0.107087
          59800       0.510786       -1.01073        1.02157
          59900       0.327888        -0.8098       0.655776
          60000      0.0800327       0.400082       0.160065
          60100    0.000172431      0.0185705    0.000344863
          60200      0.0147225       0.171595       0.029445
          60300       0.260165      -0.721339        0.52033
          60400      0.0160245      -0.179022       0.032049
          60500       0.102547      -0.452873       0.205094
          60600       0.194055      -0.622985        0.38811
          60700     0.00902863      -0.134377      0.0180573
          60800      0.0546792       0.330694       0.109358
          60900      0.0856136       0.413796       0.171227
          61000      0.0191243       0.195572      0.0382486
          61100       0.148485       -0.54495       0.296971
          61200      0.0595018      -0.344969       0.119004
          61300       0.671398       -1.15879         1.3428
          61400      0.0726913       0.381291       0.145383
          61500       0.134326      -0.518316       0.268651
          61600      0.0294613       -0.24274      0.0589227
          61700       0.159199      -0.564267       0.318398
          61800       0.123138       0.496262       0.246276
          61900      0.0436907      -0.295604      0.0873815
          62000      0.0130026       0.161262      0.0260053
          62100       0.353361      -0.840667       0.706721
          62200       0.333123       0.816239       0.666246
          62300       0.104804      -0.457829       0.209608
          62400      0.0182509      -0.191055      0.0365019
          62500     0.00249542      0.0706458     0.00499083
          62600       0.255006      -0.714151       0.510012
          62700    0.000386053      0.0277868    0.000772106
          62800      0.0861367      -0.415058       0.172273
          62900      0.0250831       0.223978      0.0501663
          63000       0.548659        1.04753        1.09732
          63100       0.135578      -0.520727       0.271157
          63200      0.0316841       -0.25173      0.0633682
          63300       0.356365       0.844233        0.71273
          63400     4.6747e-05     0.00966923    9.34941e-05
          63500      0.0273037       0.233682      0.0546075
          63600    0.000563394     -0.0335677     0.00112679
          63700       0.314438       0.793017       0.628877
          63800      0.0370704      -0.272288      0.0741408
          63900      0.0356877      -0.267162      0.0713755
          64000    0.000741155     -0.0385008     0.00148231
          64100       0.080866      -0.402159       0.161732
          64200       0.100006      -0.447227       0.200012
          64300        0.24181       0.695428       0.483621
          64400       0.118164       0.486135       0.236328
          64500      0.0942891       0.434256       0.188578
          64600      0.0158893      -0.178265      0.0317786
          64700      0.0300797      -0.245274      0.0601593
          64800     0.00217858     -0.0660088     0.00435716
          64900       0.073516      -0.383448       0.147032
          65000      0.0365976       0.270546      0.0731952
          65100      0.0928806         -0.431       0.185761
          65200     0.00523909      -0.102363      0.0104782
          65300     0.00452794     -0.0951624     0.00905588
          65400     0.00527802      -0.102743       0.010556
          65500      0.0407719      -0.285559      0.0815439
          65600        0.25202      -0.709958        0.50404
          65700       0.053542      -0.327237       0.107084
          65800       0.112366       0.474059       0.224732
          65900       0.547163         1.0461        1.09433
          66000      0.0189725      -0.194795      0.0379449
          66100    0.000461771      0.0303898    0.000923542
          66200       0.423733       0.920579       0.847466
          66300     0.00908543       0.134799      0.0181709
          66400      0.0334143       0.258512      0.0668286
          66500       0.345105      -0.830789       0.690211
          66600      0.0419475       0.289646      0.0838949
          66700      0.0670131       0.366096       0.134026
          66800       0.172259      -0.586957       0.344519
          66900     0.00835084       0.129235      0.0167017
          67000      0.0181105       0.190318      0.0362211
          67100      0.0137365       -0.16575      0.0274729
          67200       0.218411       0.660925       0.436822
          67300       0.170114       0.583291       0.340229
          67400       0.135667      -0.520898       0.271335
          67500    0.000950971     -0.0436113     0.00190194
          67600      0.0985776       0.444022       0.197155
          67700       0.195557        0.62539       0.391113
          67800        0.12115      -0.492239       0.242299
          67900      0.0921742      -0.429358       0.184348
          68000       0.224216        0.66965       0.448431
          68100      0.0102374       -0.14309      0.0204748
          68200      0.0258475      -0.227365       0.051695
          68300       0.200099      -0.632612       0.400198
          68400       0.141912       0.532751       0.283823
          68500      0.0339345       0.260517       0.067869
          68600     0.00873827       0.132199      0.0174765
          68700      0.0443978      -0.297986      0.0887957
          68800       0.374178      -0.865075       0.748355
          68900       0.203668       0.638228       0.407335
          69000      0.0290035       0.240846      0.0580069
          69100       0.154109      -0.555174       0.308218
          69200       0.158496       -0.56302       0.316992
          69300       0.070996       0.376818       0.141992
          69400      0.0173473      -0.186265      0.0346945
          69500       0.011406       0.151036       0.022812
          69600     0.00741466       0.121776      0.0148293
          69700      0.0120148      -0.155015      0.0240296
          69800      0.0166686      -0.182585      0.0333373
          69900      0.0433877       0.294577      0.0867754
          70000     0.00886656      -0.133166      0.0177331
          70100    0.000221688     -0.0210565    0.000443377
          70200      0.0278137      -0.235855      0.0556274
          70300      0.0411942       0.287034      0.0823885
          70400      0.0100857       0.142026      0.0201715
          70500       0.349679       0.836277       0.699359
          70600       0.103316       0.454569       0.206633
          70700      0.0011696     -0.0483653      0.0023392
          70800     0.00516176      -0.101605      0.0103235
          70900      0.0395732        0.28133      0.0791464
          71000      0.0689533       0.371358       0.137907
          71100      0.0106811      -0.146158      0.0213622
          71200     0.00514771      -0.101466      0.0102954
          71300      0.0332384       0.257831      0.0664768
          71400      0.0833673      -0.408332       0.166735
          71500    0.000398202      0.0282206    0.000796404
          71600      0.0407793      -0.285585      0.0815587
          71700       0.202823      -0.636903       0.405645
          71800      0.0394517      -0.280898      0.0789034
          71900      0.0790869      -0.397711       0.158174
          72000      0.0143429       0.169369      0.0286858
          72100     0.00551849       0.105057       0.011037
          72200    7.53544e-06     0.00388212    1.50709e-05
          72300      0.0168344        0.18349      0.0336687
          72400       0.431244       0.928702       0.862488
          72500      0.0661849       0.363827        0.13237
          72600    1.61648e-07   -0.000568591    3.23295e-07
          72700      0.0232024       0.215418      0.0464048
          72800      0.0164317       0.181283      0.0328634
          72900     0.00901002       0.134239        0.01802
          73000       0.139531      -0.528264       0.279063
          73100     0.00574602       0.107201       0.011492
          73200      0.0126966       0.159352      0.0253932
          73300       0.181508      -0.602508       0.363015
          73400      0.0494773      -0.314571      0.0989546
          73500     0.00140647     -0.0530372     0.00281294
          73600      0.0247865        0.22265      0.0495731
          73700      0.0486861       0.312045      0.0973721
          73800      0.0976333       -0.44189       0.195267
          73900      0.0792128       0.398027       0.158426
          74000       0.257349      -0.717425       0.514699
          74100       0.014541       0.170534       0.029082
          74200      0.0586453      -0.342477       0.117291
          74300      0.0338772      -0.260297      0.0677544
          74400       0.104987      -0.458229       0.209973
          74500       0.138375        0.52607       0.276749
          74600     0.00524437      -0.102415      0.0104887
          74700       0.149278       0.546402       0.298555
          74800      0.0298598       0.244376      0.0597196
          74900       0.117975       0.485747       0.235951
          75000       0.302895       0.778325        0.60579
          75100      0.0144818      -0.170187      0.0289636
          75200      0.0783253      -0.395791       0.156651
          75300      0.0013093     -0.0511723      0.0026186
          75400     0.00669426       0.115709      0.0133885
          75500    4.44083e-05    -0.00942425    8.88166e-05
          75600      0.0976188      -0.441857       0.195238
          75700       0.103151       0.454204       0.206301
          75800      0.0214284      -0.207019      0.0428567
          75900       0.197669      -0.628759       0.395338
          76000       0.765153       -1.23706        1.53031
          76100    0.000291357      0.0241395    0.000582713
          76200     0.00141431      0.0531848     0.00282862
          76300       0.285584       0.755757       0.571169
          76400     0.00772726      -0.124316      0.0154545
          76500      0.0990572        -0.4451       0.198114
          76600       0.183391      -0.605625       0.366781
          76700       0.251569       0.709322       0.503138
          76800       0.069952       0.374037       0.139904
          76900     0.00197208     -0.0628025     0.00394415
          77000       0.112864      -0.475109       0.225729
          77100     0.00277537     -0.0745033     0.00555074
          77200     0.00508767      -0.100873      0.0101753
          77300       0.108122      -0.465021       0.216244
          77400       0.371741      -0.862254       0.743482
          77500    6.40906e-05      0.0113217    0.000128181
          77600     0.00194716      0.0624046     0.00389433
          77700    6.71208e-07    -0.00115863    1.34242e-06
          77800     0.00490807     -0.0990765     0.00981615
          77900       0.455066       0.954008       0.910131
          78000      0.0827149       0.406731        0.16543
          78100     0.00503399       0.100339       0.010068
          78200      0.0369442      -0.271824      0.0738884
          78300      0.0364166      -0.269876      0.0728333
          78400       0.147494      -0.543128       0.294989
          78500      0.0997628       0.446683       0.199526
          78600        1.04688        1.44698        2.09377
          78700      0.0525577       0.324215       0.105115
          78800       0.249345       -0.70618        0.49869
          78900       0.182207      -0.603668       0.364415
          79000     0.00227587     -0.0674666     0.00455174
          79100       0.002095      0.0647302        0.00419
          79200       0.237716      -0.689516       0.475432
          79300    0.000593805     -0.0344617     0.00118761
          79400       0.112536      -0.474418       0.225073
          79500    0.000225172      0.0212213    0.000450344
          79600     0.00387806      0.0880688     0.00775612
          79700      0.0271055       0.232832      0.0542109
          79800    5.85815e-05     -0.0108242    0.000117163
          79900      0.0111098       0.149062      0.0222196
          80000     0.00431057        0.09285     0.00862113
          80100      0.0564636       0.336046       0.112927
          80200      0.0714394      -0.377993       0.142879
          80300       0.298896       -0.77317       0.597792
          80400      0.0480267       0.309925      0.0960534
          80500       0.140705        0.53048       0.281409
          80600      0.0668056       0.365529       0.133611
          80700    0.000831327     -0.0407757     0.00166265
          80800        0.10032      -0.447929       0.200641
          80900     0.00568625      -0.106642      0.0113725
          81000      0.0446786      -0.298927      0.0893572
          81100      0.0607344       0.348524       0.121469
          81200      0.0356871      -0.267159      0.0713741
          81300       0.136504       0.522501       0.273007
          81400     0.00188934      0.0614709     0.00377867
          81500      0.0391877      -0.279956      0.0783754
          81600      0.0377588       0.274805      0.0755175
          81700       0.536125        -1.0355        1.07225
          81800       0.109256      -0.467453       0.218512
          81900       0.228058       0.675364       0.456116
          82000       0.444571      -0.942943       0.889142
          82100     0.00822063      -0.128223      0.0164413
          82200     0.00915474       0.135313      0.0183095
          82300      0.0976609       0.441952       0.195322
          82400      0.0973644       0.441281       0.194729
          82500       0.191789      -0.619336       0.383577
          82600       0.471494      -0.971076       0.942989
          82700       0.113155      -0.475721       0.226311
          82800      0.0964735      -0.439257       0.192947
          82900      0.0294309      -0.242615      0.0588618
          83000      0.0220046       0.209784      0.0440092
          83100       0.310466      -0.787992       0.620931
          83200      0.0681468       -0.36918       0.136294
          83300      0.0569619      -0.337526       0.113924
          83400     2.2627e-07    0.000672712    4.52541e-07
          83500       0.135104      -0.519815       0.270207
          83600       0.171034       0.584867       0.342069
          83700      0.0415462      -0.288258      0.0830925
          83800      0.0263562       0.229592      0.0527125
          83900       0.358338       0.846567       0.716676
          84000      0.0111105       0.149067      0.0222211
          84100       0.105439       0.459213       0.210877
          84200     0.00425105      0.0922068      0.0085021
          84300      0.0357375      -0.267348       0.071475
          84400     0.00234004     -0.0684112     0.00468009
          84500      0.0717418       0.378792       0.143484
          84600       0.134414      -0.518486       0.268827
          84700      0.0112566       0.150044      0.0225132
          84800    0.000226889     -0.0213021    0.000453778
          84900     0.00804342       0.126834      0.0160868
          85000      0.0986189      -0.444115       0.197238
          85100       0.304775      -0.780737        0.60955
          85200       0.367791      -0.857661       0.735582
          85300      0.0865857      -0.416139       0.173171
          85400      0.0478848      -0.309467      0.0957696
          85500       0.381259       0.873223       0.762519
          85600       0.222431       -0.66698       0.444863
          85700        0.14063        0.53034        0.28126
          85800       0.525051       -1.02475         1.0501
          85900     0.00687266       -0.11724      0.0137453
          86000       0.473316       -0.97295       0.946631
          86100       0.174756       0.591196       0.349512
          86200       0.151758      -0.550922       0.303516
          86300      0.0980861       0.442913       0.196172
          86400      0.0183367      -0.191503      0.0366735
          86500     0.00791399       0.125809       0.015828
          86600     0.00274229     -0.0740579     0.00548457
          86700       0.322049      -0.802557       0.644098
          86800     0.00240248      0.0693178     0.00480496
          86900       0.180494       0.600823       0.360988
          87000     0.00675427      -0.116226      0.0135085
          87100     0.00306747     -0.0783258     0.00613493
          87200      0.0168473      -0.183561      0.0336946
          87300       0.111335       -0.47188        0.22267
          87400      0.0200849       0.200424      0.0401699
          87500    0.000664843      0.0364649     0.00132969
          87600      0.0485891      -0.311734      0.0971783
          87700       0.021718       0.208413      0.0434361
          87800      0.0088616      -0.133129      0.0177232
          87900     0.00215617     -0.0656684     0.00431234
          88000       0.166323       0.576755       0.332646
          88100      0.0801175       0.400294       0.160235
          88200     0.00154562      -0.055599     0.00309125
          88300       0.131149       -0.51215       0.262297
          88400    0.000945471      -0.043485     0.00189094
          88500      0.0152958      -0.174904      0.0305916
          88600     0.00902707      -0.134366      0.0180541
          88700      0.0802029       0.400507       0.160406
          88800      0.0824349       0.406042        0.16487
          88900      0.0350205       0.264652      0.0700409
          89000     0.00416179      0.0912337     0.00832359
          89100      0.0351841       -0.26527      0.0703683
          89200      0.0321898       0.253731      0.0643796
          89300     0.00442144     -0.0940366     0.00884288
          89400      0.0191137      -0.195518      0.0382274
          89500       0.336787       0.820716       0.673575
          89600      0.0217457       0.208546      0.0434915
          89700    1.11212e-06     0.00149139    2.22425e-06
          89800      0.0341177       0.261219      0.0682354
          89900     0.00903803       0.134447      0.0180761
          90000       0.116476       0.482652       0.232952
          90100       0.033031      -0.257025      0.0660619
          90200       0.135641      -0.520848       0.271283
          90300      0.0439729       0.296557      0.0879458
          90400     0.00657261       0.114653      0.0131452
          90500       0.141103        0.53123       0.282205
          90600     0.00829147       0.128775      0.0165829
          90700      0.0847156        0.41162       0.169431
          90800       0.225334       0.671318       0.450667
          90900     0.00530891      -0.103043      0.0106178
          91000      0.0649722      -0.360478       0.129944
          91100    0.000974949     -0.0441577      0.0019499
          91200       0.629784        -1.1223        1.25957
          91300      0.0270052       0.232401      0.0540104
          91400       0.103174       0.454256       0.206348
          91500      0.0215336       0.207526      0.0430672
          91600      0.0476723      -0.308779      0.0953446
          91700       0.103652       0.455308       0.207305
          91800      0.0263534       -0.22958      0.0527069
          91900     0.00745702      -0.122123       0.014914
          92000       0.466562       0.965983       0.933123
          92100      0.0138955       0.166706      0.0277909
          92200    0.000601699        0.03469      0.0012034
          92300       0.051055      -0.319547        0.10211
          92400     0.00289727      0.0761219     0.00579455
          92500       0.175828      -0.593005       0.351655
          92600       0.177735       0.596212       0.355469
          92700    0.000764265     -0.0390964     0.00152853
          92800     0.00126522     -0.0503036     0.00253045
          92900       0.252831       0.711099       0.505662
          93000     0.00975064       0.139647      0.0195013
          93100      0.0659851      -0.363277        0.13197
          93200      0.0689156       0.371256       0.137831
          93300       0.183317      -0.605503       0.366634
          93400      0.0069736      -0.118098      0.0139472
          93500       0.179943      -0.599905       0.359886
          93600       0.110003       0.469047       0.220005
          93700     2.0593e-08    0.000202943    4.11859e-08
          93800       0.020836       0.204137       0.041672
          93900        0.15657       0.559588       0.313139
          94000     0.00372157      0.0862736     0.00744313
          94100       0.270674      -0.735763       0.541348
          94200        0.55844       -1.05683        1.11688
          94300       0.329549      -0.811848       0.659098
          94400      0.0126832      -0.159268      0.0253664
          94500       0.192309       0.620175       0.384617
          94600      0.0124672      -0.157906      0.0249343
          94700     0.00823709      -0.128352      0.0164742
          94800      0.0068275      -0.116855       0.013655
          94900        1.13859       -1.50903        2.27718
          95000    6.76995e-05     -0.0116361    0.000135399
          95100      0.0391491       0.279818      0.0782982
          95200     0.00496475      0.0996468     0.00992949
          95300      0.0617776       0.351504       0.123555
          95400      0.0193939      -0.196946      0.0387877
          95500      0.0316137      -0.251451      0.0632274
          95600      0.0990897       0.445173       0.198179
          95700       0.122397       0.494767       0.244794
          95800        0.17112      -0.585014       0.342241
          95900       0.150879       0.549325       0.301757
          96000      0.0158881      -0.178259      0.0317761
          96100      0.0236032        0.21727      0.0472065
          96200      0.0292474       0.241857      0.0584947
          96300      0.0143307      -0.169297      0.0286613
          96400       0.294044       0.766869       0.588088
          96500      0.0145731      -0.170723      0.0291462
          96600      0.0324327       0.254687      0.0648653
          96700      0.0993182      -0.445686       0.198636
          96800       0.317216      -0.796513       0.634433
          96900        0.11867      -0.487175        0.23734
          97000      0.0464079       0.304657      0.0928158
          97100      0.0234286      -0.216465      0.0468572
          97200     0.00962159       -0.13872      0.0192432
          97300     0.00971609       0.139399      0.0194322
          97400       0.135453      -0.520487       0.270906
          97500       0.131473       0.512782       0.262945
          97600        0.14478       0.538109       0.289561
          97700    6.19375e-05      0.0111299    0.000123875
          97800       0.164598      -0.573756       0.329196
          97900      0.0953548      -0.436703        0.19071
          98000        1.24913        1.58059        2.49826
          98100      0.0550263      -0.331742       0.110053
          98200      0.0825038      -0.406211       0.165008
          98300    0.000673443     -0.0366999     0.00134689
          98400      0.0736373      -0.383764       0.147275
          98500       0.287194       0.757883       0.574387
          98600       0.019239      -0.196158      0.0384779
          98700     0.00452561     -0.0951379     0.00905122
          98800      0.0484802      -0.311384      0.0969603
          98900       0.204798      -0.639998       0.409597
          99000      0.0272267       0.233352      0.0544534
          99100       0.118304       0.486423       0.236607
          99200       0.320876       0.801095       0.641753
          99300    0.000309491      0.0248794    0.000618982
          99400       0.292036       0.764246       0.584072
          99500     0.00169916      0.0582951     0.00339832
          99600      0.0182108      -0.190844      0.0364215
          99700       0.412953       0.908794       0.825906
          99800       0.205231       0.640674       0.410463
          99900       0.128765      -0.507474        0.25753
         100000      0.0270875      -0.232755       0.054175
