              0       0.999139     -0.0207535    0.000430708
            100        0.97949       -0.10153      0.0103083
            200       0.999904    -0.00691988    4.78847e-05
            300       0.973376       0.115766      0.0134017
            400       0.898882       0.227829      0.0519061
            500       0.717776      -0.390875       0.152784
            600       0.837717       0.291086       0.084731
            700        0.92948       0.189486      0.0359048
            800       0.996217     -0.0435131     0.00189339
            900       0.946166       0.165195      0.0272894
           1000       0.716465      -0.391864       0.153558
           1100       0.963302      -0.136089      0.0185203
           1200       0.582597       0.486538        0.23672
           1300       0.920082       0.201968      0.0407911
           1400       0.918279       0.204282       0.041731
           1500       0.914398       0.209185      0.0437585
           1600       0.853469       0.275982      0.0761662
           1700       0.961938      -0.138621      0.0192158
           1800       0.724231      -0.385982       0.148982
           1900       0.988827     -0.0748461     0.00560195
           2000        0.58271      -0.486463       0.236646
           2100       0.779181      -0.342473       0.117288
           2200       0.952995      -0.154225      0.0237855
           2300       0.263104      -0.697899       0.487063
           2400       0.737836      -0.375535       0.141026
           2500        0.86259       0.266914      0.0712429
           2600        0.36037       0.632212       0.399692
           2700       0.573124         0.4929       0.242951
           2800       0.465057       0.563959       0.318049
           2900       0.353634       0.636654       0.405328
           3000      0.0275091       0.913313       0.834141
           3100      0.0711229       0.856336       0.733311
           3200      0.0697665        1.12434        1.26413
           3300      0.0297304       0.909712       0.827575
           3400       0.283564       0.683734       0.467493
           3500       0.249882        0.70719       0.500118
           3600        0.36004       0.632429       0.399967
           3700      0.0881198       0.838541        0.70315
           3800       0.229397       0.721835       0.521046
           3900       0.062128         1.1177        1.24925
           4000      0.0966355       0.830143       0.689137
           4100       0.590834       0.480981       0.231343
           4200       0.150436       0.782393       0.612139
           4300       0.280452        1.23676        1.52958
           4400       0.651369        1.34427        1.80707
           4500        1.05526        1.42382        2.02726
           4600        3.09671        1.66125        2.75975
           4700      0.0275912        1.07986        1.16611
           4800       0.109481       0.817998        0.66912
           4900       0.227661       0.723092       0.522861
           5000       0.137543       0.793178       0.629132
           5100       0.339701        0.64588       0.417161
           5200       0.419246       0.593724       0.352508
           5300       0.220887       0.728021       0.530014
           5400      0.0224144       0.922109       0.850286
           5500       0.148856       0.783697       0.614182
           5600      0.0223577        1.07216        1.14952
           5700       0.108978       0.818463       0.669882
           5800       0.447643       0.575273       0.330939
           5900       0.470862       0.560184       0.313806
           6000       0.477777       0.555685       0.308786
           6100       0.205756       0.739187       0.546397
           6200       0.279971       0.686205       0.470877
           6300      0.0707891        1.12519        1.26606
           6400        2.28986        1.58532        2.51323
           6500       0.230222        1.21648        1.47981
           6600       0.139068       0.791885       0.627082
           6700      0.0153638       0.935975       0.876049
           6800       0.466972       0.562714       0.316647
           6900       0.745828       0.369306       0.136387
           7000      0.0209912        1.06999        1.14488
           7100        0.27265        1.23376        1.52216
           7200     0.00530422        1.03578        1.07283
           7300        1.08464         1.4288        2.04146
           7400      0.0788578        1.13173        1.28082
           7500      0.0644569        1.11977        1.25388
           7600       0.656749        1.34551         1.8104
           7700        0.42692        1.28584        1.65339
           7800      0.0144607        1.05842        1.12025
           7900       0.302359        1.24494        1.54987
           8000        3.10775        1.66219        2.76288
           8100       0.534637        1.31575        1.73119
           8200       0.817913        1.37999        1.90439
           8300        1.69851        1.51765        2.30327
           8400       0.614397         1.3356        1.78383
           8500        2.47754        1.60438        2.57402
           8600       0.457872        1.29486        1.67666
           8700       0.293053        1.24151        1.54134
           8800    3.90254e-05        1.00312        1.00625
           8900       0.156168        1.18118        1.39518
           9000       0.606442         1.3337        1.77874
           9100        1.16265        1.44162        2.07826
           9200       0.371949        1.26881        1.60988
           9300        2.29572        1.58593        2.51516
           9400        1.64287        1.51054        2.28175
           9500        2.31511        1.58794        2.52155
           9600      0.0157812        1.06095        1.12562
           9700      0.0818285       0.844952       0.713943
           9800        0.12263       0.806111       0.649814
           9900    3.54739e-05       0.997018       0.994044
          10000       0.506884       0.536695       0.288042
          10100       0.365265        0.62899       0.395628
          10200       0.438451       0.581243       0.337844
          10300       0.589162       0.482111       0.232431
          10400       0.247254       0.709051       0.502753
          10500        0.57113       0.494236       0.244269
          10600       0.271411       0.692119       0.479029
          10700        0.53483       0.518343       0.268679
          10800       0.958698       0.144461      0.0208689
          10900       0.837674       0.291127      0.0847549
          11000       0.535598       0.517836       0.268154
          11100      0.0681445       0.859625       0.738955
          11200       0.204381       0.740213       0.547915
          11300       0.126239       0.802931       0.644699
          11400       0.677631       0.420495       0.176816
          11500       0.834622       0.293979      0.0864237
          11600       0.858323       0.271187      0.0735425
          11700       0.293306       0.677069       0.458423
          11800      0.0257084       0.916331       0.839662
          11900       0.260006       0.700066       0.490092
          12000       0.556756       0.503824       0.253839
          12100       0.875719        0.25338      0.0642015
          12200       0.103834        1.14988        1.32223
          12300     0.00365903         1.0298        1.06049
          12400      0.0567339        1.11274        1.23819
          12500       0.118041        1.15913        1.34357
          12600     0.00507722        1.03501        1.07125
          12700       0.952777        1.40574         1.9761
          12800       0.601678        1.33255        1.77568
          12900      0.0728444         1.1269         1.2699
          13000       0.127438       0.801883       0.643016
          13100       0.540126       0.514847       0.265067
          13200       0.994485     -0.0525473     0.00276122
          13300              1    0.000278146    7.73654e-08
          13400       0.847865      -0.281432      0.0792039
          13500       0.675855      -0.421777       0.177896
          13600       0.926905      -0.192979       0.037241
          13700       0.858691      -0.270821       0.073344
          13800       0.903232      -0.222743      0.0496146
          13900        0.67802      -0.420215        0.17658
          14000        0.70518      -0.400312        0.16025
          14100      0.0212754      -0.924196       0.854139
          14200      0.0411227      -0.892868       0.797213
          14300       0.297752      -0.674043       0.454334
          14400       0.172984      -0.764256       0.584087
          14500       0.042292      -0.891263        0.79435
          14600      0.0349424       -1.08946        1.18693
          14700     0.00174399      -0.978897       0.958239
          14800     0.00177571      -0.978704       0.957861
          14900       0.129985      -0.799666       0.639465
          15000       0.292403      -0.677685       0.459257
          15100       0.397689      -0.607761       0.369374
          15200       0.223003      -0.726476       0.527768
          15300       0.145548      -0.786443       0.618493
          15400      0.0629683       -1.11845        1.25093
          15500      0.0102913      -0.947921       0.898554
          15600       0.253204       -1.22605        1.50319
          15700     0.00257105       -1.02504        1.05071
          15800       0.168461       -1.18762        1.41044
          15900        0.19352       -1.19996        1.43991
          16000        0.38396      -0.616729       0.380355
          16100       0.297083      -0.674497       0.454947
          16200       0.471383      -0.559845       0.313427
          16300       0.681256      -0.417873       0.174618
          16400       0.891507      -0.236228      0.0558035
          16500       0.683628      -0.416152       0.173182
          16600       0.587687      -0.483107       0.233393
          16700       0.199186      -0.744108       0.553697
          16800       0.291317       -1.24086        1.53974
          16900      0.0471291      -0.884821       0.782908
          17000      0.0372475      -0.898334       0.807004
          17100       0.124877       -1.16335        1.35338
          17200       0.156948       -1.18159        1.39617
          17300     0.00447684       -1.03291        1.06691
          17400       0.168052       -1.18741        1.40994
          17500        2.63049       -1.61922        2.62188
          17600        1.15337       -1.44012        2.07395
          17700    0.000173193      -0.993398        0.98684
          17800       0.313273       -1.24888        1.55971
          17900        1.73186       -1.52184          2.316
          18000        1.16956       -1.44273        2.08146
          18100      0.0746283       -1.12835        1.27318
          18200      0.0312603      -0.907301       0.823194
          18300      0.0203588       -1.06896        1.14268
          18400    1.54675e-06      -0.999378       0.998756
          18500      0.0145487       -1.05859        1.12062
          18600       0.490185       -1.30389        1.70013
          18700       0.128408       -1.16548        1.35834
          18800       0.159435       -1.18292        1.39929
          18900       0.016893         -1.063        1.12997
          19000       0.481957       -1.30163        1.69423
          19100       0.137046      -0.793601       0.629803
          19200        0.16957      -0.766949       0.588211
          19300       0.613435      -0.465595       0.216779
          19400       0.833447      -0.295071      0.0870671
          19500       0.251286      -0.706198       0.498716
          19600       0.514829       -1.31054        1.71752
          19700       0.890143       -1.39409        1.94347
          19800       0.596051       -1.33118        1.77204
          19900       0.122958       -1.16218        1.35065
          20000      0.0297631       -1.08283        1.17252
          20100       0.354464       -1.26308        1.59537
          20200       0.145506      -0.786478       0.618548
          20300       0.215945      -0.731643       0.535301
          20400       0.337632      -0.647255       0.418939
          20500      0.0139155       -1.05734        1.11796
          20600      0.0131851       -1.05585        1.11483
          20700      0.0874384       -1.13829         1.2957
          20800       0.164748      -0.770784       0.594108
          20900       0.004357       -1.03248        1.06601
          21000      0.0929726       -1.14233        1.30491
          21100    0.000905568       -1.01493        1.03009
          21200       0.256535      -0.702501       0.493507
          21300        0.34768       -0.64059       0.410356
          21400       0.612213      -0.466433        0.21756
          21500       0.165646      -0.770067       0.593004
          21600       0.389653      -0.613008       0.375778
          21700    0.000118945       -1.00544        1.01091
          21800     0.00465944      -0.965267        0.93174
          21900      0.0024647      -0.974861       0.950354
          22000       0.452694       -1.29338        1.67283
          22100        1.91591       -1.54407        2.38416
          22200        2.50233       -1.60682        2.58188
          22300       0.332667      -0.650559       0.423227
          22400       0.247199       -0.70909       0.502809
          22500       0.104273      -0.822853       0.677087
          22600      0.0181406       -1.06522        1.13469
          22700       0.246389       -1.22326        1.49638
          22800       0.203259       -1.20451        1.45084
          22900       0.106455      -0.820808       0.673726
          23000       0.467465      -0.562393       0.316286
          23100      0.0574681       -1.11343        1.23973
          23200       0.750852       -1.36621        1.86652
          23300       0.174617       -1.19074        1.41787
          23400      0.0150927       -1.05965        1.12285
          23500       0.170706       -1.18877        1.41317
          23600       0.111565         -1.155        1.33401
          23700       0.690946       -1.35323        1.83123
          23800       0.582815       -1.32794        1.76342
          23900     0.00328596       -1.02826        1.05732
          24000       0.089228       -1.13961        1.29871
          24100    0.000501163       -1.01113        1.02239
          24200      0.0934839       -1.14269        1.30575
          24300       0.213172      -0.733685       0.538294
          24400      0.0391422      -0.895632       0.802156
          24500      0.0106308       -1.05029        1.10311
          24600      0.0320485      -0.906079       0.820979
          24700        0.52489      -0.524888       0.275507
          24800       0.555335      -0.504769       0.254792
          24900       0.536566      -0.517197       0.267493
          25000     0.00883061       -1.04593        1.09397
          25100       0.464309       -1.29669         1.6814
          25200      0.0853292       -1.13671        1.29211
          25300     0.00912735      -0.951033       0.904463
          25400       0.071609      -0.855805       0.732401
          25500       0.159648      -0.774881       0.600441
          25600       0.228137      -0.722747       0.522363
          25700       0.539548      -0.515229        0.26546
          25800       0.462244      -0.565787       0.320115
          25900       0.563342      -0.499438       0.249439
          26000       0.223191      -0.726339       0.527569
          26100    1.15664e-05        -1.0017         1.0034
          26200      0.0951016       -1.14385        1.30839
          26300      0.0286604       -1.08134        1.16929
          26400       0.357816       -1.26419        1.59818
          26500      0.0960643       -1.14453        1.30994
          26600       0.293384      -0.677016       0.458351
          26700       0.135855      -0.794617       0.631415
          26800       0.280464      -0.685866       0.470412
          26900       0.534146      -0.518794       0.269147
          27000       0.421543       -0.59223       0.350736
          27100       0.765562      -0.353604       0.125036
          27200       0.812572      -0.313962      0.0985721
          27300       0.401146      -0.605507       0.366639
          27400       0.697192      -0.406226        0.16502
          27500       0.360154      -0.632354       0.399871
          27600       0.993418     -0.0574163     0.00329663
          27700       0.956031      -0.149103      0.0222318
          27800       0.937157       0.178693      0.0319312
          27900       0.924403       -0.19632      0.0385415
          28000        0.72122       -0.38827       0.150754
          28100       0.445597      -0.576601       0.332469
          28200      0.0955985       -0.83115        0.69081
          28300      0.0404749       -1.09599        1.20118
          28400       0.181082      -0.757934       0.574463
          28500       0.233439      -0.718919       0.516845
          28600      0.0641584      -0.864121       0.746705
          28700      0.0704351        -1.1249         1.2654
          28800         1.0099       -1.41596        2.00494
          28900       0.552641       -1.32038         1.7434
          29000       0.124935      -0.804077       0.646539
          29100       0.106376      -0.820882       0.673847
          29200      0.0912345      -0.835434        0.69795
          29300    0.000100822      -0.994967       0.989959
          29400        1.17065        -1.4429        2.08197
          29500       0.348265       -1.26101        1.59014
          29600      0.0304727       -1.08377        1.17456
          29700      0.0776317      -0.849338       0.721375
          29800     0.00515043      -0.963449       0.928234
          29900       0.417305      -0.594986       0.354009
          30000       0.019886      -0.926813       0.858982
          30100       0.171367      -0.765529       0.586035
          30200     0.00113957      -0.982976       0.966243
          30300      0.0684925       -1.12326        1.26171
          30400       0.479692         -1.301         1.6926
          30500       0.203368       -1.20456        1.45096
          30600       0.266114        -0.6958       0.484138
          30700       0.162312       -1.18443        1.40288
          30800     0.00391818      -0.968197       0.937405
          30900       0.109472       -1.15363        1.33087
          31000       0.100021       -1.14728        1.31626
          31100       0.114677         -1.157        1.33864
          31200        1.81557       -1.53213        2.34743
          31300       0.374514       -1.26964        1.61198
          31400       0.522689      -0.526334       0.277028
          31500       0.236694      -0.716581       0.513488
          31600       0.418473       -1.28331         1.6469
          31700       0.869185       -1.39007         1.9323
          31800       0.241664       -1.22131        1.49159
          31900    1.69778e-05      -0.997938        0.99588
          32000       0.213706      -0.733292       0.537717
          32100       0.420385      -0.592983       0.351629
          32200       0.445784       -0.57648       0.332329
          32300       0.441079      -0.579536       0.335862
          32400       0.304663      -0.669356       0.448037
          32500       0.558608      -0.502593       0.252599
          32600       0.758982      -0.358893       0.128804
          32700       0.103916      -0.823188       0.677639
          32800       0.371958      -0.624593       0.390117
          32900       0.508227      -0.535816       0.287099
          33000      0.0576808      -0.871683       0.759832
          33100        0.34395      -0.643061       0.413528
          33200       0.347126      -0.640957       0.410826
          33300       0.747276      -0.368169       0.135549
          33400       0.993579     -0.0567063     0.00321561
          33500       0.884512      -0.243957      0.0595149
          33600        0.20307      -0.741193       0.549367
          33700        0.13962      -0.791418       0.626343
          33800      0.0995404       -1.14695         1.3155
          33900       0.875403       -1.39127        1.93563
          34000       0.516098       -1.31088         1.7184
          34100       0.530288       -1.31461        1.72821
          34200       0.746231       -1.36523        1.86385
          34300        0.11049      -0.817067       0.667599
          34400       0.444499      -0.577315       0.333292
          34500       0.644525      -0.444046       0.197177
          34600        0.72189      -0.387761       0.150359
          34700       0.642135       -0.44572       0.198667
          34800        0.56953      -0.495306       0.245328
          34900       0.286269      -0.681879       0.464959
          35000         0.5187      -0.528954       0.279792
          35100      0.0157491       -1.06089         1.1255
          35200       0.689889         -1.353         1.8306
          35300        1.18079       -1.44452        2.08664
          35400       0.149367      -0.783275        0.61352
          35500        0.11252       -1.15561        1.33544
          35600      0.0757578       -1.12927        1.27524
          35700      0.0708594       -1.12525        1.26619
          35800         1.2937       -1.46199        2.13741
          35900       0.046122      -0.886138        0.78524
          36000       0.694173      -0.408448        0.16683
          36100      0.0888818      -0.837777        0.70187
          36200       0.736487      -0.376579       0.141812
          36300       0.773484       -0.34716        0.12052
          36400       0.999997     0.00122506    1.50078e-06
          36500       0.977234      -0.106998      0.0114486
          36600       0.915239       0.208132      0.0433188
          36700       0.673998       0.423115       0.179026
          36800      0.0990758        0.82779       0.685237
          36900      0.0352051       0.901316        0.81237
          37000     0.00105288        1.01609        1.03245
          37100       0.343945        1.25955        1.58647
          37200       0.722532        1.36015        1.85002
          37300       0.939772        1.40336        1.96942
          37400       0.699249        1.35507        1.83621
          37500      0.0190584         1.0668        1.13805
          37600       0.647878       0.441691       0.195091
          37700       0.843132       0.285969       0.081778
          37800       0.713756       0.393903       0.155159
          37900       0.304266       0.669625       0.448397
          38000       0.230267       0.721207       0.520139
          38100        0.68303       0.416586       0.173544
          38200       0.860098       0.269416      0.0725851
          38300       0.158819       0.775551       0.601479
          38400       0.418805        0.59401       0.352848
          38500       0.561357       0.500762       0.250762
          38600       0.757026       0.360455       0.129928
          38700       0.800039       0.324886       0.105551
          38800       0.709574       0.397036       0.157638
          38900    0.000172842       0.993405       0.986853
          39000       0.329602       0.652602        0.42589
          39100      0.0180879       0.930327       0.865509
          39200       0.667202        0.42799       0.183176
          39300        0.58177       0.487095       0.237261
          39400     0.00210655       0.976782       0.954103
          39500       0.392818        1.27544        1.62675
          39600      0.0744215       0.852758       0.727197
          39700      0.0076678        1.04286        1.08757
          39800      0.0100808       0.948471       0.899597
          39900      0.0237493       0.919724       0.845892
          40000       0.472684        1.29905        1.68752
          40100     0.00042625       0.989623       0.979354
          40200       0.150934        1.17835         1.3885
          40300       0.252694        1.22584        1.50269
          40400       0.892384        1.39451        1.94466
          40500      0.0457467        1.10176        1.21388
          40600        0.16925        1.18802         1.4114
          40700       0.829017        1.38221         1.9105
          40800     0.00119011         1.0171         1.0345
          40900       0.174149        0.76334       0.582689
          41000       0.294052       0.676561       0.457735
          41100       0.771722       0.348602       0.121523
          41200        0.97223      -0.118249      0.0139829
          41300       0.946313       0.164966      0.0272138
          41400       0.999707      0.0121143    0.000146757
          41500       0.895316      -0.231923      0.0537885
          41600       0.475109      -0.557421       0.310719
          41700      0.0406396      -0.893536       0.798407
          41800      0.0345425      -0.902299       0.814144
          41900       0.231673      -0.720191       0.518676
          42000       0.312178       -1.24849        1.55873
          42100       0.166923       -1.18683        1.40856
          42200      0.0767227       -1.13004        1.27699
          42300       0.107266       -1.15218        1.32752
          42400      0.0130665      -0.941112       0.885691
          42500      0.0170853      -0.932357       0.869289
          42600      0.0142196      -0.938485       0.880754
          42700       0.338382       -1.25766        1.58171
          42800       0.164551        -1.1856        1.40565
          42900       0.095417       -1.14407         1.3089
          43000       0.106793       -1.15186        1.32679
          43100    0.000494242      -0.988822       0.977768
          43200       0.501413      -0.540273       0.291895
          43300     0.00537129      -0.962658       0.926711
          43400      0.0836491      -0.843077       0.710778
          43500     0.00205337       -0.97708       0.954686
          43600       0.157882      -0.776309       0.602656
          43700      0.0393701      -0.895311       0.801581
          43800      0.0630545      -0.865386       0.748893
          43900       0.287844       -1.23956        1.53651
          44000       0.790042       -1.37435        1.88884
          44100       0.111554       -1.15499          1.334
          44200    4.06484e-07      -0.999681       0.999362
          44300        1.87868       -1.53969        2.37065
          44400       0.234684       -1.21838        1.48444
          44500        1.07314       -1.42686        2.03592
          44600       0.729148       -1.36158         1.8539
          44700      0.0684483       -1.12322        1.26163
          44800      0.0530516      -0.877309       0.769671
          44900       0.919422       -1.39959        1.95886
          45000      0.0114483       -1.05214          1.107
          45100       0.023927       -1.07456        1.15468
          45200       0.165142       -0.77047       0.593624
          45300       0.194006      -0.748023       0.559538
          45400       0.176443      -0.761544       0.579949
          45500       0.329581      -0.652617       0.425908
          45600        0.66244      -0.431388       0.186096
          45700       0.783484      -0.338901       0.114854
          45800       0.937092      -0.178787      0.0319648
          45900       0.170442      -0.766259       0.587153
          46000      0.0905398      -0.836123       0.699102
          46100       0.357125       -0.63435         0.4024
          46200       0.131934      -0.797981       0.636773
          46300       0.854677      -0.274796      0.0755126
          46400       0.940552      -0.173721      0.0301792
          46500       0.244113      -0.711282       0.505922
          46600       0.378093       -0.62057       0.385107
          46700       0.961282       0.139822      0.0195502
          46800       0.686037       0.414399       0.171726
          46900       0.466235       0.563192       0.317186
          47000       0.370364       0.625639       0.391424
          47100       0.939218       0.175691      0.0308673
          47200         0.7516       0.364762       0.133051
          47300       0.593488       0.479185       0.229618
          47400       0.658256       0.434362        0.18867
          47500       0.397434       0.607928       0.369577
          47600     0.00382303        1.03045        1.06183
          47700      0.0134882       0.940139       0.883861
          47800        2.63431        1.61958        2.62305
          47900       0.419089         1.2835        1.64737
          48000      0.0818528        1.13406         1.2861
          48100       0.379612        1.27127        1.61613
          48200       0.406283        1.27961         1.6374
          48300      0.0625634        1.11809        1.25013
          48400    1.70285e-08       0.999935        0.99987
          48500      0.0492645        1.10542        1.22196
          48600        0.11617        1.15795        1.34084
          48700      0.0795214       0.847352       0.718005
          48800       0.158453       0.775847       0.601939
          48900       0.735853       0.377069       0.142181
          49000       0.600713       0.474282       0.224943
          49100       0.579764       0.488444       0.238578
          49200       0.117682       0.810526       0.656952
          49300      0.0968717        1.14509        1.31124
          49400     0.00182531       0.978405       0.957276
          49500      0.0160602        0.93449       0.873271
          49600      0.0671125        1.12208        1.25906
          49700       0.531149        1.31484         1.7288
          49800       0.001167        1.01694        1.03416
          49900     0.00917595       0.950899       0.904209
          50000      0.0147663        1.05902        1.12152
          50100       0.167661        1.18721        1.40946
          50200       0.033774        1.08802        1.18378
          50300       0.241627        1.22129        1.49156
          50400       0.180511       0.758376       0.575134
          50500       0.138398        1.17133        1.37202
          50600       0.115901       0.812131       0.659557
          50700     0.00577644       0.961248       0.923997
          50800       0.317818         1.2505        1.56375
          50900      0.0402529        1.09573        1.20063
          51000       0.114777        0.81315       0.661213
          51100     0.00163149           1.02        1.04039
          51200     0.00301099        1.02707        1.05487
          51300       0.313556       0.663354       0.440039
          51400    0.000451431        1.01057        1.02125
          51500      0.0760438       0.851023        0.72424
          51600       0.266997       0.695185       0.483282
          51700     0.00376789        1.03023        1.06138
          51800      0.0638686        1.11925        1.25272
          51900       0.931087        1.40176        1.96493
          52000        1.70223        1.51812        2.30469
          52100       0.511026        1.30953        1.71486
          52200      0.0139969         1.0575        1.11831
          52300    0.000694201       0.986738       0.973652
          52400       0.374375       0.623007       0.388138
          52500        0.13721       0.793461       0.629581
          52600      0.0849685        1.13644        1.29149
          52700        1.04281        1.42168        2.02118
          52800        2.13408        1.56871        2.46085
          52900       0.442368        1.29039        1.66511
          53000      0.0191161       0.928299       0.861739
          53100      0.0137843       0.939464       0.882593
          53200      0.0321768       0.905881       0.820621
          53300       0.123439       0.805395       0.648661
          53400       0.256048       0.702843       0.493989
          53500       0.393551       0.610461       0.372663
          53600        0.33603        0.64832       0.420319
          53700       0.348927       0.639765       0.409299
          53800       0.401746       0.605116       0.366166
          53900       0.410132       0.599654       0.359585
          54000       0.503428       0.538956       0.290474
          54100       0.702336       0.402424       0.161945
          54200      0.0530975       0.877252       0.769571
          54300      0.0915509       0.835121       0.697426
          54400       0.356516       0.634752        0.40291
          54500       0.208921         1.2071        1.45708
          54600       0.125902        1.16397        1.35483
          54700      0.0120037        1.05336        1.10956
          54800       0.142945       0.788619        0.62192
          54900       0.127768       0.801594       0.642554
          55000      0.0845006       0.842206        0.70931
          55100      0.0527627       0.877667       0.770299
          55200       0.242457       0.712461       0.507601
          55300       0.137132       0.793528       0.629687
          55400       0.298448        0.67357       0.453696
          55500       0.122842         1.1621        1.35049
          55600        1.63361        1.50935        2.27813
          55700       0.284872       0.682837       0.466266
          55800       0.438226       0.581389       0.338014
          55900       0.383966       0.616725        0.38035
          56000       0.322528       0.657331       0.432084
          56100        0.13062       0.799116       0.638586
          56200      0.0285555       0.911601       0.831016
          56300        0.06134        0.86737       0.752331
          56400     0.00448873        0.96592       0.933002
          56500       0.375207       0.622462       0.387459
          56600       0.888147       0.239967      0.0575844
          56700       0.611853       0.466679       0.217789
          56800        0.54203       0.513589       0.263773
          56900       0.206774        1.20612        1.45472
          57000      0.0803724        1.13292         1.2835
          57100    5.80341e-06       0.998795       0.997591
          57200       0.413366       0.597549       0.357064
          57300       0.474017       0.558132       0.311511
          57400       0.473411       0.558526       0.311952
          57500      0.0786073        1.13153        1.28037
          57600      0.0176354        1.06433         1.1328
          57700       0.160077        1.18326         1.4001
          57800       0.215983       0.731615        0.53526
          57900     0.00764876       0.955271       0.912543
          58000       0.527499        1.31388        1.72629
          58100        2.87213        1.64157        2.69474
          58200       0.380721        1.27162        1.61703
          58300       0.556353        1.32132        1.74589
          58400     0.00331545       0.970783        0.94242
          58500      0.0135055        1.05651        1.11621
          58600      0.0039517       0.968059       0.937137
          58700      0.0265678       0.914879       0.837004
          58800     0.00321535        1.02796         1.0567
          58900       0.023393       0.920354       0.847052
          59000      0.0781246       0.848818       0.720492
          59100       0.484467       0.551329       0.303964
          59200       0.282413       0.684525       0.468574
          59300      0.0022577       0.975953       0.952485
          59400       0.024684        0.91809       0.842889
          59500       0.199179       0.744114       0.553706
          59600       0.371467       0.624915       0.390519
          59700       0.933772       0.183525      0.0336813
          59800       0.999412      0.0171463    0.000293994
          59900       0.999841    -0.00892782     7.9706e-05
          60000       0.870423      -0.258912      0.0670352
          60100       0.474353       0.557913       0.311267
          60200       0.260505       0.699716       0.489603
          60300       0.178944       0.759593       0.576982
          60400       0.130514       0.799208       0.638733
          60500     0.00344579       0.970206       0.941299
          60600       0.326702        1.25363        1.57158
          60700        1.28836        1.46118        2.13506
          60800        2.22616        1.57862        2.49203
          60900       0.089888        1.14009        1.29981
          61000     0.00230968       0.975675       0.951941
          61100    4.34988e-05       0.996697       0.993405
          61200       0.180645        1.19374        1.42502
          61300       0.496012         0.5438       0.295719
          61400       0.388619       0.613683       0.376607
          61500      0.0542353        1.11035        1.23288
          61600      0.0857199       0.840964        0.70722
          61700       0.146665          1.176        1.38297
          61800       0.419624        1.28366        1.64778
          61900       0.070576        1.12502        1.26566
          62000       0.981173        1.41087        1.99054
          62100        3.53859        1.69738        2.88111
          62200        0.34451        1.25974        1.58695
          62300      0.0425338        1.09829        1.20624
          62400      0.0200109        1.06839        1.14146
          62500       0.016462       0.933646       0.871696
          62600       0.246564        1.22334        1.49655
          62700       0.302402        1.24495        1.54991
          62800       0.650564        1.34409        1.80658
          62900         6.8547        1.90214        3.61815
          63000       0.105759        1.15118        1.32521
          63100       0.199636        1.20283        1.44681
          63200       0.561823        1.32271        1.74955
          63300      0.0602161        1.11597        1.24539
          63400       0.294975       0.675932       0.456884
          63500       0.175415       0.762348       0.581174
          63600      0.0135178        1.05653        1.11627
          63700      0.0648904       0.863287       0.745264
          63800      0.0759554       0.851117         0.7244
          63900       0.267552        1.23177        1.51725
          64000        0.76693        1.36958        1.87575
          64100        1.23838        1.45356        2.11282
          64200       0.531322        1.31488        1.72892
          64300        1.33782        1.46855        2.15664
          64400       0.614155        1.33554        1.78368
          64500      0.0360197        1.09077        1.18979
          64600       0.263157       0.697862       0.487011
          64700       0.469684        0.56095       0.314665
          64800      0.0538393       0.876337       0.767967
          64900      0.0383497       0.896755       0.804169
          65000     0.00242321       0.975076       0.950774
          65100      0.0562779        1.11231        1.23723
          65200       0.307305        1.24674        1.55435
          65300      0.0503314         1.1065        1.22435
          65400       0.025241       0.917129       0.841126
          65500        0.07995       0.846904       0.717246
          65600       0.203775       0.740665       0.548585
          65700       0.328661       0.653231       0.426711
          65800       0.303195        0.67035       0.449368
          65900      0.0309258       0.907823       0.824143
          66000       0.391135       0.612039       0.374592
          66100      0.0187202       0.929074       0.863178
          66200      0.0272794        1.07943        1.16516
          66300       0.142203         1.1735         1.3771
          66400        0.12794       0.801444       0.642313
          66500      0.0958183       0.830936       0.690455
          66600        0.15238       0.780795       0.609641
          66700      0.0154037       0.935889       0.875889
          66800       0.310713        1.24796        1.55742
          66900        1.98859        1.55247        2.41017
          67000        1.44122        1.48341        2.20051
          67100        2.12168        1.56735         2.4566
          67200       0.826174        1.38164        1.90894
          67300        1.70854        1.51892        2.30711
          67400        1.06533        1.42553        2.03215
          67500       0.997598        1.41379         1.9988
          67600       0.727361         1.3612        1.85285
          67700      0.0041316       0.967327       0.935722
          67800      0.0677175       0.860101       0.739774
          67900      0.0708875       0.856594       0.733753
          68000       0.473799       0.558274       0.311669
          68100       0.316058       0.661672       0.437809
          68200    2.98167e-05       0.997266        0.99454
          68300       0.136861       0.793758       0.630052
          68400      0.0427844        1.09856        1.20684
          68500       0.150904       0.782008       0.611536
          68600     0.00552561         1.0365        1.07433
          68700       0.765815        1.36935        1.87511
          68800       0.213109        1.20898        1.46164
          68900        0.41171        1.28127        1.64165
          69000       0.467313        1.29754         1.6836
          69100      0.0200739         1.0685        1.14168
          69200       0.248878        1.22429        1.49888
          69300        0.32283        1.25227        1.56818
          69400      0.0382609       0.896881       0.804396
          69500       0.688166       0.412846       0.170442
          69600       0.534533       0.518539       0.268882
          69700       0.590782       0.481016       0.231376
          69800       0.166011       0.769777       0.592556
          69900     0.00036945        1.00956        1.01922
          70000       0.143514       0.788142       0.621167
          70100      0.0772416       0.849751       0.722076
          70200      0.0010167        1.01582        1.03189
          70300       0.796537        1.37568        1.89249
          70400       0.344153        1.25962        1.58665
          70500       0.398844        1.27732        1.63154
          70600      0.0112255       0.945542        0.89405
          70700       0.210363       0.735762       0.541346
          70800     0.00218859        1.02312        1.04678
          70900       0.286045        1.23888        1.53483
          71000      0.0175121       0.931486       0.867667
          71100       0.135946        1.16992        1.36871
          71200      0.0485109        1.10465        1.22025
          71300       0.204912        1.20527        1.45267
          71400      0.0572067        0.87225       0.760821
          71500       0.123475       0.805363        0.64861
          71600      0.0471922       0.884739       0.782762
          71700       0.255936        1.22715         1.5059
          71800       0.560689        1.32242        1.74879
          71900       0.105356        1.15091        1.32459
          72000       0.037453       0.898038       0.806472
          72100      0.0881243       0.838536       0.703143
          72200      0.0388471       0.896049       0.802903
          72300      0.0315825        1.08523        1.17771
          72400       0.314539        1.24933        1.56084
          72500     0.00602409       0.960409       0.922385
          72600     0.00544999        1.03625        1.07382
          72700       0.216549       0.731199       0.534652
          72800       0.494624       0.544706       0.296705
          72900      0.0400402        1.09549         1.2001
          73000       0.218771         1.2115        1.46773
          73100       0.587949         1.3292        1.76678
          73200        0.92371        1.40039         1.9611
          73300       0.635667        1.34063        1.79729
          73400       0.210555        1.20783        1.45886
          73500       0.161563        1.18404        1.40195
          73600      0.0393363        1.09468        1.19833
          73700      0.0581446        1.11406        1.24113
          73800      0.0397998        1.09522         1.1995
          73900       0.737092        1.36328        1.85854
          74000     0.00517932        1.03536        1.07197
          74100      0.0537353       0.876465       0.768191
          74200     0.00626691        1.03883        1.07916
          74300      0.0985964         1.1463          1.314
          74400      0.0688048        1.12352        1.26231
          74500      0.0459197       0.886403       0.785711
          74600       0.622087       0.459646       0.211275
          74700       0.538278       0.516068       0.266326
          74800       0.120148       0.808317       0.653377
          74900      0.0303683        1.08364        1.17427
          75000     0.00769876       0.955122       0.912257
          75100       0.246203       0.709797       0.503811
          75200      0.0864914       0.840182       0.705906
          75300        0.67475       0.422573       0.178568
          75400       0.415204       0.596353       0.355636
          75500       0.314669       0.662605       0.439046
          75600       0.595835       0.477594       0.228096
          75700       0.277147       0.688151       0.473552
          75800       0.831106       0.297237        0.08835
          75900        0.85968       0.269835      0.0728109
          76000       0.956311       0.148622      0.0220885
          76100       0.986096      0.0835241     0.00697628
          76200        0.99107     -0.0668939     0.00447479
          76300       0.384684       0.616256       0.379771
          76400       0.762332       0.356207       0.126884
          76500       0.575406        0.49137       0.241445
          76600        0.57161       0.493914       0.243951
          76700       0.140881       0.790354       0.624659
          76800      0.0806656       0.846158       0.715983
          76900       0.331272        1.25521        1.57556
          77000       0.426622        1.28575        1.65316
          77100       0.826022        1.38161        1.90886
          77200        1.78509        1.52842        2.33607
          77300      0.0373118       0.898241       0.806837
          77400      0.0423819        1.09812        1.20587
          77500        2.42493        1.59913        2.55722
          77600        1.65838        1.51254        2.28778
          77700       0.465219        1.29695        1.68207
          77800       0.386693        1.27352        1.62185
          77900      0.0404898          1.096        1.20122
          78000      0.0567371       0.872814       0.761805
          78100       0.439579        0.58051       0.336992
          78200      0.0666171       0.861334       0.741897
          78300       0.139878         0.7912       0.625998
          78400      0.0666668        1.12169         1.2582
          78500       0.190582        1.19856        1.43656
          78600       0.132263       0.797697       0.636321
          78700       0.177919       0.760392       0.578195
          78800       0.079032       0.847864       0.718874
          78900        1.26465        1.45759        2.12457
          79000        1.41341        1.47948        2.18887
          79100      0.0102665       0.947985       0.898676
          79200      0.0235658        1.07402        1.15351
          79300       0.135439       0.794972        0.63198
          79400       0.346995       0.641043       0.410937
          79500      0.0923311        0.83435        0.69614
          79600    0.000439312       0.989465        0.97904
          79700       0.229897       0.721474       0.520525
          79800        0.14238       0.789093       0.622667
          79900       0.310179        0.66563       0.443063
          80000       0.238198       0.715503       0.511945
          80100       0.089321        1.13968        1.29887
          80200       0.139404         0.7916       0.626631
          80300      0.0247135        1.07573        1.15721
          80400     0.00125422        1.01755        1.03541
          80500       0.295876        1.24256        1.54394
          80600      0.0923859        1.14191        1.30395
          80700      0.0478288        1.10395         1.2187
          80800       0.185698        1.19621        1.43093
          80900       0.114181        1.15668        1.33791
          81000       0.110387        1.15423        1.33225
          81100    0.000335702       0.990797       0.981678
          81200       0.667746        1.34802        1.81716
          81300       0.372463        1.26897         1.6103
          81400       0.733908         1.3626        1.85668
          81500     0.00377614       0.968788        0.93855
          81600      0.0348978        1.08941        1.18681
          81700       0.128883        1.16576          1.359
          81800      0.0148086         1.0591        1.12169
          81900       0.159399       0.775082       0.600753
          82000    0.000263519        0.99185       0.983767
          82100      0.0852428        1.13665        1.29196
          82200       0.658336        1.34587        1.81138
          82300       0.241188        1.22111        1.49111
          82400      0.0177335       0.931039       0.866833
          82500      0.0634436       0.864939        0.74812
          82600       0.279372       0.686617       0.471443
          82700      0.0377446       0.897619        0.80572
          82800      0.0183928        0.92972        0.86438
          82900      0.0215494        0.92369       0.853203
          83000      0.0526637       0.877789       0.770514
          83100       0.236492        1.21914         1.4863
          83200    0.000350733        1.00932        1.01873
          83300      0.0145376        1.05857        1.12057
          83400       0.553832        1.32068         1.7442
          83500       0.482074        1.30166        1.69432
          83600       0.176086        1.19148        1.41963
          83700       0.107232       0.820084       0.672538
          83800       0.496578       0.543431       0.295317
          83900        0.17752       0.760703       0.578669
          84000      0.0187336       0.929048       0.863129
          84100       0.304558        1.24574        1.55187
          84200     0.00553555        1.03653         1.0744
          84300    0.000517721        1.01131        1.02275
          84400      0.0189022        1.06653        1.13749
          84500     0.00030444       0.991237       0.982552
          84600       0.010425        1.04981         1.1021
          84700      0.0655942        1.12076        1.25611
          84800       0.107341        1.15223        1.32763
          84900    0.000437122         1.0104        1.02091
          85000       0.137687        1.17092        1.37106
          85100      0.0184683       0.929571       0.864102
          85200    2.41373e-05        0.99754       0.995087
          85300        1.52397        1.49482        2.23449
          85400       0.284211        1.23819        1.53311
          85500        2.56809        1.61323        2.60253
          85600       0.117236        1.15862         1.3424
          85700      0.0167693       0.933008       0.870503
          85800       0.169044       0.767366        0.58885
          85900       0.214389       0.732788       0.536979
          86000       0.214875        0.73243       0.536454
          86100       0.999961     0.00442399    1.95717e-05
          86200       0.944372       0.167964      0.0282118
          86300       0.664203       0.430132       0.185014
          86400       0.946664      -0.164419      0.0270336
          86500       0.685462      -0.414818       0.172074
          86600       0.722278      -0.387467        0.15013
          86700       0.717249      -0.391273       0.153094
          86800       0.335459        -0.6487       0.420812
          86900       0.455824      -0.569959       0.324853
          87000       0.139282      -0.791704       0.626795
          87100      0.0117369       -1.05278        1.10834
          87200     0.00876714       -1.04577        1.09363
          87300       0.025143       -1.07637        1.15857
          87400       0.746638       -1.36531        1.86408
          87500       0.101859       -1.14854        1.31915
          87600       0.150648       -1.17819        1.38813
          87700      0.0198519       -1.06813         1.1409
          87800     0.00696719        -1.0409        1.08347
          87900       0.271047      -0.692371       0.479378
          88000       0.962327      -0.137903      0.0190173
          88100       0.937864      -0.177668       0.031566
          88200        0.56377       0.499153       0.249154
          88300       0.975455       0.111124      0.0123486
          88400       0.939726       0.174944      0.0306054
          88500       0.692791       0.409462       0.167659
          88600       0.913922       0.209779      0.0440072
          88700       0.916122        0.20702      0.0428573
          88800       0.625827       0.457064       0.208908
          88900      0.0017211        1.02053        1.04149
          89000      0.0558667       0.873864       0.763639
          89100       0.180937       0.758046       0.574633
          89200      0.0110151        1.05117        1.10495
          89300        2.33416         1.5899         2.5278
          89400       0.162652        1.18461         1.4033
          89500       0.014244        1.05799        1.11935
          89600       0.286667       0.681606       0.464587
          89700        0.28348       0.683792       0.467572
          89800       0.143917        1.17446        1.37936
          89900        0.02925        1.08214        1.17103
          90000      0.0579608        1.11389        1.24075
          90100     0.00641355       0.959122       0.919915
          90200      0.0673873        1.12231        1.25959
          90300      0.0584765        1.11437        1.24182
          90400       0.194874         1.2006        1.44144
          90500       0.622776         1.3376        1.78916
          90600       0.269196        1.23241        1.51884
          90700      0.0391084        1.09442        1.19776
          90800     4.2106e-05        0.99675       0.993511
          90900       0.778448        1.37197         1.8823
          91000        1.20528         1.4484        2.09785
          91100       0.153639        1.17982        1.39197
          91200      0.0187982       0.928921       0.862894
          91300     0.00901019       0.951356       0.905078
          91400      0.0264393       0.915095       0.837398
          91500     0.00733588       0.956217        0.91435
          91600        0.54977        1.31965        1.74146
          91700     0.00910828        1.04663        1.09544
          91800         1.0705        1.42641        2.03465
          91900       0.137719        1.17094        1.37111
          92000      0.0401269        0.89425       0.799683
          92100       0.285622        1.23872        1.53444
          92200      0.0952765        1.14397        1.30867
          92300        1.00128        1.41444        2.00064
          92400       0.236875         1.2193         1.4867
          92500       0.546373        1.31878        1.73917
          92600       0.252344         1.2257        1.50234
          92700       0.345946        1.26023        1.58817
          92800       0.131293        1.16719        1.36234
          92900       0.057554        1.11351         1.2399
          93000      0.0159026        1.06118        1.12611
          93100      0.0412842       0.892645       0.796815
          93200     0.00373165       0.968975       0.938913
          93300       0.464945       0.564031       0.318132
          93400     0.00738864       0.956056       0.914043
          93500        2.40919        1.59755        2.55216
          93600       0.112593        1.15566        1.33555
          93700       0.241966        1.22143         1.4919
          93800      0.0379821       0.897279        0.80511
          93900      0.0165257       0.933514       0.871448
          94000       0.466535       0.562997       0.316966
          94100       0.248986       0.707824       0.501015
          94200       0.222544       0.726811       0.528255
          94300       0.618301       0.462254       0.213679
          94400       0.274788       0.689781       0.475798
          94500      0.0130628        0.94112       0.885707
          94600       0.852541        1.38684        1.92333
          94700        1.06954        1.42625        2.03418
          94800        0.19433        1.20035        1.44083
          94900      0.0823641        1.13446        1.28699
          95000        0.24083        1.22096        1.49074
          95100       0.391502        1.27503         1.6257
          95200        0.75477        1.36703        1.86878
          95300       0.156384       0.777525       0.604545
          95400       0.226791       0.723723       0.523774
          95500       0.311172        1.24813        1.55783
          95600       0.695873        1.35432        1.83419
          95700       0.685444          1.352        1.82792
          95800       0.117875        1.15902        1.34333
          95900        1.38867        1.47595        2.17842
          96000        1.15597        1.44054        2.07516
          96100       0.144448        1.17476        1.38006
          96200       0.486372        1.30284         1.6974
          96300       0.248165        1.22399        1.49816
          96400       0.416222        1.28263        1.64515
          96500     0.00224195         1.0234        1.04735
          96600       0.414972        1.28226        1.64418
          96700      0.0128909        1.05524        1.11354
          96800       0.206089        1.20581        1.45397
          96900       0.475063        1.29971        1.68925
          97000       0.601737        1.33256        1.77572
          97100      0.0154389        1.06031        1.12425
          97200    0.000699788       0.986685       0.973546
          97300        0.76423        1.36902         1.8742
          97400       0.192269        1.19937        1.43848
          97500       0.489701        1.30376        1.69979
          97600       0.125548       0.803538       0.645673
          97700       0.049298       0.882025       0.777968
          97800      0.0312288        0.90735       0.823283
          97900       0.163058       0.772137       0.596196
          98000     0.00759064       0.955445       0.912876
          98100       0.521973        1.31243        1.72248
          98200       0.174402        1.19064        1.41761
          98300      0.0836351       0.843091       0.710803
          98400       0.137235        1.17066        1.37045
          98500        1.11542        1.43392        2.05613
          98600        1.67433        1.51458        2.29396
          98700       0.140591        1.17258        1.37495
          98800     0.00261601       0.974091       0.948853
          98900       0.339684       0.645891       0.417175
          99000       0.187607       0.752903       0.566864
          99100    0.000331733       0.990851       0.981786
          99200        1.09612        1.43072        2.04696
          99300      0.0969601        1.14516        1.31138
          99400       0.260512       0.699712       0.489596
          99500    0.000176686        1.00662        1.01329
          99600       0.198797        1.20244        1.44587
          99700       0.172458        1.18966        1.41528
          99800        0.15555       0.778204       0.605601
          99900      0.0923811         1.1419        1.30394
         100000      0.0883515        1.13896        1.29724
