              0       0.999144     -0.0206917    0.000428145
            100       0.995571     -0.0470863     0.00221712
            200       0.768274      -0.351408       0.123488
            300       0.181271      -0.757787       0.574241
            400      0.0601096      -0.868808       0.754827
            500       0.261614      -0.698941       0.488518
            600       0.194422      -0.747708       0.559067
            700      0.0517126       -1.10788         1.2274
            800       0.391386       -1.27499        1.62561
            900     0.00323222      -0.971158       0.943147
           1000       0.178263      -0.760123       0.577787
           1100      0.0143161       -0.93827        0.88035
           1200      0.0364654      -0.899467       0.809041
           1300      0.0243446       -1.07519        1.15603
           1400      0.0878562      -0.838805       0.703595
           1500       0.438085      -0.581481        0.33812
           1600     0.00710268      -0.956934       0.915723
           1700     0.00158929      -0.979864       0.960134
           1800       0.182185        -1.1945        1.42683
           1900      0.0180725        -1.0651        1.13443
           2000     0.00118082       -1.01704        1.03436
           2100       0.180801       -1.19382        1.42521
           2200        0.25752       -1.22779        1.50746
           2300       0.110948      -0.816646       0.666911
           2400      0.0118721       -0.94395       0.891041
           2500       0.115266      -0.812706       0.660491
           2600      0.0185879       -1.06599        1.13634
           2700    8.88848e-05      -0.995275       0.990572
           2800      0.0504363      -0.880579        0.77542
           2900       0.030266      -0.908861       0.826029
           3000      0.0374106      -0.898099       0.806582
           3100     0.00439658      -0.966278       0.933693
           3200      0.0343995       -1.08879        1.18547
           3300      0.0684223        -1.1232        1.26158
           3400      0.0391521       -1.09447        1.19787
           3500      0.0951055       -1.14385        1.30839
           3600          0.352       -1.26226         1.5933
           3700       0.137605       -1.17088        1.37095
           3800       0.280591      -0.685778       0.470292
           3900       0.142484      -0.789005       0.622529
           4000      0.0497094      -0.881501       0.777044
           4100      0.0208596      -0.924971       0.855571
           4200    0.000728895      -0.986409       0.973002
           4300       0.239749      -0.714393       0.510358
           4400        0.05402       -1.11015        1.23242
           4500       0.194175       -1.20027        1.44065
           4600     0.00283517      -0.973013       0.946754
           4700      0.0877376       -1.13851        1.29621
           4800    0.000564749       -1.01181        1.02376
           4900      0.0300108      -0.909265       0.826764
           5000       0.030223      -0.908929       0.826152
           5100    0.000270725       -1.00819        1.01645
           5200        0.27792       -1.23579        1.52718
           5300      0.0926097      -0.834075       0.695682
           5400     0.00208882      -0.976881       0.954296
           5500      0.0263181      -0.915298       0.837771
           5600     0.00755926       -1.04257        1.08694
           5700      0.0626244      -0.865882       0.749751
           5800    1.77853e-09       -1.00002        1.00004
           5900       0.019085       -1.06684        1.13815
           6000      0.0152823       -1.06001        1.12362
           6100      0.0735216      -0.853728       0.728851
           6200     0.00366587       -1.02983        1.06055
           6300      0.0450269      -0.887584       0.787805
           6400      0.0108936      -0.946376       0.895627
           6500       0.372156      -0.624463       0.389954
           6600      0.0955498       -1.14416        1.30911
           6700       0.183992       -1.19538        1.42894
           6800       0.123948       -1.16278        1.35206
           6900       0.064244      -0.864023       0.746536
           7000      0.0663829       -1.12145        1.25765
           7100     0.00151658       -1.01929        1.03894
           7200      0.0594549      -0.869578       0.756166
           7300       0.154188       -1.18011        1.39267
           7400       0.011253      -0.945473        0.89392
           7500       0.880936      -0.247827      0.0614183
           7600       0.201783      -0.742157       0.550797
           7700      0.0446507       -1.10059        1.21131
           7800    0.000159921      -0.993657       0.987354
           7900      0.0088229       -1.04591        1.09393
           8000      0.0118906      -0.943905       0.890956
           8100      0.0769948      -0.850012       0.722521
           8200    0.000396546      -0.989993       0.980087
           8300      0.0501797       -1.10635        1.22401
           8400      0.0108095      -0.946589       0.896031
           8500       0.010887       -1.05088        1.10434
           8600       0.012555       -1.05454        1.11205
           8700       0.101228       -1.14811        1.31816
           8800      0.0419155        -1.0976        1.20473
           8900      0.0936768       -1.14283        1.30607
           9000      0.0721184      -0.855249       0.731451
           9100      0.0745563      -0.852614        0.72695
           9200      0.0270146      -0.914133       0.835639
           9300      0.0101314       -1.04912        1.10065
           9400     0.00369747       -1.02995        1.06081
           9500      0.0109893       -1.05111        1.10483
           9600       0.114551      -0.813355       0.661546
           9700       0.700881      -0.403502       0.162814
           9800      0.0210983      -0.924526       0.854748
           9900      0.0561987      -0.873463       0.762937
          10000     0.00129664       -0.98183       0.963991
          10100      0.0987348       -1.14639        1.31422
          10200     0.00243403       -0.97502       0.950664
          10300       0.298512      -0.673526       0.453638
          10400      0.0787131       -1.13162        1.28056
          10500    3.06987e-05      -0.997226       0.994459
          10600     0.00470616       -1.03373         1.0686
          10700      0.0515856      -0.879133       0.772875
          10800      0.0796857       -1.13238        1.28229
          10900       0.127653      -0.801695       0.642714
          11000         0.0136      -0.939884       0.883381
          11100     0.00561998      -0.961787       0.925033
          11200      0.0295755      -0.909959       0.828025
          11300      0.0724953      -0.854839        0.73075
          11400       0.268469       -1.23213        1.51814
          11500      0.0015631      -0.980033       0.960464
          11600       0.017528      -0.931454       0.867607
          11700     0.00192131      -0.977838       0.956167
          11800      0.0929069       -1.14228        1.30481
          11900      0.0903501       -1.14043        1.30058
          12000      0.0102794       -1.04947        1.10139
          12100        0.20167       -1.20378        1.44908
          12200      0.0609551       -1.11664        1.24689
          12300       0.116208       -1.15797        1.34089
          12400        0.10339       -1.14958        1.32154
          12500      0.0483543       -1.10449         1.2199
          12600      0.0961793       -1.14461        1.31013
          12700       0.223078      -0.726422       0.527688
          12800     0.00624858       -1.03877        1.07905
          12900     0.00021445        -1.0073        1.01464
          13000       0.136707       -1.17036        1.36974
          13100       0.105693       -0.82152       0.674895
          13200       0.162606        -0.7725       0.596756
          13300      0.0730112       -0.85428       0.729794
          13400     0.00853807       -0.95268       0.907598
          13500       0.261245      -0.699199       0.488879
          13600      0.0832408      -0.843496       0.711485
          13700       0.276146      -0.688842       0.474504
          13800      0.0205827       -1.06933        1.14347
          13900       0.432458       -1.28748        1.65762
          14000      0.0671727       -1.12213        1.25918
          14100      0.0804589      -0.846373       0.716347
          14200      0.0821319      -0.844638       0.713413
          14300     0.00835717       -1.04471        1.09142
          14400      0.0440198      -0.888927       0.790191
          14500     0.00181016       -1.02105        1.04255
          14600     0.00128636      -0.981903       0.964134
          14700       0.125169       -1.16353        1.35379
          14800    0.000409168      -0.989834       0.979772
          14900     0.00105839      -0.983599       0.967467
          15000     0.00373507      -0.968961       0.938885
          15100    0.000827761       -0.98551       0.971229
          15200     0.00286395      -0.972874       0.946484
          15300      0.0141576       -1.05782        1.11899
          15400       0.278486       -1.23601        1.52772
          15500       0.151241      -0.781731       0.611103
          15600       0.014943       -1.05936        1.12224
          15700    0.000309497      -0.991165       0.982407
          15800      0.0384192       -1.09362        1.19601
          15900       0.138496       -1.17139        1.37215
          16000      0.0285287      -0.911644       0.831096
          16100    4.25774e-05       -1.00326        1.00653
          16200      0.0484898      -0.883061       0.779796
          16300       0.170448      -0.766255       0.587146
          16400        0.15901      -0.775397        0.60124
          16500      0.0108177      -0.946568       0.895992
          16600     0.00464652      -0.965316       0.931835
          16700       0.188826       -1.19772        1.43454
          16800     0.00792768      -0.954444       0.910962
          16900      0.0107146       -1.05048        1.10351
          17000      0.0876017       -1.13841        1.29598
          17100      0.0489477        -1.1051        1.22124
          17200       0.354556       -1.26311        1.59545
          17300      0.0470705       -1.10316        1.21696
          17400     0.00404794       -1.03132        1.06362
          17500     0.00837435       -1.04475        1.09151
          17600     0.00615035      -0.959987       0.921576
          17700       0.156618      -0.777336       0.604251
          17800      0.0559962      -0.873708       0.763365
          17900      0.0012968      -0.981829       0.963989
          18000     0.00817965       -1.04424        1.09044
          18100        0.08089       -1.13332        1.28441
          18200      0.0351287      -0.901429       0.812573
          18300      0.0373063      -0.898249       0.806852
          18400      0.0971133      -0.829681        0.68837
          18500      0.0331644      -0.904372       0.817889
          18600       0.111941      -0.815735       0.665424
          18700       0.469667        -1.2982        1.68532
          18800       0.155734       -1.18094        1.39463
          18900    0.000857122      -0.985253       0.970723
          19000      0.0842221       -0.84249        0.70979
          19100       0.313752       -1.24905        1.56014
          19200     0.00534453      -0.962753       0.926894
          19300      0.0813731      -0.845423        0.71474
          19400       0.204898      -0.739826       0.547343
          19500      0.0295986       -1.08261        1.17204
          19600    1.57973e-06       -1.00063        1.00126
          19700    0.000545346      -0.988255       0.976647
          19800       0.111155       -1.15473         1.3334
          19900       0.149382        -1.1775         1.3865
          20000      0.0402723      -0.894047        0.79932
          20100     0.00556348       -1.03662        1.07459
          20200      0.0501568      -0.880933       0.776043
          20300      0.0794771      -0.847398       0.718083
          20400       0.324086      -0.656288       0.430714
          20500      0.0326043       -1.08654        1.18057
          20600     0.00966145       -1.04799        1.09829
          20700     0.00425317       -1.03209        1.06522
          20800      0.0317586      -0.906527       0.821791
          20900    0.000259014       -1.00801        1.01609
          21000    0.000297409       -0.99134       0.982754
          21100       0.250363       -1.22489        1.50036
          21200       0.107732      -0.819618       0.671774
          21300     0.00146025      -0.980707       0.961787
          21400      0.0661993      -0.861805       0.742708
          21500      0.0338899      -0.903276       0.815908
          21600        0.21915      -0.729291       0.531865
          21700       0.307147      -0.667676       0.445791
          21800       0.131022      -0.798768        0.63803
          21900       0.192918      -0.748849       0.560776
          22000      0.0840462       -0.84267       0.710093
          22100      0.0780851       -1.13112        1.27944
          22200       0.271129       -1.23317         1.5207
          22300       0.135349       -1.16957         1.3679
          22400      0.0664045       -1.12147        1.25769
          22500     0.00200022      -0.977382       0.955276
          22600      0.0344337       -1.08884        1.18556
          22700     0.00317879        -1.0278        1.05638
          22800      0.0949499      -0.831782       0.691861
          22900       0.244564      -0.710961       0.505466
          23000       0.047726       -1.10384        1.21846
          23100      0.0422086      -0.891377       0.794553
          23200      0.0245969      -0.918241       0.843166
          23300       0.231801      -0.720099       0.518542
          23400      0.0386167       -1.09385        1.19651
          23500    2.82129e-06       -1.00084        1.00168
          23600       0.171297       -1.18907        1.41388
          23700      0.0596596      -0.869337       0.755747
          23800       0.249658      -0.707349       0.500343
          23900      0.0939085      -0.832799       0.693555
          24000     0.00178848       -1.02093        1.04229
          24100      0.0539871      -0.876156       0.767649
          24200      0.0614249      -0.867271        0.75216
          24300       0.264679        -0.6968        0.48553
          24400       0.115466      -0.812525       0.660197
          24500     0.00181182       -1.02106        1.04257
          24600      0.0238407      -0.919563       0.845596
          24700       0.102877      -0.824169       0.679255
          24800     0.00330277       -0.97084        0.94253
          24900       0.100098       -1.14734        1.31638
          25000       0.204135       -1.20491        1.45181
          25100      0.0546747      -0.875314       0.766174
          25200      0.0558955       -1.11195        1.23642
          25300      0.0409242      -0.893142       0.797703
          25400       0.519809      -0.528225       0.279022
          25500       0.162951      -0.772223       0.596329
          25600      0.0275788       -1.07985        1.16607
          25700      0.0099916       -1.04879        1.09996
          25800         0.1372       -1.17064         1.3704
          25900     0.00175977        -0.9788        0.95805
          26000      0.0477966      -0.883955       0.781376
          26100       0.125285      -0.803769       0.646044
          26200     0.00390101      -0.968268       0.937542
          26300      0.0930327       -1.14237        1.30501
          26400      0.0244435      -0.918507       0.843656
          26500       0.800724      -0.324297       0.105168
          26600      0.0716748      -0.855733       0.732279
          26700      0.0776755      -0.849292       0.721297
          26800       0.191148      -0.750197       0.562795
          26900       0.144939      -0.786951       0.619291
          27000      0.0485157       -1.10466        1.22026
          27100       0.110069       -1.15402        1.33177
          27200      0.0977934      -0.829024       0.687281
          27300      0.0632574      -0.865153        0.74849
          27400       0.226965      -0.723596       0.523592
          27500     0.00805047        -1.0439        1.08972
          27600      0.0013455      -0.981488       0.963319
          27700    0.000582289       -1.01199        1.02413
          27800      0.0552155        -1.1113        1.23498
          27900      0.0278907       -1.08028        1.16701
          28000      0.0500955      -0.881011        0.77618
          28100      0.0357776       -1.09048        1.18915
          28200        0.37592       -1.27009        1.61312
          28300        0.01856       -1.06594        1.13624
          28400      0.0679981       -1.12284        1.26076
          28500     0.00169646       -1.02039        1.04119
          28600      0.0317835      -0.906488       0.821721
          28700      0.0626845      -0.865812       0.749631
          28800       0.212397      -0.734258       0.539134
          28900      0.0930604      -0.833632       0.694942
          29000     0.00144133      -0.980834       0.962035
          29100       0.133454       -1.16847        1.36531
          29200       0.184601       -1.19568        1.42965
          29300     0.00216118       -1.02298        1.04649
          29400       0.116632      -0.811471       0.658486
          29500      0.0453305      -0.887181        0.78709
          29600      0.0432736      -0.889931       0.791977
          29700    0.000314353       -1.00883        1.01773
          29800      0.0004688       -1.01077        1.02165
          29900       0.325223       -1.25311        1.57028
          30000       0.155646        -1.1809        1.39452
          30100     0.00237606      -0.975323       0.951255
          30200      0.0375172       -1.09256        1.19369
          30300       0.114623       -1.15696        1.33856
          30400      0.0899125       -1.14011        1.29985
          30500      0.0296392      -0.909857        0.82784
          30600     0.00651946       -1.03959        1.08074
          30700     0.00452091       -1.03307        1.06724
          30800     0.00398154       -1.03107         1.0631
          30900      0.0969603      -0.829829       0.688615
          31000       0.135019       -1.16938        1.36745
          31100       0.318511      -0.660024       0.435632
          31200        0.25818       -1.22805        1.50811
          31300       0.268719       -1.23223        1.51838
          31400      0.0664295       -1.12149        1.25774
          31500    7.13372e-06      -0.998664       0.997329
          31600      0.0800457       -1.13266        1.28292
          31700      0.0258963       -1.07746        1.16092
          31800       0.127995       -1.16523        1.35776
          31900       0.179756        -1.1933        1.42398
          32000       0.224052       -1.21381        1.47334
          32100      0.0136777       -1.05686        1.11695
          32200       0.110875      -0.816714       0.667021
          32300      0.0753388       -1.12893        1.27448
          32400       0.310497      -0.665415       0.442777
          32500      0.0177776       -0.93095       0.866667
          32600      0.0102553       -1.04941        1.10127
          32700    1.98782e-05       -1.00223        1.00446
          32800       0.227918      -0.722905       0.522592
          32900       0.103042      -0.824014       0.678999
          33000      0.0262336      -0.915441       0.838032
          33100       0.115412       -1.15746        1.33972
          33200       0.210031        -1.2076        1.45829
          33300       0.533962       -1.31557        1.73073
          33400      0.0076572       -1.04284        1.08751
          33500       0.126198       -1.16415        1.35524
          33600      0.0122467       -1.05388        1.11066
          33700       0.218025      -0.730115       0.533068
          33800       0.536743      -0.517081       0.267372
          33900    1.54219e-05      -0.998035       0.996073
          34000       0.163456       -1.18503         1.4043
          34100       0.324004       -1.25268        1.56921
          34200      0.0987077      -0.828144       0.685822
          34300        0.10328       -1.14951        1.32137
          34400     0.00684602       -1.04055        1.08274
          34500      0.0862014       -1.13737         1.2936
          34600       0.250694      -0.706616       0.499306
          34700      0.0148408      -0.937111       0.878177
          34800      0.0444682        -1.1004        1.21087
          34900       0.186263       -1.19649        1.43158
          35000      0.0177636       -1.06456        1.13328
          35100      0.0316466        -0.9067       0.822105
          35200       0.183033      -0.756423       0.572176
          35300       0.083815       -1.13557        1.28951
          35400    1.50479e-05       -1.00194        1.00388
          35500       0.285353       -1.23862        1.53418
          35600      0.0468403       -1.10292        1.21643
          35700    0.000916485       -1.01502        1.03027
          35800    0.000596264      -0.987715       0.975581
          35900     0.00560001       -1.03674        1.07483
          36000      0.0534562      -0.876809       0.768794
          36100      0.0105997      -0.947125       0.897045
          36200       0.203112       -1.20444        1.45068
          36300      0.0533826       -1.10953        1.23105
          36400      0.0140404       -1.05759        1.11849
          36500      0.0103826      -0.947684       0.898105
          36600      0.0149562       -1.05938         1.1223
          36700     0.00705374      -0.957086       0.916013
          36800      0.0267826       -0.91452       0.836346
          36900      0.0604303      -0.868432       0.754174
          37000     0.00581363      -0.961121       0.923753
          37100      0.0830189       -1.13496        1.28813
          37200      0.0138425      -0.939333       0.882346
          37300     0.00410812      -0.967422       0.935905
          37400     0.00752109      -0.955655       0.913276
          37500      0.0721897       -1.12636        1.26868
          37600      0.0208983      -0.924899       0.855438
          37700    0.000803876       -1.01408        1.02835
          37800      0.0076768      -0.955187       0.912383
          37900       0.093588      -0.833114       0.694078
          38000      0.0502674       -1.10644         1.2242
          38100        0.76477       -1.36913        1.87451
          38200       0.212504       -1.20871        1.46098
          38300      0.0319956       -1.08576        1.17887
          38400    0.000253229       -1.00793        1.01591
          38500      0.0940892      -0.832623        0.69326
          38600      0.0123442      -0.942813       0.888896
          38700       0.169358       -1.18808        1.41153
          38800      0.0209508       -1.06993        1.14474
          38900      0.0565762      -0.873008       0.762143
          39000      0.0488018       -0.88266       0.779089
          39100      0.0227733      -0.921462       0.849092
          39200       0.036795      -0.898988        0.80818
          39300      0.0111316      -0.945777       0.894494
          39400       0.193612       -1.20001        1.44001
          39500     0.00385313       -1.03057        1.06207
          39600      0.0385813       -1.09381        1.19642
          39700     0.00207341       -1.02251        1.04553
          39800      0.0593738        -1.1152        1.24367
          39900      0.0603518       -1.11609        1.24567
          40000      0.0251009       -0.91737       0.841567
          40100       0.103986      -0.823123       0.677532
          40200     0.00813371      -0.953841       0.909813
          40300      0.0368556       -1.09178        1.19198
          40400      0.0982178      -0.828615       0.686603
          40500      0.0390136       -1.09431        1.19752
          40600       0.145898      -0.786152       0.618034
          40700    0.000103211      -0.994907       0.989841
          40800       0.075452      -0.851654       0.725315
          40900      0.0217206      -0.923375       0.852621
          41000     0.00145874      -0.980717       0.961806
          41100       0.249884      -0.707188       0.500116
          41200     0.00766218       -1.04285        1.08753
          41300     0.00023349       -1.00761        1.01528
          41400       0.311428       -1.24822        1.55806
          41500      0.0249282       -1.07605        1.15789
          41600      0.0650803      -0.863071       0.744892
          41700       0.139703      -0.791348       0.626231
          41800       0.194816      -0.747409       0.558621
          41900       0.291517       -0.67829       0.460077
          42000       0.117512      -0.810678       0.657199
          42100      0.0320288      -0.906109       0.821034
          42200      0.0295408      -0.910014       0.828126
          42300      0.0989192      -0.827941       0.685486
          42400     0.00101818      -0.983916       0.968091
          42500       0.096035      -0.830725       0.690105
          42600     0.00903732      -0.951281       0.904935
          42700      0.0190195      -0.928487       0.862089
          42800      0.0249017      -0.917713       0.842197
          42900      0.0510844       -1.10726        1.22602
          43000       0.112956       -1.15589        1.33609
          43100      0.0415766       -1.09723         1.2039
          43200      0.0327993       -1.08679        1.18111
          43300      0.0115051      -0.944848       0.892738
          43400       0.296805      -0.674686       0.455202
          43500      0.0091608       -1.04676        1.09571
          43600      0.0586784       -1.11456        1.24224
          43700        0.21789       -1.21111        1.46679
          43800        0.35192       -1.26223        1.59323
          43900       0.709287       -1.35727        1.84219
          44000     0.00770124      -0.955114       0.912243
          44100     0.00849106      -0.952813       0.907853
          44200     8.2539e-05       -1.00453        1.00909
          44300     0.00203992       -1.02233        1.04517
          44400    0.000221967       -1.00742         1.0149
          44500     0.00256694      -0.974338       0.949335
          44600      0.0312369       -1.08478        1.17674
          44700     0.00800096       -1.04377        1.08945
          44800      0.0689324      -0.858749        0.73745
          44900      0.0586623      -0.870515       0.757797
          45000    0.000420029        -1.0102        1.02049
          45100       0.266793      -0.695327        0.48348
          45200      0.0072493      -0.956482       0.914857
          45300       0.110778      -0.816803       0.667167
          45400       0.151837       -1.17884        1.38966
          45500      0.0310841       -1.08458        1.17631
          45600     0.00552766       -1.03651        1.07435
          45700      0.0131298      -0.940965       0.885414
          45800       0.111184       -1.15475        1.33344
          45900       0.471664      -0.559663       0.313222
          46000      0.0059402      -0.960691       0.922927
          46100     0.00774921       -1.04309        1.08803
          46200       0.126366       -0.80282        0.64452
          46300       0.112551      -0.815177       0.664513
          46400       0.012391      -0.942701       0.888685
          46500       0.221753       -1.21281        1.47091
          46600       0.121494       -1.16128        1.34856
          46700      0.0711393      -0.856318        0.73328
          46800       0.181562      -0.757561       0.573899
          46900       0.011736       -1.05277        1.10833
          47000      0.0100043      -0.948672       0.899978
          47100      0.0346737      -0.902104       0.813791
          47200       0.026559       -1.07841        1.16297
          47300       0.132897       -1.16814        1.36455
          47400       0.281887       -1.23731        1.53093
          47500      0.0217717       -1.07124        1.14755
          47600      0.0311201      -0.907519       0.823591
          47700        0.14523      -0.786708       0.618909
          47800       0.198438      -0.744672       0.554537
          47900      0.0169382       -1.06308        1.13015
          48000       0.100681      -0.826255       0.682697
          48100       0.113004      -0.814763       0.663839
          48200       0.559191      -0.502204       0.252209
          48300       0.677047      -0.420917       0.177171
          48400      0.0551381      -0.874749       0.765185
          48500      0.0501126       -1.10628        1.22386
          48600      0.0765604      -0.850473       0.723305
          48700       0.111238       -0.81638       0.666477
          48800     0.00720352       -1.04157        1.08487
          48900      0.0072215       -1.04162        1.08498
          49000      0.0403389       -1.09583        1.20085
          49100     7.7248e-07       -1.00044        1.00088
          49200      0.0659872      -0.862044        0.74312
          49300      0.0876821      -0.838981       0.703888
          49400       0.334852       -1.25645        1.57866
          49500       0.415733       -1.28249        1.64477
          49600       0.613112        -1.3353        1.78301
          49700       0.316949       -1.25019        1.56298
          49800      0.0972468      -0.829552       0.688156
          49900      0.0618416      -0.866787        0.75132
          50000      0.0561587      -0.873511       0.763022
          50100      0.0417092       -0.89206       0.795772
          50200      0.0739359      -0.853281       0.728088
          50300      0.0493009       -1.10546        1.22204
          50400         0.1765       -1.19169        1.42012
          50500    0.000778552       -0.98595       0.972097
          50600      0.0221111       -0.92266       0.851302
          50700    5.29117e-06      -0.998849         0.9977
          50800      0.0211955       -1.07032        1.14559
          50900      0.0271036      -0.913985       0.835368
          51000      0.0822695       -1.13438        1.28683
          51100       0.031056      -0.907619       0.823773
          51200       0.240508       -1.22083        1.49042
          51300      0.0203986      -0.925838       0.857176
          51400     0.00799748       -1.04376        1.08943
          51500       0.396804      -0.608339       0.370076
          51600       0.202165      -0.741871       0.550372
          51700       0.198761      -0.744428       0.554174
          51800       0.226037       -0.72427       0.524567
          51900      0.0636155      -0.864742       0.747779
          52000      0.0474682       -1.10357        1.21787
          52100      0.0938488      -0.832858       0.693653
          52200       0.358995      -0.633118       0.400838
          52300       0.493891      -0.545185       0.297226
          52400       0.313688      -0.663265       0.439921
          52500       0.177466      -0.760745       0.578733
          52600     0.00361921      -0.969454        0.93984
          52700      0.0191303       -1.06692        1.13831
          52800      0.0812292      -0.845572       0.714993
          52900      0.0169895       -1.06318        1.13034
          53000     0.00183915       -1.02122        1.04289
          53100      0.0935907      -0.833111       0.694074
          53200      0.0792247      -0.847662       0.718531
          53300      0.0495504       -1.10571         1.2226
          53400      0.0662721       -1.12135        1.25743
          53500       0.078387       -1.13136        1.27998
          53600     0.00499959       -1.03475        1.07071
          53700      0.0192676       -1.06715        1.13881
          53800     0.00218822       -1.02312        1.04678
          53900      0.0544679       -1.11058        1.23338
          54000       0.149431      -0.783222       0.613437
          54100       0.174384      -0.763156       0.582407
          54200     0.00405509       -1.03135        1.06368
          54300      0.0242536      -0.918839       0.844264
          54400      0.0195232       -0.92751       0.860275
          54500     0.00245881      -0.974892       0.950414
          54600      0.0820015      -0.844773       0.713641
          54700       0.003235       -1.02805        1.05688
          54800      0.0121962       -1.05377        1.11044
          54900     0.00299876      -0.972234       0.945239
          55000      0.0314099      -0.907068       0.822772
          55100      0.0587091       -1.11458         1.2423
          55200       0.765637       -1.36931        1.87501
          55300       0.150747      -0.782137       0.611738
          55400      0.0541016      -0.876015       0.767402
          55500     0.00857051       -1.04526        1.09258
          55600     0.00235846       -1.02399        1.04856
          55700      0.0198738       -1.06816        1.14097
          55800      0.0316654      -0.906671       0.822052
          55900      0.0256169       -1.07706        1.16005
          56000        0.10009      -0.826819        0.68363
          56100      0.0204335      -0.925772       0.857054
          56200      0.0962484      -0.830518       0.689761
          56300       0.168646      -0.767681       0.589334
          56400      0.0305129       -1.08383        1.17468
          56500       0.101139      -0.825818       0.681976
          56600      0.0122953       -1.05398        1.11088
          56700      0.0645735      -0.863647       0.745887
          56800      0.0119147      -0.943846       0.890845
          56900      0.0946026       -1.14349        1.30758
          57000       0.369109      -0.626463       0.392456
          57100       0.366552      -0.628144       0.394565
          57200       0.104446       -0.82269       0.676819
          57300    6.49032e-06       -1.00127        1.00255
          57400       0.254265       -1.22648        1.50425
          57500       0.029833      -0.909548       0.827278
          57600     0.00143559      -0.980872       0.962111
          57700      0.0619293      -0.866686       0.751144
          57800      0.0035694       -1.02944        1.05974
          57900      0.0203843       -1.06901        1.14277
          58000       0.226367       -0.72403       0.524219
          58100    0.000284965      -0.991524       0.983119
          58200     0.00150254      -0.980427       0.961237
          58300      0.0115358       -1.05233         1.1074
          58400      0.0138872      -0.939232       0.882156
          58500    0.000299183      -0.991314       0.982703
          58600     0.00143492       -1.01876        1.03788
          58700     0.00114534       -1.01678        1.03384
          58800      0.0460202       -1.10205        1.21452
          58900      0.0918111      -0.834863       0.696996
          59000        0.14381        -1.1744        1.37922
          59100      0.0219907       -0.92288       0.851708
          59200      0.0124526       -1.05432        1.11159
          59300      0.0257837        -1.0773        1.16057
          59400      0.0564666       -1.11249        1.23763
          59500     0.00535084      -0.962731       0.926851
          59600       0.140129      -0.790988       0.625662
          59700     0.00287731       -1.02647        1.05364
          59800      0.0952374       -1.14394        1.30861
          59900       0.227972       -1.21551        1.47746
          60000       0.131972        -1.1676        1.36328
          60100     0.00346336      -0.970129        0.94115
          60200      0.0499788      -0.881159       0.776441
          60300       0.288198      -0.680558       0.463159
          60400       0.030688      -0.908196        0.82482
          60500       0.194568      -0.747597       0.558901
          60600       0.282474      -0.684483       0.468517
          60700       0.257913      -0.701533       0.492149
          60800      0.0240275      -0.919234       0.844992
          60900       0.116501      -0.811589       0.658677
          61000     0.00333966      -0.970675        0.94221
          61100     0.00218363        -1.0231        1.04673
          61200      0.0970227      -0.829768       0.688515
          61300       0.275368       -0.68938       0.475244
          61400     0.00144113      -0.980835       0.962038
          61500      0.0043549       -1.03247        1.06599
          61600      0.0690814       -1.12376        1.26283
          61700     0.00922085      -0.950776       0.903975
          61800       0.109551       -1.15368        1.33098
          61900      0.0030565      -0.971964       0.944714
          62000      0.0144201       -1.05834        1.12008
          62100      0.0115034       -1.05226        1.10725
          62200      0.0194405       -1.06744        1.13943
          62300       0.363015        -1.2659        1.60251
          62400      0.0146215      -0.937593       0.879081
          62500      0.0395883      -0.895004       0.801032
          62600      0.0044788      -0.965959       0.933076
          62700       0.046879       -1.10296        1.21652
          62800        0.35482      -0.635871       0.404332
          62900       0.487273      -0.549501       0.301951
          63000      0.0626293      -0.865876       0.749742
          63100      0.0111784       -0.94566       0.894272
          63200      0.0071857      -0.956677       0.915231
          63300      0.0474733      -0.884373       0.782116
          63400       0.321285      -0.658164        0.43318
          63500       0.389178      -0.613317       0.376158
          63600       0.156909      -0.777099       0.603883
          63700      0.0322397       -1.08607        1.17955
          63800     0.00680685       -1.04043         1.0825
          63900      0.0241899       -1.07496        1.15553
          64000       0.326051        -1.2534        1.57101
          64100       0.227593       -1.21535        1.47707
          64200       0.320875       -1.25158        1.56646
          64300       0.040391      -0.893882       0.799025
          64400     0.00758048      -0.955476       0.912934
          64500       0.125824      -0.803295       0.645283
          64600       0.183095      -0.756376       0.572104
          64700      0.0300155      -0.909258        0.82675
          64800       0.637581      -0.448903       0.201514
          64900     0.00888819       -1.04608        1.09428
          65000      0.0513348      -0.879448       0.773428
          65100       0.283228      -0.683965       0.467809
          65200       0.534461      -0.518586       0.268932
          65300          0.258      -0.701472       0.492063
          65400     0.00447668      -0.965967       0.933092
          65500      0.0309221       -1.08436        1.17585
          65600      0.0169481        -1.0631        1.13018
          65700      0.0483124       -1.10445         1.2198
          65800       0.231245       -1.21691        1.48088
          65900       0.124466      -0.804489       0.647202
          66000      0.0242728      -0.918805       0.844203
          66100     0.00967491       -1.04803        1.09836
          66200      0.0438329      -0.889178       0.790637
          66300       0.162662      -0.772455       0.596687
          66400     0.00914011      -0.950997       0.904396
          66500       0.239314      -0.714704       0.510802
          66600       0.332392      -0.650742       0.423466
          66700       0.124172      -0.804748        0.64762
          66800      0.0455165      -0.886935       0.786654
          66900      0.0245188       -1.07545        1.15658
          67000    0.000240629       -1.00773        1.01551
          67100       0.353252       -1.26268        1.59435
          67200        0.20159       -1.20374        1.44899
          67300     0.00175466       -1.02073        1.04189
          67400    4.63385e-05      -0.996591       0.993193
          67500      0.0926088       -1.14207        1.30432
          67600     0.00269702       -1.02564        1.05193
          67700       0.214297       -1.20951        1.46292
          67800       0.125947      -0.803188        0.64511
          67900       0.041689      -0.892088       0.795821
          68000      0.0541567      -0.875948       0.767284
          68100      0.0310649       -1.08455        1.17625
          68200      0.0129929       -1.05546        1.11399
          68300      0.0772229       -1.13044        1.27789
          68400     0.00143178      -0.980898       0.962161
          68500       0.445019       -1.29116         1.6671
          68600       0.118021       -1.15911        1.34354
          68700     0.00704367       -1.04112        1.08393
          68800      0.0803059       -1.13286        1.28338
          68900       0.227367      -0.723305        0.52317
          69000      0.0854851      -0.841202       0.707622
          69100      0.0006141       -1.01231        1.02478
          69200     0.00562017       -1.03681        1.07497
          69300        0.14007       -1.17229        1.37426
          69400    0.000819559       -1.01421        1.02863
          69500        0.30572      -0.668641        0.44708
          69600       0.263726      -0.697465       0.486457
          69700      0.0583099      -0.870934       0.758526
          69800      0.0213931      -0.923978       0.853736
          69900     0.00310928       -0.97172       0.944239
          70000      0.0250034       -1.07616        1.15812
          70100      0.0242037       -1.07498        1.15558
          70200      0.0021158       -1.02274          1.046
          70300    0.000106134      -0.994836       0.989698
          70400     5.2951e-05       -1.00363        1.00728
          70500      0.0952483      -0.831491       0.691377
          70600     0.00283877      -0.972995        0.94672
          70700     0.00960749       -1.04786        1.09802
          70800      0.0661611       -1.12126        1.25722
          70900       0.207597       -1.20649        1.45563
          71000     0.00125228      -0.982147       0.964612
          71100       0.037376      -0.898149       0.806671
          71200       0.128613        -1.1656        1.35863
          71300    0.000749616      -0.986215       0.972621
          71400     7.7727e-05      -0.995582       0.991184
          71500       0.348967       -1.26124        1.59073
          71600     0.00139431        -1.0185        1.03734
          71700       0.026505       -1.07833         1.1628
          71800       0.172066       -1.18946        1.41481
          71900      0.0100757       -1.04899        1.10038
          72000     0.00980708      -0.949194       0.900969
          72100    5.45027e-05       -1.00368        1.00738
          72200       0.444086       -1.29089         1.6664
          72300       0.265969       -1.23115        1.51572
          72400       0.111909      -0.815765       0.665472
          72500      0.0180256       -1.06502        1.13426
          72600       0.145799       -1.17552        1.38184
          72700      0.0462399       -1.10229        1.21503
          72800       0.620084      -0.461027       0.212546
          72900      0.0545304       -0.87549       0.766482
          73000       0.038071      -0.897152       0.804882
          73100       0.023163      -0.920764       0.847806
          73200     0.00557293       -1.03665        1.07465
          73300     0.00970686      -0.949461       0.901477
          73400       0.161027      -0.773769       0.598719
          73500       0.140082        -1.1723        1.37428
          73600      0.0826028      -0.844152       0.712593
          73700      0.0839631      -0.842755       0.710236
          73800      0.0225903       -1.07252         1.1503
          73900       0.216814      -0.731004       0.534367
          74000      0.0382086      -0.896956        0.80453
          74100       0.109247      -0.818214       0.669474
          74200      0.0933805      -0.833317       0.694418
          74300    0.000178162       -1.00665        1.01335
          74400     0.00582217      -0.961092       0.923697
          74500       0.236917      -0.716421       0.513258
          74600      0.0179655      -0.930572       0.865965
          74700       0.579611      -0.488547       0.238678
          74800      0.0197761      -0.927024       0.859373
          74900       0.186122       -1.19642        1.43142
          75000      0.0715553       -1.12583         1.2675
          75100       0.306385        -1.2464        1.55352
          75200      0.0335393       -1.08772        1.18314
          75300     0.00704022      -0.957128       0.916094
          75400       0.201676      -0.742237       0.550916
          75500       0.021403       -1.07065         1.1463
          75600     0.00481539       -0.96468       0.930607
          75700      0.0420415       -1.09774        1.20504
          75800     0.00151646       -1.01928        1.03894
          75900      0.0606272       -1.11634        1.24623
          76000      0.0647167      -0.863484       0.745605
          76100    1.61812e-05       -1.00201        1.00402
          76200      0.0372786      -0.898289       0.806923
          76300     0.00268097      -0.973767       0.948222
          76400       0.180494       -1.19367        1.42485
          76500    0.000585208       -0.98783       0.975809
          76600      0.0768611       -1.13015        1.27724
          76700      0.0296972       -1.08274        1.17233
          76800      0.0713498      -0.856088       0.732886
          76900     0.00197302      -0.977538       0.955581
          77000       0.314064      -0.663013       0.439586
          77100       0.129466      -0.800116       0.640186
          77200       0.016755       -1.06275        1.12944
          77300      0.0478376      -0.883902       0.781282
          77400       0.056254       -1.11229        1.23718
          77500      0.0584619       -1.11436        1.24179
          77600    0.000483761      -0.988942       0.978005
          77700      0.0262614      -0.915394       0.837946
          77800      0.0084285      -0.952992       0.908193
          77900     0.00612088       -1.03838        1.07824
          78000      0.0229067      -0.921222       0.848651
          78100     0.00979753      -0.949219       0.901018
          78200      0.0492777       -1.10543        1.22199
          78300      0.0373285      -0.898217       0.806794
          78400       0.264375      -0.697012       0.485826
          78500      0.0376719      -0.897723       0.805907
          78600       0.084833       -1.13634        1.29126
          78700      0.0801869      -0.846656       0.716827
          78800      0.0817628       -0.84502       0.714058
          78900      0.0105272      -0.947311       0.897398
          79000      0.0483961       -1.10453        1.21999
          79100      0.0653416       -1.12054        1.25562
          79200      0.0156433      -0.935375       0.874927
          79300        0.19859       -1.20235        1.44563
          79400       0.646454       -1.34314        1.80402
          79500      0.0262402       -1.07796        1.16199
          79600       0.115466        -1.1575         1.3398
          79700      0.0021001      -0.976818       0.954173
          79800      0.0026528       -1.02543        1.05151
          79900      0.0202747      -0.926073       0.857611
          80000     0.00173563       -1.02062        1.04166
          80100         0.4573      -0.568999        0.32376
          80200       0.398348      -0.607332       0.368852
          80300       0.119623      -0.808786       0.654135
          80400      0.0362733      -0.899747       0.809545
          80500       0.152173       -1.17902        1.39009
          80600       0.108019       -1.15268        1.32866
          80700      0.0529228       -1.10908        1.23005
          80800    0.000960492       -1.01538        1.03099
          80900      0.0066745      -0.958281       0.918302
          81000      0.0529898      -0.877385       0.769805
          81100       0.180165      -0.758645       0.575542
          81200       0.195188      -0.747128         0.5582
          81300     0.00394009       -1.03091        1.06277
          81400       0.251881       -1.22551        1.50188
          81500       0.001365       -1.01831        1.03695
          81600      0.0200224      -0.926552       0.858499
          81700         0.2125      -0.734182       0.539023
          81800      0.0813561      -0.845441        0.71477
          81900      0.0878441      -0.838818       0.703615
          82000       0.248875      -0.707903       0.501126
          82100       0.129713      -0.799902       0.639843
          82200       0.059843       -1.11563        1.24463
          82300     0.00182711      -0.978394       0.957255
          82400      0.0309275       -1.08437        1.17586
          82500      0.0102292       -1.04935        1.10114
          82600      0.0533262       -1.10947        1.23092
          82700       0.308434      -0.666807       0.444631
          82800      0.0752724       -1.12887        1.27436
          82900      0.0186418       -1.06608        1.13653
          83000    0.000539234       -1.01154        1.02322
          83100     0.00139322       -1.01849        1.03733
          83200       0.180227      -0.758596       0.575469
          83300      0.0148089        -1.0591        1.12169
          83400     0.00973668       -1.04818        1.09867
          83500      0.0629441      -0.865513       0.749113
          83600       0.101594       -1.14836        1.31874
          83700      0.0330219       -1.08707        1.18172
          83800      0.0418565       -1.09754        1.20459
          83900       0.106511       -1.15168        1.32636
          84000      0.0721849      -0.855177       0.731327
          84100       0.152893       -1.17941        1.39101
          84200       0.153936      -0.779521       0.607653
          84300       0.137049      -0.793599       0.629799
          84400     0.00887213      -0.951739       0.905808
          84500      0.0669312      -0.860982       0.741289
          84600       0.292488        -1.2413        1.54082
          84700      0.0879449      -0.838716       0.703445
          84800      0.0624226       -1.11796        1.24985
          84900      0.0109263      -0.946293       0.895471
          85000       0.121656       -1.16138        1.34879
          85100       0.146241      -0.785866       0.617586
          85200      0.0312256      -0.907355       0.823292
          85300      0.0258234      -0.916135       0.839304
          85400     0.00650558      -0.958824       0.919343
          85500       0.747664      -0.367865       0.135324
          85600       0.410304      -0.599542        0.35945
          85700       0.341493      -0.644691       0.415626
          85800     0.00101505       -1.01581        1.03186
          85900      0.0602876      -0.868599       0.754465
          86000      0.0241769       -1.07494        1.15549
          86100       0.124277      -0.804655        0.64747
          86200      0.0016608       -1.02017        1.04075
          86300      0.0676711      -0.860153       0.739863
          86400     0.00931551      -0.950517       0.903483
          86500      0.0123174       -1.05403        1.11098
          86600      0.0294232      -0.910202       0.828468
          86700        0.46501      -0.563989       0.318084
          86800       0.362822      -0.630598       0.397653
          86900     0.00093457       -1.01517        1.03057
          87000     0.00135208       -1.01822        1.03677
          87100       0.106611      -0.820663       0.673487
          87200      0.0234359      -0.920278       0.846912
          87300    2.87294e-05      -0.997316        0.99464
          87400        0.32592      -0.655062       0.429106
          87500     0.00737638       -1.04206        1.08589
          87600       0.154155      -0.779343       0.607375
          87700       0.143262        -1.1741         1.3785
          87800      0.0527789      -0.877647       0.770263
          87900     0.00134025      -0.981525       0.963391
          88000     0.00883063       -1.04593        1.09397
          88100       0.145452       -1.17532        1.38138
          88200    0.000578247      -0.987903       0.975953
          88300       0.556616       -1.32139        1.74607
          88400       0.258108       -1.22802        1.50804
          88500     0.00498543        -1.0347        1.07061
          88600       0.649951       -1.34395         1.8062
          88700      0.0406636      -0.893503       0.798348
          88800      0.0254454       -1.07681        1.15952
          88900    4.23115e-05       -1.00325         1.0065
          89000      0.0614136      -0.867284       0.752182
          89100      0.0393955       -1.09475        1.19848
          89200       0.128363       -1.16545        1.35828
          89300      0.0156731       -1.06075        1.12519
          89400       0.270223       -1.23281        1.51983
          89500     0.00160055       -1.01981        1.04001
          89600       0.194281       -1.20032        1.44077
          89700     0.00780201       -1.04323        1.08833
          89800      0.0709319      -0.856545       0.733669
          89900     0.00789222      -0.954548       0.911162
          90000       0.189191      -0.751691       0.565039
          90100      0.0526343      -0.877826       0.770578
          90200       0.233827       -1.21801        1.48356
          90300        0.22773       -1.21541        1.47721
          90400    0.000860495      -0.985224       0.970666
          90500       0.270911      -0.692466       0.479509
          90600       0.056584        -1.1126        1.23787
          90700       0.333501      -0.650004       0.422505
          90800       0.153688       -1.17984        1.39203
          90900      0.0321663      -0.905897        0.82065
          91000      0.0437625      -0.889272       0.790805
          91100       0.147713      -0.784643       0.615665
          91200       0.145156       -0.78677       0.619007
          91300     0.00154957       -0.98012       0.960635
          91400       0.323266       -1.25242        1.56857
          91500       0.284998       -0.68275       0.466148
          91600     0.00650688       -1.03955        1.08067
          91700       0.292961      -0.677304       0.458741
          91800       0.188367      -0.752322       0.565988
          91900     0.00777259      -0.954902       0.911838
          92000    2.06813e-05       -1.00227        1.00455
          92100     0.00189161       -1.02151        1.04349
          92200    2.67056e-06      -0.999183       0.998366
          92300     0.00119988       -1.01717        1.03464
          92400      0.0710873       -1.12544        1.26662
          92500       0.114793       -1.15707        1.33881
          92600     0.00634781       -1.03907        1.07967
          92700     3.7079e-05       -1.00304        1.00609
          92800      0.0122353      -0.943073       0.889387
          92900    0.000306843      -0.991203       0.982483
          93000      0.0905859      -0.836077       0.699025
          93100      0.0714668       -0.85596       0.732667
          93200      0.0139212       -1.05735        1.11799
          93300    0.000629783       -1.01247         1.0251
          93400     0.00107991      -0.983432       0.967138
          93500     0.00142851       -0.98092       0.962204
          93600      0.0319627       -1.08572        1.17878
          93700       0.010352      -0.947763       0.898255
          93800      0.0625526      -0.865965       0.749895
          93900       0.305579      -0.668736       0.447208
          94000      0.0685515      -0.859172       0.738177
          94100        0.13275       -1.16805        1.36435
          94200      0.0210205       -1.07004        1.14498
          94300    0.000992996       -1.01563        1.03151
          94400      0.0103093      -0.947874       0.898466
          94500      0.0893298      -0.837329       0.701119
          94600       0.266704      -0.695389       0.483566
          94700      0.0140694       -1.05765        1.11861
          94800     0.00959391       -1.04783        1.09795
          94900       0.078788       -0.84812       0.719308
          95000       0.155493       -1.18082        1.39433
          95100     0.00197596      -0.977521       0.955548
          95200       0.057735      -0.871619       0.759719
          95300      0.0472566      -0.884655       0.782614
          95400    0.000827248      -0.985514       0.971238
          95500       0.327245      -0.654176       0.427947
          95600       0.113069      -0.814704       0.663742
          95700     0.00178108       -1.02088         1.0422
          95800     0.00138895      -0.981189       0.962731
          95900       0.296697       -0.67476       0.455301
          96000       0.190832      -0.750438       0.563157
          96100      0.0709344      -0.856542       0.733665
          96200      0.0294941       -1.08247        1.17174
          96300     0.00251768       -1.02478        1.05018
          96400      0.0279383       -1.08035        1.16715
          96500     0.00377326       -1.03026        1.06143
          96600       0.056488       -1.11251        1.23767
          96700      0.0598598       -1.11564        1.24466
          96800       0.203949       -1.20483        1.45161
          96900     0.00104425       -1.01603        1.03231
          97000      0.0994598        -1.1469        1.31537
          97100       0.346461      -0.641397        0.41139
          97200       0.171227       -0.76564       0.586204
          97300       0.272242        -1.2336        1.52177
          97400     0.00244131       -1.02441        1.04941
          97500       0.118208       -1.15923        1.34381
          97600     0.00241236       -1.02426        1.04912
          97700       0.282711       -1.23762        1.53171
          97800      0.0122031       -0.94315       0.889532
          97900      0.0746917      -0.852468       0.726702
          98000       0.175718      -0.762111       0.580813
          98100      0.0376991      -0.897684       0.805837
          98200       0.259316      -0.700549       0.490769
          98300      0.0611623      -0.867577        0.75269
          98400      0.0471414      -0.884805       0.782879
          98500       0.821663      -0.305849      0.0935438
          98600       0.984423      0.0884245      0.0078189
          98700       0.965686       0.131555      0.0173066
          98800       0.938099       0.177327      0.0314448
          98900       0.911766       0.212451      0.0451356
          99000       0.577211       0.490159       0.240256
          99100      0.0307894       0.908037       0.824531
          99200      0.0406306       0.893549        0.79843
          99300     0.00177043       0.978736       0.957924
          99400       0.264619       0.696842       0.485589
          99500       0.150901        0.78201        0.61154
          99600    5.86693e-08        1.00012        1.00024
          99700        0.21788        1.21111        1.46678
          99800       0.108453       0.818949       0.670678
          99900       0.926221       0.193897      0.0375961
         100000       0.792962       0.330931       0.109516
