              0       0.916384       -0.20669      0.0427206
            100       0.022995      -0.921064       0.848359
            200       0.135323       -0.79507       0.632137
            300      0.0137665        1.05704        1.11733
            400     0.00149426       0.980482       0.961344
            500       0.149466        1.17754        1.38661
            600      0.0139796        1.05747        1.11824
            700     0.00950291        1.04761        1.09748
            800       0.271142       0.692305       0.479287
            900       0.383021        1.27235        1.61889
           1000     0.00451607       0.965815       0.932798
           1100       0.082691        1.13471        1.28756
           1200       0.070454        0.85707       0.734568
           1300     0.00185941       -1.02133        1.04312
           1400      0.0375586      -0.897886         0.8062
           1500      0.0557579      -0.873996       0.763869
           1600       0.297558       -1.24318        1.54549
           1700         0.1989       -1.20249        1.44598
           1800      0.0617764       -1.11738        1.24855
           1900      0.0609666       -1.11665        1.24691
           2000       0.258545       -0.70109       0.491527
           2100      0.0482036      -0.883429       0.780447
           2200       0.123384       -1.16244        1.35126
           2300       0.180341       -1.19359        1.42467
           2400       0.431769       -1.28728        1.65709
           2500     0.00632763      -0.959403       0.920454
           2600       0.258064      -0.701427          0.492
           2700    7.64565e-05       -1.00436        1.00874
           2800       0.233866      -0.718612       0.516403
           2900    0.000764235      -0.986081       0.972355
           3000      0.0775869      -0.849385       0.721456
           3100      0.0844065      -0.842302       0.709472
           3200        0.33893      -0.646393       0.417823
           3300      0.0570488       -1.11304        1.23885
           3400      0.0293777      -0.910275       0.828601
           3500      0.0110401       -1.05122        1.10507
           3600      0.0340509       -1.08836        1.18453
           3700       0.136355      -0.794189       0.630737
           3800    9.33931e-05      -0.995156       0.990336
           3900     0.00709973      -0.956943        0.91574
           4000       0.256414      -0.702586       0.493627
           4100      0.0852051      -0.841487       0.708101
           4200       0.314509      -0.662714       0.439189
           4300      0.0374904      -0.897984       0.806376
           4400       0.119649      -0.808762       0.654097
           4500     0.00327511      -0.970964       0.942771
           4600      0.0485376      -0.882999       0.779687
           4700      0.0117017      -0.944365       0.891826
           4800      0.0155196       -1.06046        1.12458
           4900       0.548226      -0.509487       0.259577
           5000       0.222018        1.21293        1.47119
           5100       0.171824       -1.18933        1.41452
           5200      0.0585489       -0.87065       0.758031
           5300        0.13758       0.793147       0.629082
           5400      0.0989186        1.14652        1.31451
           5500      0.0284542       0.911766       0.831316
           5600     0.00190525      -0.977932       0.956351
           5700      0.0951279      -0.831608       0.691572
           5800     0.00268062      -0.973769       0.948225
           5900     0.00210831      -0.976772       0.954084
           6000      0.0392682      -0.895454       0.801838
           6100      0.0135731       -1.05665         1.1165
           6200      0.0689436        1.12364        1.26257
           6300      0.0886645       0.837994       0.702234
           6400       0.155464         1.1808        1.39429
           6500       0.147465       0.784849       0.615988
           6600      0.0319614       0.906213       0.821223
           6700      0.0763596       0.850687       0.723668
           6800       0.102906       0.824142        0.67921
           6900      0.0380636       0.897163       0.804901
           7000       0.176452      -0.761536       0.579938
           7100      0.0156597       -1.06073        1.12514
           7200      0.0521734      -0.878399       0.771585
           7300        0.64449       -1.34268         1.8028
           7400    0.000532944       -1.01148        1.02309
           7500       0.255535      -0.703203       0.494495
           7600      0.0997301      -0.827163       0.684199
           7700     0.00402346       0.967765       0.936569
           7800      0.0456892       0.886707        0.78625
           7900      0.0334528       0.903935       0.817099
           8000       0.111531       0.816111       0.666038
           8100       0.854527       0.274943      0.0755937
           8200       0.387752        1.27385         1.6227
           8300       0.191296       0.750084       0.562626
           8400      0.0113015        1.05181        1.10631
           8500     0.00438137       0.966337       0.933808
           8600       0.124012        1.16282        1.35215
           8700      0.0194019       0.927744       0.860709
           8800      0.0181692      -0.930165       0.865207
           8900    2.44417e-05       -1.00247        1.00494
           9000      0.0282316       -1.08075        1.16802
           9100       0.839862       -1.38436        1.91644
           9200       0.354305       -1.26303        1.59524
           9300      0.0836126      -0.843114       0.710842
           9400      0.0171418       -1.06345        1.13093
           9500      0.0158414      -0.934953       0.874137
           9600      0.0705065      -0.857012       0.734469
           9700        0.20633       -1.20592        1.45424
           9800     0.00336441      -0.970565       0.941996
           9900       0.224559      -0.725344       0.526124
          10000      0.0070892      -0.956976       0.915803
          10100       0.209649       -1.20742        1.45787
          10200     0.00936605        1.04727        1.09678
          10300     0.00632606        1.03901        1.07954
          10400        0.30677       -1.24654        1.55387
          10500      0.0272789       -1.07943        1.16516
          10600    2.91236e-05      -0.997298       0.994603
          10700       0.250663      -0.706638       0.499337
          10800     0.00693593      -0.957454       0.916718
          10900       0.369359      -0.626299       0.392251
          11000      0.0553274      -0.874518       0.764782
          11100      0.0810047      -0.845805       0.715387
          11200       0.317369      -0.660791       0.436645
          11300       0.330505         -0.652       0.425104
          11400    1.25251e-05      -0.998229       0.996461
          11500       0.196991      -0.745763       0.556163
          11600       0.211613       -1.20831        1.46001
          11700      0.0788579       -1.13173        1.28082
          11800      0.0235508       -1.07399        1.15346
          11900       0.163579      -0.771719        0.59555
          12000      0.0685094      -0.859219       0.738257
          12100        0.31484      -0.662491       0.438894
          12200       0.218148      -0.730025       0.532937
          12300       0.109838      -0.817668       0.668581
          12400     0.00559081       -1.03671        1.07477
          12500      0.0390127       -1.09431        1.19752
          12600       0.141367       -1.17303        1.37599
          12700       0.317346      -0.660806       0.436665
          12800    0.000140787        1.00592        1.01187
          12900      0.0982881        1.14608        1.31351
          13000       0.130971         -1.167         1.3619
          13100      0.0286089       -1.08127        1.16914
          13200     0.00485752       -1.03426         1.0697
          13300      0.0660303      -0.861996       0.743036
          13400      0.0571837      -0.872278       0.760869
          13500    9.51435e-05       -1.00487        1.00975
          13600      0.0362815       -1.09109        1.19048
          13700       0.173703       -1.19028        1.41678
          13800       0.458118      -0.568468       0.323156
          13900       0.565005      -0.498329       0.248332
          14000      0.0384639      -0.896592       0.803878
          14100    1.22125e-05        1.00175        1.00349
          14200      0.0392384        1.09457        1.19809
          14300      0.0728513         1.1269        1.26991
          14400       0.150092       0.782677       0.612583
          14500      0.0256179       0.916485       0.839944
          14600       0.115473       0.812518       0.660186
          14700      0.0540535        1.11018        1.23249
          14800      0.0467363        1.10281        1.21619
          14900      0.0520801        1.10825        1.22821
          15000       0.132371        1.16783        1.36383
          15100      0.0306641       0.908234       0.824888
          15200      0.0167372        1.06272        1.12937
          15300     0.00203149      -0.977204       0.954928
          15400       0.201259      -0.742551       0.551382
          15500     0.00774827       -1.04308        1.08802
          15600      0.0670632       -1.12204        1.25897
          15700       0.153295      -0.780045       0.608471
          15800      0.0778625      -0.849094       0.720961
          15900        0.11293       -1.15588        1.33605
          16000      0.0378577      -0.897457       0.805429
          16100     0.00252909       -1.02484        1.05029
          16200      0.0295377      -0.910019       0.828135
          16300       0.227245      -0.723393       0.523297
          16400       0.173192      -0.764092       0.583837
          16500     0.00102295       -1.01587        1.03198
          16600      0.0352065       -1.08979        1.18763
          16700       0.113047      -0.814724       0.663775
          16800      0.0176288       -1.06432        1.13277
          16900     0.00374346       -1.03014        1.06118
          17000       0.126815       -1.16452        1.35611
          17100      0.0551201       -0.87477       0.765223
          17200       0.158288       -1.18231        1.39785
          17300       0.246743      -0.709414       0.503268
          17400       0.179594      -0.759088       0.576214
          17500    8.60469e-05      -0.995351       0.990724
          17600      0.0219523       -1.07152        1.14816
          17700     0.00714091         1.0414         1.0845
          17800       0.399776       0.606401       0.367722
          17900      0.0330122       0.904603       0.818307
          18000       0.056415        1.11244        1.23752
          18100    0.000224874        1.00747          1.015
          18200      0.0148832        1.05924          1.122
          18300      0.0422757       0.891285        0.79439
          18400       0.112394       0.815321       0.664748
          18500       0.157639       0.776506       0.602962
          18600       0.190631       0.750591       0.563387
          18700       0.983806      0.0901669     0.00813008
          18800      0.0361613        0.89991       0.809839
          18900      0.0187271        1.06623        1.13685
          19000      0.0803236        1.13288        1.28341
          19100     0.00143531       0.980874       0.962114
          19200    9.25056e-06        1.00152        1.00304
          19300      0.0767241        1.13004        1.27699
          19400     0.00190273        1.02158        1.04362
          19500      0.0436219        1.09948        1.20886
          19600       0.413356       0.597555       0.357072
          19700      0.0188135       0.928891       0.862838
          19800       0.268943        1.23231         1.5186
          19900     0.00542744        0.96246       0.926329
          20000    0.000111228        1.00526        1.01055
          20100      0.0149382        1.05935        1.12222
          20200      0.0554137       0.874413       0.764599
          20300       0.204127        1.20491         1.4518
          20400      0.0606817        1.11639        1.24634
          20500       0.168019        1.18739         1.4099
          20600      0.0533449        1.10949        1.23097
          20700       0.252419       0.705399       0.497587
          20800      0.0816014        1.13387        1.28566
          20900       0.123573       0.805276        0.64847
          21000       0.149551       0.783123       0.613281
          21100      0.0113114       0.945328       0.893645
          21200      0.0156133        1.06064        1.12495
          21300      0.0605378       0.868306       0.753956
          21400      0.0126135       0.942173        0.88769
          21500       0.198195        1.20216        1.44519
          21600      0.0133173       0.940532         0.8846
          21700      0.0720346       0.855341       0.731607
          21800       0.177732      -0.760537       0.578417
          21900      0.0319685       -1.08572         1.1788
          22000      0.0603661       -1.11611         1.2457
          22100     0.00137621       -1.01838         1.0371
          22200      0.0111263       -1.05142        1.10548
          22300    1.45327e-06        -1.0006        1.00121
          22400      0.0529943       -0.87738       0.769795
          22500    1.15495e-05        -1.0017         1.0034
          22600     0.00899727      -0.951392       0.905146
          22700      0.0333065      -0.904157       0.817499
          22800       0.377982       -1.27075         1.6148
          22900       0.273455      -0.690703       0.477071
          23000       0.338688      -0.646553       0.418031
          23100       0.251224       -1.22524        1.50122
          23200       0.444921       -0.57704       0.332976
          23300     0.00281461       0.973112       0.946947
          23400      0.0026214        1.02528         1.0512
          23500      0.0446292      -0.888113       0.788744
          23600      0.0297928       -1.08287        1.17261
          23700     0.00806483      -0.954042       0.910196
          23800       0.153741      -0.779681       0.607902
          23900       0.393681      -0.610377        0.37256
          24000      0.0616871      -0.866967       0.751631
          24100      0.0192206      -0.928096       0.861361
          24200       0.101688        1.14843        1.31889
          24300      0.0138639       0.939284       0.882255
          24400     0.00868882        1.04557        1.09321
          24500     0.00178967        1.02093         1.0423
          24600      0.0509405       0.879943         0.7743
          24700       0.178801      -0.759704       0.577151
          24800       0.198296      -0.744779       0.554695
          24900      0.0654497       -1.12064        1.25583
          25000       0.331349      -0.651437       0.424371
          25100        0.18372      -0.755893       0.571374
          25200      0.0690366      -0.858634       0.737252
          25300       0.138011       -1.17111         1.3715
          25400      0.0203184       -0.92599       0.857458
          25500      0.0269765         -1.079        1.16425
          25600     0.00974893        1.04821        1.09874
          25700       0.120369        1.16058        1.34694
          25800      0.0490804        1.10523        1.22154
          25900      0.0159879        1.06134        1.12644
          26000       0.129039        1.16586        1.35922
          26100       0.239889       0.714293       0.510215
          26200      0.0504534       0.880558       0.775382
          26300      0.0784471       0.848479       0.719916
          26400      0.0372716       0.898299       0.806941
          26500       0.129057        1.16587        1.35925
          26600       0.110965       0.816631       0.666885
          26700     0.00786294        -1.0434        1.08867
          26800       0.607677      -0.469536       0.220464
          26900       0.128621       -1.16561        1.35864
          27000       0.110947      -0.816647       0.666913
          27100       0.344518      -0.642684       0.413043
          27200    5.68205e-07      -0.999623       0.999246
          27300      0.0705977       -1.12503         1.2657
          27400     0.00606471      -0.960273       0.922124
          27500      0.0168323      -0.932878       0.870261
          27600      0.0111427       -1.05146        1.10556
          27700     0.00156339      -0.980031        0.96046
          27800       0.131704       -1.16744        1.36291
          27900    0.000152013      -0.993816       0.987671
          28000       0.226942      -0.723613       0.523615
          28100       0.131336       -1.16722         1.3624
          28200       0.053474       -1.10961        1.23124
          28300     0.00257633      -0.974291       0.949242
          28400       0.014251      -0.938415       0.880622
          28500      0.0890732       0.837585       0.701549
          28600      0.0292196       0.910529       0.829063
          28700    0.000117226         1.0054        1.01083
          28800      0.0556386         1.1117        1.23588
          28900       0.043953        1.09984        1.20965
          29000      0.0746217      -0.852543        0.72683
          29100      0.0124851       -1.05439        1.11174
          29200      0.0137861       -1.05708        1.11741
          29300       0.156968      -0.777051       0.603809
          29400      0.0045589       -0.96565        0.93248
          29500       0.217915      -0.730196       0.533187
          29600       0.422129       -1.28441        1.64971
          29700       0.152029      -0.781083       0.610091
          29800      0.0915352       -1.14129        1.30255
          29900      0.0104958      -0.947392       0.897551
          30000      0.0132336       -1.05595        1.11504
          30100      0.0653602       -1.12056        1.25566
          30200      0.0787259       0.848186       0.719419
          30300    0.000669801       0.986975       0.974119
          30400    0.000324582       0.990951       0.981984
          30500      0.0305361        1.08386        1.17475
          30600      0.0101539       0.948279       0.899233
          30700     0.00284906        1.02634        1.05338
          30800      0.0038712       0.968391       0.937781
          30900        0.14446        1.17477        1.38008
          31000        0.22834         0.7226       0.522151
          31100      0.0200626       0.926476       0.858358
          31200      0.0416384        1.09729        1.20405
          31300      0.0256814       0.916376       0.839746
          31400       0.111216       0.816401        0.66651
          31500      0.0468015       0.885248       0.783664
          31600     0.00737825       0.956087       0.914103
          31700       0.566045        1.32377        1.75236
          31800      0.0488516          1.105        1.22102
          31900    0.000876415        1.01469         1.0296
          32000      0.0694547        1.12407        1.26354
          32100    0.000843576        1.01442        1.02904
          32200     0.00826756       0.953454       0.909074
          32300     0.00449881        1.03299        1.06707
          32400        0.10456        1.15037        1.32336
          32500      0.0692913        1.12394        1.26323
          32600      0.0904132       0.836249       0.699312
          32700     0.00472247        1.03379        1.06872
          32800    5.28299e-05       0.996359       0.992732
          32900     0.00485515       0.964532       0.930321
          33000       0.339484       0.646024       0.417348
          33100      0.0235946       0.919997       0.846395
          33200       0.113749       0.814084       0.662733
          33300      0.0099749       0.948749       0.900126
          33400      0.0491375        1.10529        1.22167
          33500       0.121866         1.1615        1.34909
          33600       0.148787        1.17717        1.38573
          33700       0.119424       -1.15999        1.34558
          33800      0.0984686      -0.828374       0.686203
          33900       0.205924      -0.739061       0.546212
          34000       0.125904       -1.16397        1.35483
          34100     0.00312583       -1.02757        1.05591
          34200       0.258992      -0.700777       0.491088
          34300       0.322339      -0.657458       0.432251
          34400      0.0105977       -1.05021        1.10295
          34500     0.00921378       -1.04689        1.09599
          34600    0.000197017        1.00699        1.01404
          34700    9.30826e-06        1.00152        1.00305
          34800      0.0123117        0.94289       0.889042
          34900      0.0270819       -1.07915        1.16457
          35000       0.235181       0.717667       0.515045
          35100       0.126791       -1.16451        1.35608
          35200       0.110875       -1.15455        1.33298
          35300     0.00741605      -0.955973       0.913884
          35400       0.201946        -1.2039        1.44938
          35500      0.0138452        -1.0572        1.11767
          35600     0.00320338       -1.02791         1.0566
          35700      0.0374183       -1.09245        1.19344
          35800     0.00939702       -1.04735        1.09694
          35900     0.00221901       -1.02328        1.04711
          36000       0.027746      -0.912923       0.833429
          36100       0.108982       -0.81846       0.669876
          36200      0.0400214       -1.09547        1.20005
          36300        0.99086     -0.0676794      0.0045805
          36400    0.000218338       -1.00736        1.01478
          36500       0.119243      -0.809126       0.654685
          36600        0.12555       -1.16376        1.35433
          36700       0.066904      -0.861012       0.741342
          36800        0.51681      -0.530193       0.281105
          36900     0.00662649      -0.958435       0.918597
          37000      0.0183178       0.929869       0.864657
          37100       0.377596        1.27063        1.61449
          37200      0.0106962        1.05044        1.10342
          37300       0.413908      -0.597196       0.356643
          37400      0.0986129       -1.14631        1.31403
          37500       0.347535      -0.640686       0.410479
          37600       0.996591      0.0413042     0.00170604
          37700       0.169601      -0.766925       0.588174
          37800      0.0301281      -0.909079       0.826426
          37900      0.0007144       -1.01328        1.02673
          38000       0.392851      -0.610919       0.373221
          38100      0.0883518       -1.13896        1.29724
          38200    6.97695e-05       -1.00417        1.00835
          38300      0.0539858      -0.876157       0.767652
          38400    6.88469e-06       -1.00131        1.00262
          38500     0.00108682       -1.01635        1.03297
          38600      0.0947237      -0.832002       0.692228
          38700     0.00449764       -1.03299        1.06706
          38800       0.226071      -0.724245       0.524531
          38900      0.0167663       -1.06277        1.12948
          39000       0.222248       -1.21303        1.47143
          39100     0.00884663      -0.951811       0.905943
          39200      0.0179436      -0.930616       0.866046
          39300    0.000735265      -0.986349       0.972884
          39400      0.0313447      -0.907169       0.822956
          39500     0.00417697       -1.03181        1.06463
          39600      0.0115412        1.05235        1.10743
          39700         0.1342       0.796032       0.633667
          39800      0.0188343        1.06641        1.13724
          39900      0.0159776       0.934664       0.873598
          40000    0.000173317        1.00656        1.01316
          40100       0.680775       0.418221       0.174909
          40200    0.000100644          1.005        1.01003
          40300       0.227616       0.723125       0.522909
          40400       0.141221       0.790067       0.624206
          40500      0.0843052       0.842405       0.709646
          40600       0.028768       -1.08149        1.16961
          40700      0.0330884      -0.904488       0.818098
          40800      0.0213136        1.07051        1.14599
          40900      0.0434531         1.0993        1.20845
          41000      0.0739177        1.12778        1.27188
          41100       0.310237        0.66559       0.443011
          41200      0.0102445        1.04939        1.10121
          41300       0.195554        1.20092        1.44221
          41400       0.986528     -0.0822128     0.00675894
          41500     0.00542888       -1.03619        1.07368
          41600      0.0475327      -0.884296        0.78198
          41700       0.261648      -0.698917       0.488485
          41800       0.103086      -0.823972        0.67893
          41900    0.000771667      -0.986013       0.972221
          42000       0.104625      -0.822522       0.676542
          42100       0.022016       -1.07162        1.14838
          42200      0.0253037      -0.917022       0.840929
          42300       0.122828        -1.1621        1.35047
          42400        0.11958      -0.808824       0.654197
          42500     0.00263628      -0.973989       0.948655
          42600      0.0236726      -0.919859       0.846141
          42700    0.000681324      -0.986863       0.973898
          42800     0.00463631       -1.03348        1.06809
          42900     0.00626038       -1.03881        1.07912
          43000     0.00371805       -1.03004        1.06098
          43100       0.012527      -0.942378       0.888076
          43200    0.000180888        -1.0067        1.01345
          43300      0.0241644      -0.918994       0.844551
          43400       0.925765      -0.194508      0.0378332
          43500       0.179558       0.759116       0.576257
          43600     0.00487698        0.96445       0.930165
          43700       0.165569       -1.18613         1.4069
          43800       0.103883       -0.82322       0.677691
          43900      0.0104099       -1.04978        1.10203
          44000       0.312832      -0.663842       0.440686
          44100       0.131734       0.798153       0.637048
          44200     0.00171021        1.02047        1.04135
          44300       0.828484       0.299648      0.0897891
          44400     0.00423775        1.03204         1.0651
          44500      0.0838507       -0.84287        0.71043
          44600        0.52768      -0.523053       0.273584
          44700       0.177362      -0.760826       0.578857
          44800     0.00738409       -0.95607       0.914069
          44900     0.00461234      -0.965446       0.932086
          45000      0.0306201      -0.908303       0.825014
          45100      0.0118023      -0.944119       0.891361
          45200       0.127711      -0.801644       0.642633
          45300       0.225866      -0.724394       0.524747
          45400       0.158833        -1.1826        1.39854
          45500      0.0463763       -1.10243        1.21535
          45600       0.206313       -1.20591        1.45422
          45700     0.00616468       -0.95994       0.921485
          45800    0.000119702      -0.994515       0.989059
          45900      0.0114799       -1.05221        1.10714
          46000      0.0278972      -0.912675       0.832975
          46100      0.0384556       -1.09366         1.1961
          46200      0.0163359       -1.06198        1.12781
          46300       0.197123      -0.745664       0.556015
          46400       0.106103       -1.15141        1.32573
          46500       0.355139      -0.635661       0.404065
          46600     0.00170931       -1.02046        1.04134
          46700      0.0520847       -0.87851       0.771779
          46800       0.128554       -1.16557        1.35854
          46900        0.35288       -1.26255        1.59404
          47000         0.1436       -1.17429        1.37895
          47100      0.0608362      -0.867957        0.75335
          47200      0.0118073       -1.05293        1.10866
          47300      0.0988164       -1.14645        1.31435
          47400       0.173071      -0.764187       0.583982
          47500      0.0786538        1.13157        1.28045
          47600      0.0234992       -1.07392        1.15329
          47700      0.0124159      -0.942642       0.888573
          47800      0.0844341      -0.842273       0.709425
          47900      0.0237817       -1.07434        1.15421
          48000       0.639243      -0.447742       0.200473
          48100       0.250382      -0.706837       0.499618
          48200      0.0193369       -1.06727        1.13906
          48300       0.233954       0.718548       0.516312
          48400       0.110329       0.817216       0.667841
          48500      0.0795737       0.847297       0.717912
          48600       0.110075        1.15403        1.33178
          48700       0.108561      -0.818849       0.670514
          48800      0.0278459       -1.08022        1.16687
          48900      0.0164974       -1.06228        1.12844
          49000       0.227405       -1.21527        1.47687
          49100     0.00171225       -1.02048        1.04138
          49200       0.143597       -1.17428        1.37894
          49300     0.00693463      -0.957458       0.916726
          49400     0.00471244      -0.965066       0.931353
          49500      0.0363696        -1.0912        1.19071
          49600     0.00203435      -0.977188       0.954896
          49700       0.267916      -0.694546       0.482394
          49800       0.281548       -0.68512       0.469389
          49900      0.0141275      -0.938691       0.881141
          50000      0.0495535      -0.881699       0.777394
          50100       0.332288      -0.650812       0.423556
          50200     0.00931028        1.04713        1.09649
          50300      0.0440403        1.09994        1.20986
          50400       0.161417       0.773455       0.598233
          50500    0.000382292       0.990176       0.980448
          50600       0.051811        1.10798        1.22762
          50700      0.0606864       0.868132       0.753654
          50800     0.00553896        1.03654        1.07442
          50900      0.0811682       0.845636         0.7151
          51000     0.00384699       0.968492       0.937976
          51100       0.172503       0.764634       0.584665
          51200      0.0861311        1.13731        1.29348
          51300       0.152363        1.17913        1.39034
          51400     0.00529633        1.03575        1.07278
          51500       0.110561        1.15434        1.33251
          51600      0.0987362         1.1464        1.31422
          51700       0.100255        1.14745        1.31663
          51800       0.261298       0.699162       0.488827
          51900       0.114177        1.15668         1.3379
          52000      0.0728967        1.12694        1.26999
          52100    0.000631641       -1.01249        1.02513
          52200       0.297991       -0.67388       0.454115
          52300       0.100161       -1.14738        1.31648
          52400       0.372011      -0.624558       0.390073
          52500      0.0169468        -1.0631        1.13018
          52600      0.0547609       -1.11086        1.23401
          52700      0.0596014        1.11541        1.24413
          52800     0.00769238       0.955141       0.912294
          52900      0.0237656        1.07432        1.15416
          53000      0.0125841         1.0546        1.11218
          53100      0.0780563        0.84889       0.720614
          53200        0.22531       0.724797       0.525331
          53300      0.0213762        1.07061        1.14621
          53400       0.377398       0.621026       0.385673
          53500       0.274356        0.69008        0.47621
          53600     0.00536374        1.03597        1.07324
          53700     0.00829198       0.953383        0.90894
          53800       0.385717        1.27321        1.62106
          53900      0.0423366        1.09807        1.20576
          54000       0.444743       0.577157        0.33311
          54100      0.0828038       0.843945       0.712244
          54200      0.0589294       0.870199       0.757246
          54300      0.0259259       0.915961       0.838985
          54400       0.113925        1.15652        1.33753
          54500      0.0555557        1.11162         1.2357
          54600      0.0536846        1.10982         1.2317
          54700    2.55723e-05        1.00253        1.00506
          54800     0.00967439       0.949548       0.901642
          54900      0.0045949        1.03334        1.06779
          55000       0.126418       0.802774       0.644447
          55100        0.19063        1.19859        1.43661
          55200      0.0138479         1.0572        1.11768
          55300      0.0293872        1.08232        1.17143
          55400        0.14315        1.17403        1.37835
          55500    2.10344e-05        1.00229        1.00459
          55600      0.0224592       0.922028       0.850136
          55700       0.067859        1.12272         1.2605
          55800     0.00572045        1.03713        1.07563
          55900       0.100511       0.826417       0.682965
          56000      0.0542112        1.11033        1.23283
          56100        0.12288        0.80589       0.649458
          56200       0.207609         1.2065        1.45564
          56300     0.00979104        1.04831        1.09895
          56400       0.188083       0.752539       0.566315
          56500       0.076035       0.851032       0.724256
          56600     0.00697716       0.957325       0.916471
          56700        0.15147        1.17864        1.38919
          56800     0.00247345       0.974816       0.950266
          56900     0.00238786       0.975261       0.951134
          57000       0.198016        1.20208        1.44499
          57100       0.227071      -0.723519        0.52348
          57200      0.0889035       -1.13937        1.29817
          57300        0.12047       -1.16064        1.34709
          57400       0.281553      -0.685117       0.469385
          57500       0.125388       -1.16366         1.3541
          57600      0.0416879       -0.89209       0.795824
          57700      0.0360922      -0.900011        0.81002
          57800        0.11942      -0.808967       0.654428
          57900      0.0365849       -1.09145        1.19127
          58000      0.0117082      -0.944349       0.891796
          58100       0.109852       -1.15388        1.33144
          58200    1.84285e-06       -1.00068        1.00136
          58300      0.0441148        -0.8888       0.789965
          58400       0.112661      -0.815077        0.66435
          58500      0.0166701        -1.0626        1.12911
          58600      0.0113224       -1.05186        1.10641
          58700      0.0399519      -0.894494        0.80012
          58800       0.210107       -1.20763        1.45837
          58900     0.00194819       -1.02183        1.04414
          59000       0.152141      -0.780991       0.609947
          59100    2.21169e-06      -0.999256       0.998513
          59200     0.00280895      -0.973139          0.947
          59300       0.192261      -0.749349       0.561524
          59400       0.348889       -0.63979       0.409332
          59500       0.583595      -0.485866       0.236066
          59600     0.00552647        -1.0365        1.07434
          59700      0.0314351      -0.907028       0.822701
          59800       0.031611      -0.906755       0.822205
          59900      0.0651456       -1.12037        1.25524
          60000       0.254412      -0.703994       0.495607
          60100     0.00172015       -1.02053        1.04147
          60200      0.0377609       0.897596       0.805678
          60300      0.0181114        0.93028       0.865421
          60400       0.422036       0.591909       0.350357
          60500     0.00803687       0.954123       0.910351
          60600      0.0259922       0.915849       0.838779
          60700       0.327981       0.653685       0.427303
          60800     0.00410143        1.03152        1.06404
          60900       0.385515       0.615712       0.379101
          61000      0.0126424       0.942105       0.887562
          61100     0.00412335       -1.03161        1.06421
          61200      0.0995718       -1.14697        1.31555
          61300     0.00488008       -1.03434        1.06986
          61400      0.0192582      -0.928023       0.861226
          61500        0.19128        -1.1989        1.43736
          61600       0.163453      -0.771821       0.595707
          61700      0.0149782       -1.05943        1.12239
          61800      0.0308072       -1.08421        1.17552
          61900       0.107163       -1.15211        1.32736
          62000       0.143117      -0.788474       0.621691
          62100      0.0875785      -0.839085       0.704063
          62200    0.000976463      -0.984252       0.968752
          62300       0.500961       -1.30682        1.70779
          62400      0.0367486      -0.899055       0.808301
          62500        0.15908       -1.18273        1.39885
          62600       0.108737       0.818686       0.670247
          62700        0.11429       -1.15675        1.33807
          62800       0.018956       -1.06662        1.13768
          62900      0.0124319      -0.942604       0.888501
          63000      0.0371949       -0.89841        0.80714
          63100       0.113877       -1.15648        1.33746
          63200       0.092052      -0.834625       0.696599
          63300      0.0309288       -1.08437        1.17587
          63400     0.00367328       0.969223       0.939392
          63500      0.0472954       0.884604       0.782525
          63600      0.0887576        1.13926        1.29792
          63700        0.41967      -0.593448       0.352181
          63800     0.00336149       -1.02858        1.05798
          63900       0.150288       -1.17799        1.38767
          64000       0.100091       -1.14733        1.31637
          64100      0.0954438        -0.8313        0.69106
          64200      0.0446188       -1.10056        1.21123
          64300      0.0294934       -0.91009       0.828263
          64400      0.0671295       0.860759       0.740906
          64500       0.148232       0.784214       0.614991
          64600       0.228559       0.722441       0.521921
          64700       0.256623       0.702439        0.49342
          64800       0.759969      -0.358104       0.128238
          64900       0.117999        -1.1591        1.34351
          65000      0.0049432      -0.964205       0.929692
          65100     0.00775247      -0.954962       0.911952
          65200      0.0063826       -1.03918        1.07989
          65300     0.00330305       -1.02833        1.05747
          65400       0.168551       -1.18767        1.41055
          65500       0.318919       0.659751       0.435271
          65600       0.204483       0.740136       0.547802
          65700       0.212698       0.734036       0.538808
          65800       0.467174         1.2975         1.6835
          65900      0.0145816       0.937681       0.879246
          66000       0.297346       0.674318       0.454705
          66100       0.987754     -0.0783705     0.00614194
          66200      0.0217597       0.923303       0.852488
          66300    0.000259607       0.991911       0.983888
          66400      0.0241617       0.918999        0.84456
          66500       0.240149       0.714108        0.50995
          66600        0.47385        0.55824       0.311632
          66700       0.186201       0.753983        0.56849
          66800       0.192435        1.19945        1.43867
          66900      0.0536573       0.876561        0.76836
          67000      0.0352816        1.08988        1.18783
          67100       0.147001        1.17618        1.38341
          67200       0.199434       0.743922       0.553419
          67300      0.0310542       0.907622       0.823778
          67400     0.00325758        1.02814        1.05708
          67500      0.0300348       0.909227       0.826694
          67600      0.0237667       0.919693       0.845835
          67700      0.0380011       0.897252       0.805061
          67800      0.0161702       0.934258       0.872838
          67900      0.0536027       0.876628       0.768477
          68000       0.155687       0.778092       0.605427
          68100       0.213887       0.733158        0.53752
          68200      0.0870718       0.839596       0.704921
          68300        0.30117       0.671722        0.45121
          68400      0.0450043        1.10097        1.21214
          68500       0.302782       0.670629       0.449744
          68600       0.151571       0.781459       0.610679
          68700      0.0262211        1.07793        1.16193
          68800      0.0632797       0.865127       0.748445
          68900    0.000774075        1.01382        1.02782
          69000     0.00039075       0.990067       0.980233
          69100       0.185068        1.19591         1.4302
          69200     0.00333573       0.970693       0.942244
          69300        0.39514      -0.609424       0.371398
          69400        0.05503       -1.11112        1.23458
          69500    4.83917e-05       -1.00347        1.00696
          69600      0.0241186      -0.919075       0.844698
          69700     0.00707944      -0.957006       0.915861
          69800       0.394667      -0.609733       0.371775
          69900      0.0678478      -0.859956       0.739524
          70000       0.361535      -0.631445       0.398722
          70100       0.470153      -0.560645       0.314323
          70200      0.0613141       -1.11697        1.24762
          70300      0.0055898      -0.961891       0.925235
          70400       0.322129      -0.657599       0.432436
          70500      0.0015142      -0.980351       0.961087
          70600      0.0822313       -1.13435        1.28676
          70700    0.000689729       -1.01305        1.02626
          70800       0.126867       -1.16455        1.35618
          70900      0.0480919      -0.883573       0.780701
          71000       0.141237      -0.790053       0.624185
          71100       0.203643       -1.20469        1.45127
          71200      0.0310314      -0.907658       0.823843
          71300       0.113745      -0.814088       0.662739
          71400     0.00086984      -0.985143       0.970507
          71500     0.00296379       -1.02686        1.05444
          71600      0.0123843       -1.05417        1.11128
          71700    0.000780373       -1.01387        1.02794
          71800    0.000347767      -0.990632       0.981351
          71900       0.114315       -0.81357       0.661896
          72000       0.616193        1.33603        1.78498
          72100      0.0529094       0.877485        0.76998
          72200       0.161068      -0.773736       0.598667
          72300      0.0956712      -0.831079       0.690692
          72400      0.0799818       -0.84687       0.717189
          72500       0.045108       -1.10108        1.21239
          72600          0.206      -0.739005       0.546128
          72700      0.0657502       0.862312       0.743582
          72800       0.232789       0.719387       0.517518
          72900      0.0831969        1.13509        1.28844
          73000       0.720563       0.388767        0.15114
          73100       0.075008       0.852129       0.726124
          73200       0.126426       0.802767       0.644435
          73300       0.127165        1.16473         1.3566
          73400      0.0139806        1.05747        1.11824
          73500    0.000365328       0.990397       0.980886
          73600      0.0437426        1.09961        1.20915
          73700    0.000268056       -0.99178       0.983628
          73800      0.0173171       -1.06376        1.13159
          73900      0.0180041       -1.06498        1.13418
          74000    2.94893e-05       -1.00271        1.00543
          74100      0.0512187       -1.10739        1.22632
          74200       0.102045      -0.824958       0.680556
          74300      0.0342227      -0.902777       0.815006
          74400       0.235159       -1.21858        1.48493
          74500      0.0731407       -0.85414       0.729555
          74600      0.0473186      -0.884574       0.782472
          74700      0.0561354      -0.873539       0.763071
          74800      0.0108823       -1.05087        1.10432
          74900       0.126561      -0.802649       0.644246
          75000       0.118036      -0.810207       0.656436
          75100       0.107022      -0.820279       0.672857
          75200      0.0589882      -0.870129       0.757125
          75300        0.45478      -0.570637       0.325626
          75400       0.182469       -1.19464        1.42716
          75500       0.168916       -1.18785        1.41099
          75600       0.166919      -0.769053       0.591443
          75700        0.04928       -1.10544        1.22199
          75800      0.0253625       -1.07669        1.15926
          75900      0.0124933      -0.942458       0.888227
          76000     0.00411512      -0.967394       0.935851
          76100      0.0626083        -0.8659       0.749784
          76200       0.064269      -0.863995       0.746487
          76300       0.045646       -1.10166        1.21365
          76400      0.0238821       -0.91949       0.845462
          76500       0.039483       -1.09485         1.1987
          76600       0.449407      -0.574127       0.329621
          76700       0.019585       -1.06768        1.13995
          76800       0.334339       -1.25627        1.57822
          76900       0.405032      -0.602975       0.363579
          77000       0.276238      -0.688779       0.474417
          77100      0.0342533       -1.08861        1.18508
          77200     0.00192828       -1.02172        1.04391
          77300       0.140567      -0.790618       0.625077
          77400      0.0404134      -0.893851       0.798969
          77500      0.0863649       -1.13749        1.29388
          77600     0.00861915       -1.04539        1.09284
          77700    0.000165247       0.993552       0.987145
          77800      0.0195289        1.06759        1.13975
          77900       0.166635        1.18668        1.40821
          78000       0.123273       0.805542       0.648898
          78100      0.0977146         0.8291       0.687407
          78200       0.286138        1.23892        1.53492
          78300      0.0382311         1.0934        1.19553
          78400      0.0130486       -1.05557        1.11423
          78500       0.144387      -0.787412       0.620017
          78600       0.186933        1.19681        1.43236
          78700      0.0207033        1.06953        1.14389
          78800      0.0212331       0.924275       0.854284
          78900     0.00220133        1.02319        1.04692
          79000       0.513955       0.532065       0.283094
          79100       0.100373        1.14753        1.31682
          79200      0.0554324         1.1115        1.23544
          79300       0.016806        1.06284        1.12964
          79400      0.0208998       0.924896       0.855432
          79500      0.0549554       0.874971       0.765574
          79600     0.00511087      -0.963592        0.92851
          79700       0.128792       0.800702       0.641124
          79800      0.0513196       0.879467       0.773462
          79900      0.0241379        1.07488        1.15536
          80000       0.472251        1.29892        1.68721
          80100       0.100692       0.826244        0.68268
          80200      0.0822563        0.84451       0.713196
          80300      0.0608948       0.867889       0.753231
          80400      0.0847194       0.841982       0.708934
          80500       0.279816       0.686311       0.471023
          80600     0.00223139       0.976095       0.952762
          80700     0.00487861        1.03433        1.06985
          80800      0.0305094        1.08382        1.17467
          80900     0.00401607         1.0312        1.06337
          81000     0.00183635       0.978339       0.957147
          81100    0.000799506       0.985761       0.971724
          81200       0.127324       0.801982       0.643175
          81300       0.489735        1.30377        1.69981
          81400      0.0792365       -0.84765        0.71851
          81500       0.331982       -1.25546        1.57618
          81600     0.00701671      -0.957201       0.916234
          81700      0.0803437      -0.846493        0.71655
          81800        0.12278       -1.16207         1.3504
          81900      0.0967087      -0.830072        0.68902
          82000      0.0176741        -1.0644        1.13294
          82100      0.0630074       -0.86544       0.748987
          82200       0.011652      -0.944487       0.892056
          82300      0.0249027       -1.07601        1.15781
          82400      0.0484623      -0.883096       0.779859
          82500      0.0793998      -0.847479        0.71822
          82600       0.353371      -0.636828       0.405549
          82700       0.033304       -0.90416       0.817506
          82800      0.0500032      -0.881128       0.776386
          82900    1.47068e-07        1.00019        1.00038
          83000      0.0597592        0.86922       0.755543
          83100       0.488574       0.548652       0.301019
          83200       0.124027       0.804876       0.647826
          83300      0.0269627       0.914219       0.835797
          83400       0.006474       0.958926       0.919539
          83500     0.00656617       0.958628       0.918968
          83600      0.0166154       0.933327       0.871099
          83700       0.122008       0.806662       0.650704
          83800      0.0398675       0.894612       0.800331
          83900       0.818422       0.308761      0.0953331
          84000       0.110932       0.816661       0.666936
          84100       0.401618       0.605199       0.366266
          84200        0.19126       0.750111       0.562667
          84300      0.0439131        0.88907       0.790445
          84400      0.0572238         1.1132        1.23922
          84500     0.00197304        1.02197        1.04442
          84600      0.0138702        1.05725        1.11777
          84700       0.629131        -1.3391        1.79318
          84800      0.0103094       -1.04954        1.10154
          84900      0.0200681      -0.926465       0.858338
          85000      0.0213936      -0.923978       0.853735
          85100       0.124805      -0.804191       0.646723
          85200      0.0107746       -1.05062         1.1038
          85300       0.116976       -1.15846        1.34202
          85400      0.0426589       -1.09843        1.20654
          85500       0.217466      -0.730525       0.533667
          85600      0.0528308      -0.877582        0.77015
          85700        0.04281      -0.890558       0.793094
          85800      0.0591376       -1.11498        1.24318
          85900       0.491793       -1.30433        1.70128
          86000        0.42746      -0.588384       0.346196
          86100     0.00497203       -1.03466        1.07051
          86200      0.0580991      -0.871184       0.758962
          86300      0.0107155      -0.946828       0.896484
          86400       0.112002      -0.815679       0.665332
          86500     0.00946663       0.950107       0.902703
          86600      0.0128861       0.941532       0.886483
          86700      0.0118215        1.05296        1.10873
          86800      0.0209462        1.06992        1.14473
          86900     0.00419219       0.967085       0.935253
          87000      0.0282001       0.912179       0.832071
          87100      0.0752301       0.851891       0.725719
          87200        0.34011        1.25825        1.58319
          87300       0.023257       0.920596       0.847498
          87400      0.0644913       0.863741       0.746049
          87500       0.232583        1.21748        1.48227
          87600       0.218074       0.730079       0.533016
          87700     0.00225505      -0.975968       0.952513
          87800       0.362947      -0.630515       0.397549
          87900       0.163382      -0.771877       0.595795
          88000      0.0970296      -0.829762       0.688504
          88100      0.0302719       -1.08351        1.17399
          88200      0.0548014      -0.875159       0.765903
          88300       0.045359      -0.887143       0.787023
          88400       0.803883      -0.321566       0.103405
          88500    0.000128189       -1.00565        1.01132
          88600       0.302049      -0.671126        0.45041
          88700     0.00556695      -0.961971       0.925388
          88800    8.00094e-05       -1.00446        1.00894
          88900       0.137658      -0.793081       0.628977
          89000      0.0248199       -1.07589        1.15754
          89100      0.0324582      -0.905449       0.819838
          89200      0.0440388       -1.09993        1.20985
          89300      0.0774271      -0.849554       0.721743
          89400       0.395584      -0.609135       0.371045
          89500       0.126005      -0.803136       0.645028
          89600     0.00287144       -1.02644        1.05359
          89700        0.57611      -0.490898       0.240981
          89800      0.0754549       0.851651       0.725309
          89900      0.0697413        1.12432        1.26409
          90000       0.128147        1.16532        1.35798
          90100      0.0882745       0.838385        0.70289
          90200     0.00262493       0.974046       0.948766
          90300     0.00131093        0.98173       0.963793
          90400       0.326036        1.25339          1.571
          90500    0.000180644         1.0067        1.01344
          90600       0.100104       0.826806       0.683607
          90700       0.159776      -0.774777        0.60028
          90800     0.00131279       -1.01796        1.03623
          90900       0.399014       -1.27737        1.63168
          91000       0.015218       -0.93629       0.876639
          91100       0.049324       -1.10548        1.22209
          91200     0.00292901      -0.972563        0.94588
          91300       0.317761      -0.660528       0.436297
          91400       0.192758      -0.748971       0.560958
          91500       0.201875       -1.20387         1.4493
          91600      0.0249373       -1.07606        1.15792
          91700       0.516175       -0.53061       0.281547
          91800      0.0876358      -0.839027       0.703967
          91900       0.221437       -1.21267        1.47057
          92000      0.0746188       -1.12835        1.27316
          92100      0.0328357       -1.08683        1.18121
          92200       0.195315      -0.747031       0.558055
          92300       0.107628      -0.819715       0.671933
          92400     0.00468116      -0.965184       0.931581
          92500    1.49434e-05      -0.998065       0.996134
          92600      0.0423426      -0.891194       0.794227
          92700      0.0104142      -0.947602        0.89795
          92800      0.0112066        -1.0516        1.10586
          92900     0.00499289      -0.964023        0.92934
          93000      0.0888129        -1.1393        1.29801
          93100     0.00224429       -1.02341        1.04737
          93200    0.000795545         -1.014        1.02821
          93300     0.00773829       -1.04306        1.08797
          93400     0.00923284      -0.950743       0.903912
          93500      0.0452159      -0.887333        0.78736
          93600       0.160718      -0.774018       0.599103
          93700       0.150267       -1.17798        1.38764
          93800       0.176631       -1.19175        1.42028
          93900       0.414995      -0.596489       0.355799
          94000    0.000217939       -1.00735        1.01476
          94100       0.140334       -1.17244        1.37461
          94200    0.000204283       -1.00712        1.01429
          94300     0.00218667       -1.02311        1.04676
          94400       0.543529      -0.512597       0.262756
          94500      0.0513112      -0.879477        0.77348
          94600     0.00817545       -0.95372       0.909582
          94700       0.204798       -1.20522        1.45255
          94800      0.0348484       -1.08935        1.18668
          94900       0.115352      -0.812628       0.660365
          95000       0.176546      -0.761464       0.579827
          95100       0.040406       -1.09591        1.20101
          95200       0.148735      -0.783797       0.614338
          95300      0.0133053      -0.940559       0.884652
          95400      0.0221143       -1.07178        1.14871
          95500       0.362424      -0.630859       0.397983
          95600      0.0863649       -0.84031       0.706121
          95700    0.000233566       -1.00761        1.01528
          95800        0.01467      -0.937486        0.87888
          95900     0.00372633       -1.03007        1.06104
          96000      0.0793988       -1.13216        1.28178
          96100       0.137451       -1.17079        1.37074
          96200       0.197385       -1.20178        1.44428
          96300        0.27531       -0.68942         0.4753
          96400     0.00112086        -1.0166        1.03348
          96500       0.230964       -1.21679        1.48059
          96600       0.141535        1.17312        1.37621
          96700      0.0181117        0.93028        0.86542
          96800       0.335069       0.648959       0.421148
          96900       0.373655        1.26936        1.61127
          97000      0.0419631        1.09766        1.20485
          97100       0.169939       0.766657       0.587764
          97200       0.445111       0.576917       0.332833
          97300      0.0111901        1.05156        1.10578
          97400       0.203323        1.20454        1.45091
          97500      0.0972976       0.829503       0.688074
          97600     0.00130288       0.981786       0.963905
          97700       0.245279       0.710453       0.504744
          97800    5.84845e-06        1.00121        1.00242
          97900      0.0523445      -0.878186       0.771211
          98000      0.0743941      -0.852788       0.727247
          98100      0.0874861      -0.839178        0.70422
          98200      0.0802419      -0.846599        0.71673
          98300     0.00592442       -1.03777        1.07697
          98400     0.00337673       -0.97051        0.94189
          98500      0.0312233      -0.907358       0.823299
          98600      0.0799627       -0.84689       0.717223
          98700       0.128708       -1.16566        1.35876
          98800      0.0469091       -1.10299        1.21659
          98900      0.0235803       -1.07404        1.15356
          99000      0.0133526       -0.94045       0.884447
          99100    0.000193808       -1.00694        1.01392
          99200      0.0262628        1.07799        1.16206
          99300       0.134692       0.795611       0.632996
          99400     0.00684379        1.04054        1.08273
          99500    0.000500616        1.01113        1.02237
          99600      0.0644441       0.863795       0.746142
          99700    1.38186e-05        0.99814       0.996283
          99800      0.0117654        0.94421       0.891532
          99900      0.0449264       0.887717       0.788042
         100000      0.0224188       0.922101       0.850271
