              0      0.0259958      -0.228017      0.0519916
            100       0.896167        1.33878        1.79233
            200       0.891801       -1.33552         1.7836
            300      0.0180793       0.190154      0.0361586
            400        1.66915        -1.8271        3.33831
            500        0.24496       0.699943        0.48992
            600      0.0296654      -0.243579      0.0593307
            700       0.410389      -0.905968       0.820778
            800      0.0621768       0.352638       0.124354
            900       0.341308      -0.826206       0.682616
           1000       0.161523      -0.568372       0.323047
           1100       0.131543       0.512919       0.263086
           1200       0.258287      -0.718731       0.516574
           1300      0.0127499       0.159687      0.0254998
           1400      0.0545176      -0.330205       0.109035
           1500    0.000575778     -0.0339346     0.00115156
           1600        3.28781         2.5643        6.57563
           1700       0.787932       -1.25533        1.57586
           1800       0.146943       0.542112       0.293886
           1900      0.0230321      -0.214626      0.0460643
           2000       0.744294       -1.22008        1.48859
           2100       0.026502       0.230226       0.053004
           2200      0.0791342       -0.39783       0.158268
           2300        1.68753       -1.83713        3.37506
           2400      0.0360179      -0.268395      0.0720359
           2500     0.00508672       0.100863      0.0101734
           2600       0.432061      -0.929581       0.864122
           2700       0.508615       -1.00858        1.01723
           2800       0.250479       0.707783       0.500957
           2900       0.400554      -0.895046       0.801107
           3000        1.24569       -1.57841        2.49138
           3100        3.57908        2.67548        7.15817
           3200         0.6875        -1.1726          1.375
           3300       0.306847       0.783387       0.613695
           3400       0.939166        1.37052        1.87833
           3500      0.0176716       0.187998      0.0353432
           3600       0.733506        -1.2112        1.46701
           3700        3.13754       -2.50501        6.27508
           3800       0.366082       0.855666       0.732164
           3900       0.672959        1.16014        1.34592
           4000       0.917362       -1.35452        1.83472
           4100        0.19463      -0.623907        0.38926
           4200       0.245273      -0.700389       0.490545
           4300       0.267861      -0.731931       0.535723
           4400      0.0149405      -0.172861       0.029881
           4500       0.449025       0.947655       0.898049
           4600      0.0969506      -0.440342       0.193901
           4700        2.26174       -2.12685        4.52349
           4800       0.139594       0.528383       0.279189
           4900       0.590378        1.08663        1.18076
           5000        2.40809        2.19458        4.81618
           5100       0.172036      -0.586576       0.344072
           5200       0.973221       -1.39515        1.94644
           5300      0.0331161      -0.257356      0.0662321
           5400       0.106636       0.461814       0.213272
           5500       0.822082       -1.28225        1.64416
           5600       0.084292        0.41059       0.168584
           5700        1.01628       -1.42568        2.03255
           5800       0.732507        1.21038        1.46501
           5900      0.0813149       0.403274        0.16263
           6000       0.078797       0.396981       0.157594
           6100       0.098619       0.444115       0.197238
           6200       0.939319        1.37063        1.87864
           6300       0.168487      -0.580495       0.336974
           6400       0.158621      -0.563242       0.317242
           6500      0.0210546       0.205205      0.0421093
           6600      0.0921567       0.429317       0.184313
           6700       0.385436       0.877994       0.770873
           6800      0.0636546      -0.356804       0.127309
           6900       0.122913      -0.495808       0.245826
           7000       0.689175        1.17403        1.37835
           7100        0.15262       0.552485        0.30524
           7200     0.00464704     -0.0964058     0.00929407
           7300        1.59187         1.7843        3.18374
           7400       0.140157       0.529447       0.280315
           7500       0.368323      -0.858281       0.736646
           7600       0.126415       0.502823       0.252831
           7700        1.21274        1.55739        2.42547
           7800      0.0895298      -0.423154        0.17906
           7900       0.036518       0.270252       0.073036
           8000        1.21454       -1.55855        2.42909
           8100         2.8065        2.36918          5.613
           8200       0.126083       0.502161       0.252166
           8300       0.272451       0.738175       0.544902
           8400        1.46053        1.70911        2.92107
           8500       0.507879       -1.00785        1.01576
           8600        1.10225        1.48475        2.20449
           8700      0.0836293       0.408973       0.167259
           8800       0.847902       -1.30223         1.6958
           8900       0.683692        1.16935        1.36738
           9000      0.0878459      -0.419156       0.175692
           9100       0.052339        0.32354       0.104678
           9200       0.483794        0.98366       0.967588
           9300      0.0850559      -0.412446       0.170112
           9400       0.103458        0.45488       0.206915
           9500      0.0421418       0.290316      0.0842836
           9600       0.284191      -0.753912       0.568383
           9700        1.60953       -1.79417        3.21906
           9800     0.00884766       0.133024      0.0176953
           9900       0.364742       0.854098       0.729483
          10000       0.479432       0.979216       0.958865
          10100        1.99627       -1.99813        3.99253
          10200       0.346302      -0.832229       0.692604
          10300       0.108606        0.46606       0.217212
          10400      0.0784949       0.396219        0.15699
          10500       0.638188       -1.12977        1.27638
          10600        0.99577        1.41122        1.99154
          10700      0.0505575       0.317986       0.101115
          10800     0.00190322     -0.0616964     0.00380644
          10900     0.00215655     -0.0656741     0.00431309
          11000        1.74551       -1.86843        3.49102
          11100        2.79048        -2.3624        5.58095
          11200        1.85802        -1.9277        3.71603
          11300       0.625009       -1.11804        1.25002
          11400      0.0984877       0.443819       0.196975
          11500       0.877214        1.32455        1.75443
          11600       0.708476       -1.19036        1.41695
          11700        1.06596        1.46011        2.13193
          11800       0.340513       0.825243       0.681026
          11900      0.0515473       0.321084       0.103095
          12000     0.00162159     -0.0569489     0.00324317
          12100       0.510428       -1.01037        1.02086
          12200       0.707488        1.18953        1.41498
          12300       0.247467      -0.703515       0.494934
          12400      0.0141745      -0.168371      0.0283489
          12500       0.182695      -0.604475        0.36539
          12600     0.00267521      0.0731466     0.00535042
          12700       0.633158        1.12531        1.26632
          12800       0.838992       -1.29537        1.67798
          12900       0.142139       0.533178       0.284279
          13000       0.651474        1.14147        1.30295
          13100        1.30721        1.61692        2.61442
          13200     0.00330602     -0.0813144     0.00661203
          13300       0.204959      -0.640249       0.409919
          13400      0.0150121       0.173275      0.0300243
          13500       0.327826      -0.809723       0.655652
          13600         1.0308       -1.43583         2.0616
          13700       0.164774      -0.574062       0.329547
          13800       0.522014        1.02178        1.04403
          13900       0.522083        1.02184        1.04417
          14000     0.00869796       0.131894      0.0173959
          14100       0.167631       0.579018       0.335262
          14200    0.000578117      0.0340034     0.00115623
          14300     0.00151337      0.0550158     0.00302674
          14400        1.32321        1.62678        2.64642
          14500      0.0398877       0.282445      0.0797754
          14600        0.53272         1.0322        1.06544
          14700       0.473092       -0.97272       0.946185
          14800        1.32298       -1.62664        2.64596
          14900       0.214995      -0.655736        0.42999
          15000       0.835926          1.293        1.67185
          15100       0.404178       0.899086       0.808355
          15200        3.66086        2.70587        7.32173
          15300        2.81113       -2.37113        5.62225
          15400       0.447815      -0.946378       0.895631
          15500        2.27963       -2.13524        4.55925
          15600       0.145592       0.539615       0.291184
          15700       0.618893        1.11256        1.23779
          15800      0.0215002      -0.207365      0.0430004
          15900      0.0386082       0.277878      0.0772164
          16000     0.00901951      -0.134309       0.018039
          16100       0.466955        0.96639       0.933909
          16200       0.515947       -1.01582        1.03189
          16300        1.40219       -1.67463        2.80438
          16400      0.0116849       0.152872      0.0233699
          16500       0.165252      -0.574895       0.330505
          16600    0.000877524      0.0418933     0.00175505
          16700        0.70077        1.18387        1.40154
          16800        1.48869        1.72551        2.97738
          16900       0.881312       -1.32764        1.76262
          17000      0.0649668      -0.360463       0.129934
          17100       0.430378      -0.927769       0.860755
          17200     0.00625049      -0.111808       0.012501
          17300     0.00202602      0.0636557     0.00405204
          17400        2.96515       -2.43522         5.9303
          17500    0.000268184     -0.0231596    0.000536367
          17600       0.307784       0.784581       0.615568
          17700       0.561037        1.05928        1.12207
          17800    0.000241436     -0.0219743    0.000482871
          17900       0.123849       0.497693       0.247698
          18000       0.167365       0.578558       0.334729
          18100        0.90803        1.34761        1.81606
          18200      0.0209851       0.204866      0.0419702
          18300      0.0257357      -0.226873      0.0514714
          18400     2.8612e-05     0.00756466     5.7224e-05
          18500        1.21158        1.55665        2.42316
          18600       0.744204          -1.22        1.48841
          18700       0.187867      -0.612972       0.375735
          18800       0.200348       0.633005       0.400695
          18900       0.476878       0.976604       0.953756
          19000       0.169988      -0.583075       0.339976
          19100      0.0270731      -0.232693      0.0541461
          19200        1.47378       -1.71685        2.94756
          19300      0.0430086       0.293287      0.0860173
          19400      0.0493729      -0.314239      0.0987458
          19500       0.262845      -0.725045        0.52569
          19600       0.249897      -0.706961       0.499794
          19700       0.983281       -1.40234        1.96656
          19800        4.17282       -2.88888        8.34565
          19900      0.0365193      -0.270257      0.0730387
          20000        1.26392       -1.58992        2.52784
          20100       0.345704        0.83151       0.691408
          20200       0.981895        1.40135        1.96379
          20300       0.348868      -0.835306       0.697736
          20400       0.146085       0.540527        0.29217
          20500     0.00210203      0.0648388     0.00420407
          20600        1.86382       -1.93071        3.72764
          20700       0.904339        1.34487        1.80868
          20800       0.169025      -0.581421       0.338051
          20900     0.00506753      -0.100673      0.0101351
          21000       0.111575       0.472387        0.22315
          21100       0.239072      -0.691479       0.478143
          21200         0.5576        1.05603         1.1152
          21300     0.00608076       0.110279      0.0121615
          21400       0.150662       0.548929       0.301323
          21500        2.05188       -2.02577        4.10376
          21600     0.00863998      -0.131453        0.01728
          21700      0.0770965      -0.392674       0.154193
          21800       0.533325       -1.03279        1.06665
          21900     0.00119475      0.0488826     0.00238951
          22000      0.0480202      -0.309904      0.0960405
          22100        1.23075        1.56892         2.4615
          22200       0.654515       -1.14413        1.30903
          22300       0.649131       -1.13941        1.29826
          22400       0.977672       -1.39834        1.95534
          22500      0.0871976      -0.417606       0.174395
          22600      0.0228359       0.213709      0.0456717
          22700      0.0397794      -0.282062      0.0795589
          22800       0.140645      -0.530368        0.28129
          22900        0.10537       0.459065        0.21074
          23000       0.196231       0.626468       0.392462
          23100     0.00273921     -0.0740163     0.00547842
          23200       0.227597      -0.674681       0.455195
          23300       0.809754        -1.2726        1.61951
          23400       0.757452       -1.23081         1.5149
          23500       0.272015       0.737584       0.544031
          23600       0.331065      -0.813713       0.662129
          23700       0.130579      -0.511036       0.261158
          23800       0.355544       0.843261       0.711088
          23900     0.00717062       0.119755      0.0143412
          24000     0.00159461     -0.0564732     0.00318922
          24100      0.0138026      -0.166148      0.0276053
          24200        1.19089        -1.5433        2.38178
          24300    0.000194237      0.0197097    0.000388473
          24400       0.156244      -0.559006       0.312488
          24500       0.657938       -1.14712        1.31588
          24600       0.717933       -1.19828        1.43587
          24700       0.119095      -0.488046       0.238189
          24800      0.0777377      -0.394304       0.155475
          24900       0.228633      -0.676215       0.457266
          25000       0.170871       0.584587       0.341742
          25100       0.139106      -0.527459       0.278213
          25200       0.137488       0.524382       0.274977
          25300        1.13402         -1.506        2.26804
          25400       0.179189      -0.598647       0.358379
          25500        2.99831        -2.4488        5.99663
          25600     0.00030438     -0.0246731     0.00060876
          25700       0.372559      -0.863203       0.745119
          25800       0.149457      -0.546731       0.298915
          25900       0.256667       0.716474       0.513335
          26000       0.201586       0.634959       0.403173
          26100      0.0819468      -0.404838       0.163894
          26200       0.295264       0.768458       0.590528
          26300       0.293492      -0.766148       0.586983
          26400       0.156309       0.559123       0.312618
          26500        1.21627        1.55966        2.43253
          26600     0.00615113       0.110916      0.0123023
          26700      0.0553013       -0.33257       0.110603
          26800        3.12039       -2.49815        6.24078
          26900       0.152633       0.552509       0.305267
          27000       0.237143       0.688684       0.474286
          27100       0.599871       -1.09533        1.19974
          27200       0.730668        1.20886        1.46134
          27300      0.0236639      -0.217549      0.0473277
          27400       0.509249       -1.00921         1.0185
          27500        1.40681       -1.67738        2.81361
          27600        1.80096       -1.89787        3.60192
          27700       0.464312       0.963651       0.928624
          27800        1.21857        1.56113        2.43714
          27900      0.0129883      -0.161173      0.0259767
          28000       0.104672      -0.457541       0.209343
          28100        2.47045       -2.22281        4.94089
          28200       0.108337       0.465482       0.216674
          28300        1.46624        1.71245        2.93247
          28400      0.0825652       0.406362        0.16513
          28500       0.305261       0.781359       0.610521
          28600       0.984534       -1.40324        1.96907
          28700        1.50981       -1.73771        3.01963
          28800       0.674777        -1.1617        1.34955
          28900        3.01443        2.45537        6.02887
          29000       0.120223      -0.490352       0.240446
          29100       0.101629       0.450841       0.203258
          29200       0.173254        0.58865       0.346509
          29300        1.52397       -1.74583        3.04794
          29400        1.01672       -1.42598        2.03343
          29500        1.66417       -1.82437        3.32833
          29600       0.240085       0.692944       0.480171
          29700       0.181013       0.601686       0.362026
          29800       0.157169       0.560659       0.314338
          29900       0.975691       -1.39692        1.95138
          30000       0.225832        0.67206       0.451665
          30100       0.295366       0.768591       0.590731
          30200       0.193311       -0.62179       0.386623
          30300      0.0139065      -0.166772      0.0278129
          30400     0.00173339      0.0588794     0.00346678
          30500      0.0713604       0.377784       0.142721
          30600     0.00321406      0.0801756     0.00642812
          30700        1.94657         1.9731        3.89314
          30800       0.317741       0.797172       0.635483
          30900       0.808041        1.27125        1.61608
          31000     0.00855909      -0.130836      0.0171182
          31100      0.0346705      -0.263327      0.0693411
          31200      0.0127535       0.159709       0.025507
          31300       0.568996       -1.06677        1.13799
          31400       0.126106      -0.502206       0.252211
          31500       0.262687       0.724827       0.525374
          31600       0.752058        1.22642        1.50412
          31700      0.0279627      -0.236485      0.0559253
          31800        1.37602       -1.65892        2.75203
          31900     0.00050004       0.031624     0.00100008
          32000       0.452829      -0.951661       0.905658
          32100        2.63184       -2.29427        5.26368
          32200        1.09567       -1.48032        2.19134
          32300      0.0126244       0.158899      0.0252488
          32400     0.00115665      0.0480967     0.00231329
          32500       0.021404       0.206901       0.042808
          32600       0.483561       0.983424       0.967122
          32700        1.76779       -1.88032        3.53558
          32800       0.162939       0.570858       0.325879
          32900    0.000797773      0.0399443     0.00159555
          33000    0.000682974      0.0369587     0.00136595
          33100      0.0123902       0.157418      0.0247804
          33200         1.6404         1.8113         3.2808
          33300     0.00716015       0.119667      0.0143203
          33400      0.0923177      -0.429692       0.184635
          33500       0.965809        1.38983        1.93162
          33600       0.514765       -1.01466        1.02953
          33700       0.147516       0.543168       0.295031
          33800        1.20271        1.55094        2.40543
          33900         1.1031       -1.48533         2.2062
          34000      0.0670726      -0.366259       0.134145
          34100       0.263129      -0.725436       0.526258
          34200        0.16638      -0.576853        0.33276
          34300      0.0477845       0.309142       0.095569
          34400       0.218882       0.661637       0.437763
          34500       0.534902        1.03431         1.0698
          34600        5.56656       -3.33663        11.1331
          34700      0.0398731       0.282394      0.0797461
          34800        1.36547        1.65255        2.73093
          34900      0.0213562       -0.20667      0.0427125
          35000        1.82833        1.91224        3.65666
          35100     0.00298888      -0.077316     0.00597776
          35200        3.27023       -2.55743        6.54046
          35300     0.00349476      0.0836034     0.00698952
          35400        2.48305       -2.22847         4.9661
          35500        1.62459       -1.80255        3.24917
          35600       0.168964      -0.581316       0.337928
          35700      0.0843747       0.410791       0.168749
          35800        1.25934       -1.58704        2.51868
          35900        1.61147       -1.79525        3.22293
          36000       0.569221       -1.06698        1.13844
          36100        0.12295      -0.495884         0.2459
          36200       0.250761       0.708182       0.501521
          36300      0.0345676       0.262936      0.0691352
          36400       0.733044        1.21082        1.46609
          36500      0.0420858       0.290123      0.0841716
          36600      0.0513474       -0.32046       0.102695
          36700      0.0591929      -0.344072       0.118386
          36800       0.546499       -1.04547          1.093
          36900       0.232186      -0.681449       0.464373
          37000      0.0477197       0.308933      0.0954393
          37100     0.00640704      -0.113199      0.0128141
          37200       0.723823       -1.20318        1.44765
          37300      0.0484098      -0.311158      0.0968196
          37400      0.0588239       0.342998       0.117648
          37500      0.0874278      -0.418157       0.174856
          37600       0.453664      -0.952538       0.907329
          37700      0.0744445       0.385861       0.148889
          37800      0.0289956      -0.240814      0.0579912
          37900       0.249908      -0.706977       0.499816
          38000       0.237744      -0.689556       0.475488
          38100      0.0805233      -0.401306       0.161047
          38200        1.24121        1.57557        2.48242
          38300        1.28994        -1.6062        2.57988
          38400       0.792718       -1.25914        1.58544
          38500        1.54027        1.75515        3.08054
          38600       0.273653      -0.739802       0.547306
          38700       0.278458       0.746268       0.556916
          38800       0.724094       -1.20341        1.44819
          38900        3.58525        2.67778         7.1705
          39000       0.277914      -0.745538       0.555827
          39100      0.0277797      -0.235711      0.0555595
          39200        0.42248      -0.919217       0.844959
          39300        1.69051       -1.83875        3.38101
          39400      0.0755261       0.388654       0.151052
          39500        1.57683       -1.77586        3.15367
          39600        0.19909      -0.631016       0.398181
          39700     0.00396926     -0.0890984     0.00793852
          39800       0.496204      -0.996196       0.992407
          39900    0.000612802      0.0350086      0.0012256
          40000       0.713769         1.1948        1.42754
          40100       0.178143      -0.596897       0.356287
          40200       0.666953       -1.15495        1.33391
          40300        0.52302        1.02276        1.04604
          40400       0.144273       0.537165       0.288546
          40500       0.456664       0.955682       0.913327
          40600       0.220752       0.664458       0.441505
          40700       0.102454       0.452667       0.204908
          40800      0.0409901       0.286322      0.0819802
          40900     0.00934763       0.136731      0.0186953
          41000       0.917269       -1.35445        1.83454
          41100        1.09445       -1.47949        2.18889
          41200      0.0374866       0.273812      0.0749732
          41300       0.341644       0.826612       0.683288
          41400      0.0127568       -0.15973      0.0255136
          41500        1.73678        1.86375        3.47356
          41600      0.0428162       -0.29263      0.0856324
          41700      0.0511429       0.319822       0.102286
          41800       0.536653         -1.036        1.07331
          41900       0.230907      -0.679569       0.461814
          42000    3.41544e-05     0.00826492    6.83089e-05
          42100      0.0156773      -0.177072      0.0313547
          42200    0.000432549     -0.0294125    0.000865097
          42300      0.0272404       0.233411      0.0544809
          42400      0.0138057      -0.166167      0.0276114
          42500       0.265291       -0.72841       0.530581
          42600        4.34316       -2.94726        8.68632
          42700       0.450099       0.948788       0.900199
          42800       0.207066      -0.643532       0.414133
          42900       0.320894       0.801117       0.641788
          43000      0.0209444      -0.204667      0.0418888
          43100     0.00518088      -0.101793      0.0103618
          43200       0.194433       0.623591       0.388866
          43300       0.682504       -1.16834        1.36501
          43400        0.95376       -1.38113        1.90752
          43500        0.46034      -0.959521        0.92068
          43600       0.713219        1.19434        1.42644
          43700       0.580277        1.07729        1.16055
          43800    0.000501156     -0.0316593     0.00100231
          43900         5.1199        3.19997        10.2398
          44000      0.0759829       0.389828       0.151966
          44100        1.19324        1.54482        2.38647
          44200       0.680387       -1.16652        1.36077
          44300         1.2524       -1.58265        2.50479
          44400       0.088163      -0.419912       0.176326
          44500      0.0192334      -0.196129      0.0384667
          44600       0.190243      -0.616835       0.380486
          44700      0.0696028       0.373103       0.139206
          44800     0.00169822      -0.058279     0.00339644
          44900       0.100543       0.448425       0.201085
          45000       0.531145       -1.03067        1.06229
          45100      0.0633688      -0.356002       0.126738
          45200       0.184924       0.608151       0.369848
          45300       0.210545       0.648915       0.421091
          45400       0.369991       0.860222       0.739982
          45500      0.0968203       0.440046       0.193641
          45600      0.0396395      -0.281565      0.0792791
          45700       0.101649       0.450885       0.203297
          45800        1.31157        1.61961        2.62315
          45900     0.00387036      0.0879813     0.00774071
          46000      0.0858985       0.414484       0.171797
          46100        0.65448         1.1441        1.30896
          46200        1.03031       -1.43548        2.06062
          46300      0.0394251      -0.280803      0.0788502
          46400       0.428115      -0.925327       0.856231
          46500       0.061878       -0.35179       0.123756
          46600       0.735239        1.21263        1.47048
          46700       0.906269       -1.34631        1.81254
          46800        0.76122       -1.23387        1.52244
          46900      0.0202579       0.201285      0.0405158
          47000        1.55033        1.76087        3.10066
          47100       0.160386       0.566367       0.320772
          47200       0.734447       -1.21198        1.46889
          47300       0.107919       0.464585       0.215839
          47400       0.607925       -1.10266        1.21585
          47500       0.611877       -1.10623        1.22375
          47600       0.689847        -1.1746        1.37969
          47700        1.18604        1.54016        2.37208
          47800        1.32663       -1.62888        2.65325
          47900       0.764127        1.23623        1.52825
          48000        2.82428       -2.37667        5.64857
          48100       0.560148        1.05844         1.1203
          48200      0.0333684      -0.258335      0.0667369
          48300       0.614436        1.10854        1.22887
          48400       0.674982       -1.16188        1.34996
          48500     0.00136632     -0.0522747     0.00273265
          48600      0.0342156      -0.261594      0.0684313
          48700      0.0430821      -0.293537      0.0861641
          48800       0.183431       0.605691       0.366862
          48900       0.154096       0.555151       0.308192
          49000      0.0525006      -0.324039       0.105001
          49100         3.1986        2.52927         6.3972
          49200       0.099818       0.446807       0.199636
          49300       0.111191       0.471575       0.222383
          49400        2.75099        2.34563        5.50198
          49500        0.67212       -1.15941        1.34424
          49600       0.383202      -0.875445       0.766404
          49700      0.0151278      -0.173941      0.0302555
          49800       0.260657       0.722021       0.521314
          49900     0.00389305     -0.0882389      0.0077861
          50000       0.106213       0.460896       0.212425
          50100       0.620716        -1.1142        1.24143
          50200      0.0891468      -0.422248       0.178294
          50300       0.100462       0.448246       0.200925
          50400         2.6028       -2.28158         5.2056
          50500       0.236588       0.687878       0.473176
          50600      0.0291262      -0.241355      0.0582525
          50700        1.13294       -1.50528        2.26587
          50800       0.178427      -0.597373       0.356854
          50900       0.296588        0.77018       0.593177
          51000        2.93049        2.42095        5.86098
          51100       0.692864        1.17717        1.38573
          51200       0.103922       0.455898       0.207843
          51300     0.00541654       0.104082      0.0108331
          51400     0.00729066       0.120753      0.0145813
          51500        2.03284       -2.01635        4.06568
          51600       0.790099       -1.25706         1.5802
          51700        1.16137        1.52406        2.32275
          51800       0.687306        1.17244        1.37461
          51900       0.822459        1.28254        1.64492
          52000       0.758463        1.23164        1.51693
          52100        2.56479       -2.26486        5.12958
          52200      0.0530819       0.325828       0.106164
          52300      0.0385552      -0.277688      0.0771104
          52400        2.64414        2.29963        5.28828
          52500       0.035496       0.266443      0.0709921
          52600       0.913509       -1.35167        1.82702
          52700        1.58475       -1.78031        3.16951
          52800        1.48931       -1.72587        2.97863
          52900     0.00554379      -0.105298      0.0110876
          53000       0.625205        1.11822        1.25041
          53100       0.127629      -0.505231       0.255259
          53200       0.388163       0.881093       0.776325
          53300       0.260751       0.722151       0.521503
          53400       0.209394      -0.647138       0.418788
          53500       0.157061      -0.560466       0.314122
          53600        1.22911       -1.56787        2.45822
          53700       0.134666      -0.518971       0.269331
          53800       0.852134        1.30548        1.70427
          53900        2.18338        2.08968        4.36677
          54000       0.417141       0.913391       0.834282
          54100      0.0707711      -0.376221       0.141542
          54200      0.0208264       -0.20409      0.0416528
          54300     0.00155962      0.0558501     0.00311923
          54400       0.867122       -1.31691        1.73424
          54500      0.0381774      -0.276324      0.0763548
          54600        1.49725       -1.73046        2.99449
          54700    0.000268472      -0.023172    0.000536943
          54800       0.070589      -0.375737       0.141178
          54900       0.113306      -0.476037       0.226611
          55000       0.200861      -0.633815       0.401721
          55100       0.329419      -0.811689       0.658839
          55200      0.0726114      -0.381081       0.145223
          55300        0.33762       -0.82173        0.67524
          55400      0.0561634      -0.335152       0.112327
          55500     0.00312035      0.0789981     0.00624071
          55600       0.245955      -0.701362       0.491909
          55700      0.0325577      -0.255177      0.0651154
          55800       0.332462       0.815429       0.664925
          55900       0.997024       -1.41211        1.99405
          56000      0.0228826      -0.213928      0.0457652
          56100       0.763498       -1.23572          1.527
          56200        2.81406        2.37236        5.62811
          56300        1.24856        1.58023        2.49712
          56400       0.917574        1.35468        1.83515
          56500      0.0393887      -0.280673      0.0787775
          56600      0.0190719       0.195305      0.0381439
          56700       0.158542       0.563103       0.317085
          56800      0.0034312      0.0828397     0.00686241
          56900       0.144412       0.537423       0.288824
          57000       0.212816       0.652405       0.425632
          57100      0.0019029      0.0616911     0.00380579
          57200        1.31793        1.62353        2.63585
          57300        1.33288        1.63271        2.66576
          57400       0.106203       0.460874       0.212405
          57500     0.00501358       0.100136      0.0100272
          57600        0.10919       0.467312       0.218381
          57700        1.33624        1.63477        2.67248
          57800         2.2072       -2.10105         4.4144
          57900      0.0493755      -0.314247       0.098751
          58000       0.263784      -0.726339       0.527569
          58100       0.118934      -0.487717       0.237867
          58200        2.48861        2.23097        4.97723
          58300       0.279944       0.748256       0.559888
          58400        3.79198        -2.7539        7.58397
          58500      0.0340817       0.261081      0.0681634
          58600     0.00576401       0.107369       0.011528
          58700      0.0312595       0.250038       0.062519
          58800       0.253358        0.71184       0.506716
          58900      0.0513068       0.320333       0.102614
          59000       0.660376        1.14924        1.32075
          59100        1.25441        1.58393        2.50882
          59200       0.998666        1.41327        1.99733
          59300       0.123057        -0.4961       0.246115
          59400      0.0588937       0.343202       0.117787
          59500      0.0228823       0.213927      0.0457647
          59600       0.317331       0.796657       0.634662
          59700      0.0402138      -0.283598      0.0804277
          59800       0.314089       0.792577       0.628178
          59900       0.775668       -1.24553        1.55134
          60000      0.0969227      -0.440279       0.193845
          60100      0.0316478       0.251586      0.0632957
          60200       0.355858       0.843632       0.711715
          60300        3.95412        2.81216        7.90824
          60400       0.977819        1.39844        1.95564
          60500       0.132329       0.514449       0.264658
          60600      0.0113303       0.150535      0.0226607
          60700        2.57043        2.26735        5.14085
          60800      0.0030068      0.0775474      0.0060136
          60900       0.180521      -0.600868       0.361042
          61000      0.0500857       0.316499       0.100171
          61100        0.16834       0.580242        0.33668
          61200       0.551132       -1.04989        1.10226
          61300          2.321       -2.15453          4.642
          61400       0.443909      -0.942241       0.887819
          61500        0.50047        1.00047        1.00094
          61600       0.111284       -0.47177       0.222567
          61700    0.000338296      0.0260114    0.000676591
          61800        3.41742       -2.61435        6.83483
          61900      0.0105549      -0.145292      0.0211098
          62000        1.29445       -1.60901        2.58891
          62100      0.0505748       -0.31804        0.10115
          62200       0.379538        0.87125       0.759076
          62300      0.0143388      -0.169344      0.0286775
          62400        1.20646        1.55336        2.41293
          62500        0.25193       0.709831        0.50386
          62600      0.0230486       0.214702      0.0460971
          62700       0.143319       0.535385       0.286638
          62800       0.138314      -0.525954       0.276628
          62900       0.329814      -0.812175       0.659629
          63000        2.36032        -2.1727        4.72064
          63100       0.262856        0.72506       0.525713
          63200        1.25279        -1.5829        2.50557
          63300       0.186401      -0.610575       0.372801
          63400      0.0750939       0.387541       0.150188
          63500       0.575487       -1.07283        1.15097
          63600      0.0692148      -0.372061        0.13843
          63700        1.43668         1.6951        2.87335
          63800       0.520882       -1.02067        1.04176
          63900      0.0946234      -0.435025       0.189247
          64000        0.35267      -0.839846       0.705341
          64100      0.0506256        -0.3182       0.101251
          64200      0.0422016       0.290522      0.0844031
          64300       0.139633      -0.528457       0.279267
          64400        1.18638        1.54038        2.37277
          64500       0.337881      -0.822047       0.675762
          64600        2.07719        2.03823        4.15438
          64700      0.0233547      -0.216123      0.0467094
          64800       0.170424       0.583822       0.340848
          64900       0.855309       -1.30791        1.71062
          65000        1.56875        -1.7713        3.13749
          65100       0.237583      -0.689323       0.475166
          65200       0.249854         0.7069       0.499707
          65300       0.218228       0.660648       0.436456
          65400      0.0644245      -0.358956       0.128849
          65500       0.127646      -0.505264       0.255292
          65600       0.679614        1.16586        1.35923
          65700      0.0154779       0.175943      0.0309558
          65800       0.125825      -0.501647        0.25165
          65900      0.0723743       0.380458       0.144749
          66000       0.193964      -0.622839       0.387928
          66100       0.927227        1.36178        1.85445
          66200       0.379705      -0.871441        0.75941
          66300       0.856845       -1.30908        1.71369
          66400     0.00527676       -0.10273      0.0105535
          66500        2.73739        2.33982        5.47478
          66600       0.445836       0.944284       0.891672
          66700       0.020201      -0.201003      0.0404021
          66800       0.806559        1.27009        1.61312
          66900        0.15464        0.55613       0.309281
          67000       0.156129        -0.5588       0.312257
          67100       0.169284      -0.581866       0.338568
          67200       0.103882      -0.455812       0.207764
          67300       0.839884       -1.29606        1.67977
          67400       0.652612        1.14246        1.30522
          67500     1.2741e-05    -0.00504796    2.54819e-05
          67600        0.12355       0.497091         0.2471
          67700       0.860173        1.31162        1.72035
          67800       0.507436       -1.00741        1.01487
          67900       0.146312      -0.540947       0.292623
          68000       0.845556       -1.30043        1.69111
          68100      0.0299712       0.244831      0.0599424
          68200       0.015361      -0.175277      0.0307219
          68300        3.88667       -2.78807        7.77333
          68400       0.235558      -0.686379       0.471117
          68500       0.154956      -0.556698       0.309913
          68600      0.0303074       0.246201      0.0606148
          68700        0.29216      -0.764408        0.58432
          68800       0.024897      -0.223146      0.0497939
          68900    0.000268169      -0.023159    0.000536339
          69000       0.146208      -0.540756       0.292417
          69100     0.00559236       0.105758      0.0111847
          69200       0.659481       -1.14846        1.31896
          69300       0.949567       -1.37809        1.89913
          69400     0.00341223     -0.0826102     0.00682445
          69500       0.918162       -1.35511        1.83632
          69600       0.183226      -0.605352       0.366451
          69700       0.395649       0.889549       0.791297
          69800       0.251901       -0.70979       0.503801
          69900      0.0394545       0.280907       0.078909
          70000      0.0174833      -0.186993      0.0349665
          70100        0.42814      -0.925354        0.85628
          70200       0.597518       -1.09318        1.19504
          70300      0.0602869       0.347237       0.120574
          70400      0.0239181       0.218715      0.0478362
          70500        2.55176         2.2591        5.10352
          70600       0.225514      -0.671585       0.451027
          70700       0.018381      -0.191734      0.0367619
          70800      0.0622163       -0.35275       0.124433
          70900      0.0347649      -0.263685      0.0695298
          71000       0.684469        1.17002        1.36894
          71100       0.221707       0.665894       0.443415
          71200      0.0282739      -0.237798      0.0565479
          71300     0.00385107      0.0877618     0.00770214
          71400       0.150098       0.547901       0.300195
          71500      0.0854592      -0.413423       0.170918
          71600       0.365216      -0.854653       0.730432
          71700     0.00199217     -0.0631216     0.00398434
          71800       0.383642      -0.875948       0.767284
          71900      0.0683741      -0.369795       0.136748
          72000        1.40974        1.67913        2.81948
          72100        1.00119       -1.41505        2.00238
          72200       0.121221       0.492384       0.242442
          72300       0.701714       -1.18466        1.40343
          72400       0.172547       0.587447       0.345093
          72500       0.300892       0.775747       0.601783
          72600     0.00812456       0.127472      0.0162491
          72700       0.159103       0.564097       0.318206
          72800       0.066522       0.364752       0.133044
          72900       0.100665      -0.448699       0.201331
          73000       0.345357       0.831092       0.690714
          73100    0.000689028     -0.0371222     0.00137806
          73200       0.263668      -0.726179       0.527336
          73300        2.44673        2.21212        4.89346
          73400        2.64026        2.29794        5.28053
          73500        2.18136        2.08871        4.36273
          73600         2.7716        -2.3544         5.5432
          73700       0.648845        1.13916        1.29769
          73800      0.0752807       0.388022       0.150561
          73900        1.19629        -1.5468        2.39258
          74000     0.00198624      0.0630276     0.00397248
          74100       0.430325       0.927713       0.860651
          74200       0.411424       -0.90711       0.822849
          74300       0.596762       -1.09249        1.19352
          74400       0.587657        1.08412        1.17531
          74500     0.00543358      -0.104246      0.0108672
          74600       0.162732       0.570494       0.325463
          74700       0.300517       0.775264       0.601034
          74800       0.444606        0.94298       0.889212
          74900       0.873167        1.32149        1.74633
          75000        1.11614       -1.49408        2.23228
          75100       0.101482       0.450516       0.202964
          75200    0.000642517     -0.0358474     0.00128503
          75300     0.00909743      -0.134888      0.0181949
          75400      0.0426406       0.292029      0.0852812
          75500      0.0574114      -0.338855       0.114823
          75600       0.217056      -0.658872       0.434112
          75700       0.107973         0.4647       0.215946
          75800        3.34062       -2.58481        6.68125
          75900      0.0838922      -0.409615       0.167784
          76000       0.575296       -1.07266        1.15059
          76100        1.97325        1.98658         3.9465
          76200        0.25432       -0.71319       0.508641
          76300        1.76911        1.88102        3.53822
          76400     0.00162887      0.0570766     0.00325774
          76500      0.0199088       0.199544      0.0398177
          76600       0.564807       -1.06283        1.12961
          76700      0.0941399      -0.433912        0.18828
          76800      0.0147892      -0.171984      0.0295784
          76900      0.0164625      -0.181452       0.032925
          77000      0.0742208       0.385281       0.148442
          77100      0.0621708       0.352621       0.124342
          77200        1.95583        1.97779        3.91166
          77300        2.74798        2.34435        5.49597
          77400        1.86935        1.93357        3.73869
          77500       0.272304      -0.737976       0.544608
          77600    6.51697e-05      0.0114166    0.000130339
          77700       0.670241       -1.15779        1.34048
          77800        2.42066        -2.2003        4.84132
          77900     0.00078355     -0.0395866      0.0015671
          78000      0.0190543      -0.195214      0.0381087
          78100       0.973402        1.39528         1.9468
          78200       0.026289      -0.229299      0.0525781
          78300       0.648743        1.13907        1.29749
          78400       0.107126       0.462874       0.214252
          78500        2.57363        2.26876        5.14725
          78600     0.00124056     -0.0498109     0.00248113
          78700        1.80208        1.89846        3.60417
          78800      0.0311163      -0.249465      0.0622326
          78900       0.448817      -0.947436       0.897634
          79000       0.105199      -0.458692       0.210399
          79100        1.82714        1.91162        3.65429
          79200       0.518191       -1.01803        1.03638
          79300       0.277737      -0.745301       0.555474
          79400       0.429631      -0.926963       0.859261
          79500       0.670765        1.15824        1.34153
          79600      0.0300318       0.245079      0.0600637
          79700     0.00129946      0.0509797     0.00259893
          79800       0.727593       -1.20631        1.45519
          79900       0.516019       -1.01589        1.03204
          80000        1.15356       -1.51892        2.30712
          80100       0.221162       0.665074       0.442324
          80200        1.68008        1.83307        3.36015
          80300        1.76028       -1.87632        3.52057
          80400       0.176721       -0.59451       0.353442
          80500       0.335101      -0.818658       0.670201
          80600       0.110267       -0.46961       0.220534
          80700       0.366276      -0.855893       0.732552
          80800       0.892121       -1.33576        1.78424
          80900       0.437237      -0.935134       0.874475
          81000       0.488905      -0.988843        0.97781
          81100      0.0159644       0.178686      0.0319287
          81200       0.019329      -0.196616       0.038658
          81300       0.728548        -1.2071         1.4571
          81400       0.132336      -0.514463       0.264672
          81500        2.17984        2.08798        4.35968
          81600       0.959015       -1.38493        1.91803
          81700        1.63637        1.80907        3.27273
          81800       0.106372      -0.461243       0.212745
          81900       0.816757        1.27809        1.63351
          82000       0.133789      -0.517279       0.267578
          82100       0.107453       0.463579       0.214905
          82200        2.65921       -2.30617        5.31841
          82300     0.00537737       0.103705      0.0107547
          82400       0.187194       0.611872       0.374387
          82500     0.00749304      -0.122418      0.0149861
          82600      0.0591184       0.343856       0.118237
          82700        1.54683        1.75888        3.09365
          82800     0.00034792     -0.0263788     0.00069584
          82900       0.327191      -0.808939       0.654382
          83000        0.10196      -0.451575        0.20392
          83100       0.163045       0.571043       0.326091
          83200        1.26339       -1.58959        2.52679
          83300      0.0486889       0.312054      0.0973778
          83400        4.68534        3.06116        9.37068
          83500       0.865371       -1.31558        1.73074
          83600        1.41065        1.67967        2.82131
          83700     0.00107417     -0.0463503     0.00214835
          83800      0.0678236       0.368303       0.135647
          83900       0.422996      -0.919778       0.845992
          84000     0.00927452       0.136195       0.018549
          84100       0.864986        1.31528        1.72997
          84200       0.212199       0.651458       0.424398
          84300        1.40295        1.67508        2.80589
          84400        2.45971       -2.21797        4.91941
          84500      0.0246437      -0.222008      0.0492875
          84600       0.778963       -1.24817        1.55793
          84700    0.000496127     -0.0315001    0.000992255
          84800       0.837843       -1.29448        1.67569
          84900      0.0149137       0.172706      0.0298275
          85000        1.59259       -1.78471        3.18519
          85100     0.00207796      0.0644664     0.00415591
          85200       0.214738      -0.655344       0.429475
          85300       0.173112       0.588408       0.346224
          85400    0.000713229     -0.0377685     0.00142646
          85500       0.805861        1.26954        1.61172
          85600        0.12899       0.507918       0.257981
          85700      0.0157687       0.177588      0.0315375
          85800       0.301105      -0.776021       0.602209
          85900       0.835374       -1.29257        1.67075
          86000    3.57881e-06    -0.00267537    7.15763e-06
          86100      0.0686344      -0.370498       0.137269
          86200    0.000366187      0.0270624    0.000732373
          86300        0.36713      -0.856889       0.734259
          86400      0.0578725      -0.340213       0.115745
          86500       0.005323       0.103179       0.010646
          86600       0.216714       0.658353       0.433429
          86700         2.1255        -2.0618        4.25101
          86800    0.000503231      0.0317248     0.00100646
          86900      0.0720484       0.379601       0.144097
          87000      0.0697773        0.37357       0.139555
          87100       0.689037       -1.17391        1.37807
          87200     0.00262462     -0.0724517     0.00524924
          87300        0.14626      -0.540851        0.29252
          87400      0.0250396       0.223784      0.0500793
          87500       0.201243       0.634418       0.402486
          87600       0.805245       -1.26905        1.61049
          87700      0.0650927      -0.360812       0.130185
          87800       0.234459      -0.684776       0.468918
          87900       0.670707       -1.15819        1.34141
          88000      0.0336914       0.259582      0.0673829
          88100       0.515998        1.01587          1.032
          88200       0.757101       -1.23053         1.5142
          88300       0.130936       0.511735       0.261872
          88400        3.15314        2.51123        6.30629
          88500        2.95358        2.43046        5.90715
          88600      0.0965637       0.439463       0.193127
          88700        1.47893        1.71985        2.95787
          88800       0.173083      -0.588359       0.346166
          88900        1.11971        1.49647        2.23942
          89000       0.858495        1.31034        1.71699
          89100       0.317085       0.796348        0.63417
          89200       0.755746       -1.22943        1.51149
          89300      0.0968888      -0.440202       0.193778
          89400       0.485983      -0.985884       0.971966
          89500      0.0182981      -0.191302      0.0365963
          89600       0.382817      -0.875005       0.765633
          89700        2.82099       -2.37528        5.64197
          89800        2.14304       -2.07029        4.28608
          89900       0.688901         1.1738         1.3778
          90000       0.434525       0.932228        0.86905
          90100       0.584006        1.08075        1.16801
          90200       0.557816       -1.05624        1.11563
          90300        1.06003       -1.45604        2.12006
          90400      0.0014623      0.0540796      0.0029246
          90500      0.0455127       0.301704      0.0910254
          90600       0.329787       0.812142       0.659574
          90700        1.27745         1.5984        2.55489
          90800      0.0837875      -0.409359       0.167575
          90900      0.0298356       0.244277      0.0596713
          91000      0.0244754      -0.221248      0.0489509
          91100       0.763099       -1.23539         1.5262
          91200       0.168089       0.579809       0.336178
          91300       0.126625       0.503239       0.253249
          91400        2.42459       -2.20209        4.84918
          91500         1.0651       -1.45952        2.13019
          91600        1.03154        1.43634        2.06309
          91700        1.90977       -1.95436        3.81953
          91800      0.0462604      -0.304172      0.0925207
          91900    0.000101536     -0.0142503    0.000203072
          92000      0.0141194       0.168044      0.0282388
          92100     0.00212973     -0.0652645     0.00425946
          92200     0.00765604      -0.123742      0.0153121
          92300      0.0214731       0.207235      0.0429462
          92400        1.88283        1.94053        3.76567
          92500       0.345038       0.830709       0.690077
          92600       0.231635       0.680639        0.46327
          92700        2.05296       -2.02631        4.10592
          92800       0.330591       0.813131       0.661182
          92900        0.17547      -0.592402        0.35094
          93000      0.0442522       0.297497      0.0885045
          93100      0.0502909       0.317146       0.100582
          93200      0.0696444      -0.373214       0.139289
          93300       0.012704      -0.159399      0.0254079
          93400       0.285431       0.755554       0.570862
          93500        1.94611       -1.97287        3.89223
          93600      0.0857781      -0.414193       0.171556
          93700       0.717945       -1.19829        1.43589
          93800       0.538043       -1.03735        1.07609
          93900      0.0143613      -0.169477      0.0287225
          94000        1.67264       -1.82901        3.34528
          94100        1.12048        1.49699        2.24097
          94200       0.177607       0.595997       0.355213
          94300      0.0383542       0.276963      0.0767084
          94400     0.00910945       0.134977      0.0182189
          94500       0.560672       -1.05894        1.12134
          94600       0.285331      -0.755421       0.570662
          94700       0.084525       0.411157        0.16905
          94800       0.419609      -0.916089       0.839218
          94900       0.269931       0.734754       0.539863
          95000       0.011526       0.151829      0.0230521
          95100       0.321341       0.801674       0.642682
          95200       0.287699        0.75855       0.575398
          95300        2.16469       -2.08071        4.32937
          95400        1.25375        1.58351         2.5075
          95500       0.120015      -0.489929        0.24003
          95600    7.89104e-05     -0.0125627    0.000157821
          95700     0.00741258      -0.121759      0.0148252
          95800        2.01133       -2.00566        4.02266
          95900       0.269267      -0.733848       0.538533
          96000        0.33194       0.814788        0.66388
          96100         2.0067        2.00335        4.01339
          96200      0.0419736      -0.289736      0.0839472
          96300        0.42886      -0.926132        0.85772
          96400        1.89302        1.94577        3.78603
          96500      0.0328811       0.256441      0.0657622
          96600       0.117723       0.485227       0.235445
          96700        1.20878        1.55485        2.41756
          96800       0.168571        0.58064       0.337143
          96900       0.113386       0.476205       0.226771
          97000      0.0838312       0.409466       0.167662
          97100      0.0568835       0.337294       0.113767
          97200        1.76299       -1.87776        3.52597
          97300       0.197779      -0.628933       0.395557
          97400         1.6669       -1.82587         3.3338
          97500     0.00870615      -0.131956      0.0174123
          97600      0.0296556      -0.243539      0.0593113
          97700     0.00893116        0.13365      0.0178623
          97800        1.51054        1.73812        3.02108
          97900     0.00170119     -0.0583299     0.00340238
          98000      0.0709261       0.376633       0.141852
          98100        1.98652        1.99325        3.97303
          98200       0.481016       0.980832       0.962031
          98300       0.382394      -0.874522       0.764788
          98400      0.0838306      -0.409464       0.167661
          98500       0.639933       -1.13131        1.27987
          98600       0.282293       0.751389       0.564585
          98700       0.481416       -0.98124       0.962831
          98800     0.00477861      -0.097761     0.00955722
          98900       0.584197        1.08092        1.16839
          99000       0.859357          1.311        1.71871
          99100        1.42212       -1.68649        2.84425
          99200    0.000276003      0.0234948    0.000552006
          99300       0.416129      -0.912282       0.832259
          99400       0.271807      -0.737302       0.543614
          99500     0.00240877     -0.0694084     0.00481753
          99600        1.50783        1.73656        3.01566
          99700        0.07781       0.394487        0.15562
          99800       0.206277       0.642303       0.412553
          99900     0.00753225       0.122738      0.0150645
         100000       0.461655       -0.96089        0.92331
