              0    0.000253344     -0.0225097    0.000506688
            100     0.00314111      0.0792605     0.00628222
            200     0.00693817      -0.117798      0.0138763
            300      0.0174045       0.186571      0.0348089
            400     0.00102625     -0.0453045      0.0020525
            500    0.000213968      0.0206866    0.000427936
            600     0.00833726       -0.12913      0.0166745
            700       0.221713      -0.665903       0.443427
            800       0.116142      -0.481959       0.232285
            900       0.174356      -0.590518       0.348711
           1000       0.243697      -0.698136       0.487394
           1100      0.0933861      -0.432171       0.186772
           1200       0.154953      -0.556692       0.309906
           1300    0.000324932     -0.0254924    0.000649863
           1400    0.000199788     -0.0199894    0.000399576
           1500    0.000251048      0.0224075    0.000502097
           1600     0.00234095      0.0684244      0.0046819
           1700       0.131915       0.513644        0.26383
           1800     0.00235053      0.0685642     0.00470106
           1900       0.146892      -0.542018       0.293783
           2000       0.220465      -0.664026       0.440931
           2100      0.0277805      -0.235714       0.055561
           2200      0.0311225      -0.249489       0.062245
           2300       0.057724       0.339776       0.115448
           2400     0.00780983       0.124979      0.0156197
           2500      0.0290282      -0.240949      0.0580564
           2600     0.00336661     -0.0820562     0.00673322
           2700      0.0214952      -0.207341      0.0429905
           2800       0.015097      -0.173764      0.0301941
           2900       0.103804       0.455639       0.207607
           3000      0.0677679       0.368152       0.135536
           3100       0.130366       0.510619       0.260731
           3200      0.0612699       0.350057        0.12254
           3300       0.205684       0.641379       0.411367
           3400        0.30858       0.785595        0.61716
           3500       0.358995       0.847343       0.717991
           3600     0.00728132       0.120676      0.0145626
           3700      0.0283089      -0.237945      0.0566178
           3800      0.0568844      -0.337296       0.113769
           3900      0.0337313      -0.259735      0.0674625
           4000     0.00399483     -0.0893849     0.00798966
           4100    3.75487e-10    2.74039e-05    7.50974e-10
           4200    0.000384417      0.0277279    0.000768834
           4300      0.0284383      -0.238488      0.0568765
           4400     0.00751457      -0.122593      0.0150291
           4500    0.000114112     -0.0151071    0.000228224
           4600      0.0332231      -0.257771      0.0664461
           4700     0.00704268      -0.118682      0.0140854
           4800    0.000659752       0.036325      0.0013195
           4900     0.00438659     -0.0936653     0.00877319
           5000      0.0982368      -0.443253       0.196474
           5100    0.000888534      0.0421553     0.00177707
           5200      0.0309566      -0.248824      0.0619133
           5300     0.00651695      -0.114166      0.0130339
           5400      0.0338742      -0.260285      0.0677485
           5500        0.17511      -0.591794       0.350221
           5600       0.444374      -0.942735       0.888749
           5700        1.01839       -1.42716        2.03678
           5800       0.464593      -0.963943       0.929186
           5900       0.390097      -0.883286       0.780194
           6000       0.237209       -0.68878       0.474417
           6100      0.0341963       -0.26152      0.0683925
           6200      0.0403034      -0.283913      0.0806068
           6300      0.0641901      -0.358302        0.12838
           6400     0.00793199      -0.125952       0.015864
           6500     0.00172763     -0.0587814     0.00345526
           6600       0.003299      0.0812281       0.006598
           6700      0.0153978       0.175487      0.0307955
           6800    0.000447876      0.0299291    0.000895752
           6900     0.00223844     -0.0669095     0.00447689
           7000        0.18571      -0.609442       0.371419
           7100      0.0955509      -0.437152       0.191102
           7200      0.0143445       0.169378       0.028689
           7300     0.00744635       0.122036      0.0148927
           7400    2.69853e-06     0.00232316    5.39707e-06
           7500     0.00304439      0.0780306     0.00608877
           7600    0.000153576      0.0175258    0.000307153
           7700      0.0132852       0.163004      0.0265703
           7800       0.163973       0.572665       0.327946
           7900      0.0953177       0.436618       0.190635
           8000    0.000140365      -0.016755     0.00028073
           8100      0.0211333       0.205588      0.0422665
           8200     0.00204656     -0.0639774     0.00409311
           8300       0.013619       0.165039       0.027238
           8400      0.0174313       0.186715      0.0348626
           8500      0.0131882      -0.162408      0.0263763
           8600     0.00282861      0.0752145     0.00565722
           8700     0.00118237      0.0486287     0.00236475
           8800      0.0126287       0.158926      0.0252575
           8900    0.000783112      0.0395755     0.00156622
           9000      0.0244346       0.221064      0.0488692
           9100      0.0823977       -0.40595       0.164795
           9200      0.0782977      -0.395721       0.156595
           9300      0.0068516      -0.117061      0.0137032
           9400      0.0484993       0.311446      0.0969986
           9500      0.0554961       0.333155       0.110992
           9600      0.0267429        0.23127      0.0534859
           9700     0.00797555      -0.126298      0.0159511
           9800      0.0195546       0.197761      0.0391093
           9900       0.031884       0.252523       0.063768
          10000      0.0705702       0.375687        0.14114
          10100    0.000793829      0.0398454     0.00158766
          10200    0.000214375     -0.0207063    0.000428751
          10300      0.0379792       0.275606      0.0759584
          10400       0.067017       0.366107       0.134034
          10500      0.0707221       0.376091       0.141444
          10600       0.138067       0.525485       0.276135
          10700       0.139406       0.528027       0.278813
          10800       0.016665       0.182565      0.0333301
          10900       0.111076        0.47133       0.222152
          11000     0.00846314       0.130101      0.0169263
          11100      0.0208669      -0.204289      0.0417339
          11200    0.000430735      0.0293508    0.000861469
          11300    8.17717e-06     0.00404405    1.63543e-05
          11400      0.0213637       0.206706      0.0427275
          11500    1.52038e-07   -0.000551431    3.04076e-07
          11600      0.0258586      -0.227414      0.0517173
          11700     0.00273782     -0.0739976     0.00547564
          11800    0.000183599      0.0191624    0.000367198
          11900      0.0105145       0.145014       0.021029
          12000     0.00452897      0.0951732     0.00905794
          12100     0.00394493      0.0888248     0.00788985
          12200      0.0591655       0.343993       0.118331
          12300      0.0802164       0.400541       0.160433
          12400      0.0441234       0.297064      0.0882468
          12500     0.00102365      0.0452472     0.00204731
          12600     0.00403871     -0.0898745     0.00807742
          12700    6.98208e-07     -0.0011817    1.39642e-06
          12800      0.0441375       0.297111       0.088275
          12900     0.00400346      0.0894814     0.00800693
          13000    6.86229e-06     0.00370467    1.37246e-05
          13100     0.00282529     -0.0751704     0.00565058
          13200      0.0339213      -0.260466      0.0678426
          13300     0.00188617     -0.0614194     0.00377234
          13400      0.0342488      -0.261721      0.0684976
          13500     0.00158633      0.0563264     0.00317266
          13600      0.0139044        0.16676      0.0278089
          13700     0.00232924       0.068253     0.00465848
          13800     0.00312969     -0.0791162     0.00625938
          13900      0.0788182      -0.397034       0.157636
          14000       0.067905      -0.368524        0.13581
          14100       0.055477      -0.333098       0.110954
          14200     0.00233132     -0.0682836     0.00466264
          14300      0.0202595      -0.201293       0.040519
          14400      0.0233256       0.215989      0.0466512
          14500      0.0833625        0.40832       0.166725
          14600       0.298084       0.772119       0.596168
          14700      0.0683595       0.369755       0.136719
          14800       0.113263       0.475947       0.226526
          14900       0.121345       0.492637       0.242691
          15000        0.20009       0.632597       0.400179
          15100      0.0595945       0.345237       0.119189
          15200      0.0160857       0.179364      0.0321715
          15300      0.0666596       0.365129       0.133319
          15400       0.115855       0.481362       0.231709
          15500      0.0714234       0.377951       0.142847
          15600      0.0540524       0.328793       0.108105
          15700      0.0073632      -0.121352      0.0147264
          15800      0.0037729     -0.0868665     0.00754579
          15900      0.0336442        -0.2594      0.0672884
          16000       0.107489      -0.463657       0.214978
          16100     0.00160766     -0.0567038     0.00321532
          16200    0.000507933      0.0318726     0.00101587
          16300      0.0347569      -0.263655      0.0695139
          16400       0.152589      -0.552429       0.305177
          16500    8.86544e-05     -0.0133157    0.000177309
          16600    3.04572e-05     0.00780477    6.09144e-05
          16700    0.000286907      0.0239544    0.000573814
          16800     0.00272012      -0.073758     0.00544024
          16900      0.0247119      -0.222315      0.0494239
          17000     0.00621224       0.111465      0.0124245
          17100      0.0260742        0.22836      0.0521485
          17200      0.0442686       0.297552      0.0885373
          17300     0.00741032       -0.12174      0.0148206
          17400      0.0182564       0.191083      0.0365128
          17500      2.952e-05     0.00768375      5.904e-05
          17600      0.0221236       -0.21035      0.0442472
          17700    0.000826564      0.0406587     0.00165313
          17800     0.00089128      0.0422204     0.00178256
          17900    0.000129281     -0.0160798    0.000258561
          18000    0.000211296      -0.020557    0.000422592
          18100    0.000468759      0.0306189    0.000937517
          18200      0.0327894      -0.256083      0.0655787
          18300     0.00615128      -0.110917      0.0123026
          18400       0.142465       0.533787       0.284929
          18500     0.00713958       0.119495      0.0142792
          18600     0.00167321     -0.0578482     0.00334642
          18700     0.00767587       0.123902      0.0153517
          18800      0.0084634      -0.130103      0.0169268
          18900     0.00893683      -0.133692      0.0178737
          19000      0.0162617       0.180343      0.0325235
          19100      0.0212789       0.206296      0.0425579
          19200      0.0620281       0.352216       0.124056
          19300      0.0447536       0.299178      0.0895072
          19400      0.0019002     -0.0616473     0.00380039
          19500      0.0730004      -0.382101       0.146001
          19600      0.0722726      -0.380191       0.144545
          19700      0.0907706      -0.426076       0.181541
          19800      0.0893207       -0.42266       0.178641
          19900      0.0968185      -0.440042       0.193637
          20000     0.00722668      -0.120222      0.0144534
          20100     0.00537711      -0.103703      0.0107542
          20200      0.0019804      0.0629348     0.00396079
          20300      0.0509556       0.319235       0.101911
          20400      0.0539979       0.328627       0.107996
          20500      0.0326315       0.255466       0.065263
          20600       0.127302       0.504583       0.254604
          20700       0.060886       0.348958       0.121772
          20800      0.0167594       0.183081      0.0335187
          20900     0.00904493      -0.134499      0.0180899
          21000     0.00309911     -0.0787288     0.00619822
          21100    0.000368779       0.027158    0.000737557
          21200     0.00203411      0.0637826     0.00406822
          21300      0.0277295       0.235497       0.055459
          21400     0.00298816      0.0773067     0.00597633
          21500      0.0381858      -0.276354      0.0763717
          21600      0.0138081      -0.166181      0.0276162
          21700      0.0562365        0.33537       0.112473
          21800      0.0741471        0.38509       0.148294
          21900     0.00391967        0.08854     0.00783934
          22000      0.0478565       0.309375       0.095713
          22100      0.0350334       0.264701      0.0700667
          22200      0.0051776        0.10176      0.0103552
          22300     0.00509438       0.100939      0.0101888
          22400     0.00460029     -0.0959196     0.00920057
          22500     0.00167923     -0.0579523     0.00335847
          22600    0.000100947      0.0142089    0.000201894
          22700     0.00488495     -0.0988428      0.0097699
          22800      0.0186064      -0.192906      0.0372127
          22900     0.00400687      0.0895195     0.00801374
          23000     0.00330308     -0.0812783     0.00660616
          23100      0.0535817      -0.327358       0.107163
          23200     0.00601866      -0.109715      0.0120373
          23300      0.0204529      -0.202252      0.0409058
          23400      0.0991048      -0.445207        0.19821
          23500       0.154781      -0.556383       0.309562
          23600      0.0406894       -0.28527      0.0813789
          23700       0.051567      -0.321145       0.103134
          23800      0.0191077      -0.195488      0.0382154
          23900      0.0530558      -0.325748       0.106112
          24000      0.0369859      -0.271978      0.0739719
          24100    2.28797e-05     0.00676457    4.57594e-05
          24200      0.0919345       0.428799       0.183869
          24300      0.0690293       0.371562       0.138059
          24400      0.0503277       0.317262       0.100655
          24500        0.37765        0.86908         0.7553
          24600       0.313312       0.791596       0.626625
          24700      0.0505698       0.318024        0.10114
          24800     0.00789226      -0.125636      0.0157845
          24900      0.0149716       0.173041      0.0299433
          25000     0.00500132      -0.100013      0.0100026
          25100    0.000799661     -0.0399915     0.00159932
          25200     0.00775902      -0.124571       0.015518
          25300       0.016418      -0.181207       0.032836
          25400       0.055441        0.33299       0.110882
          25500      0.0728479       0.381701       0.145696
          25600     0.00588522       0.108492      0.0117704
          25700    0.000469075     -0.0306292     0.00093815
          25800      0.0121771      -0.156058      0.0243542
          25900      0.0018608     -0.0610049      0.0037216
          26000      0.0453007       0.301001      0.0906014
          26100       0.130097       0.510093       0.260195
          26200       0.172809       0.587893       0.345618
          26300      0.0232958       0.215851      0.0465916
          26400       0.189092       0.614967       0.378185
          26500      0.0167319       0.182931      0.0334637
          26600      0.0038123     -0.0873189      0.0076246
          26700       0.011478      -0.151513      0.0229561
          26800      0.0326859      -0.255679      0.0653717
          26900      0.0678973       0.368503       0.135795
          27000      0.0240374        0.21926      0.0480749
          27100      0.0274125      -0.234147      0.0548249
          27200      0.0260864      -0.228414      0.0521729
          27300    0.000729079     -0.0381858     0.00145816
          27400      0.0234181      -0.216417      0.0468363
          27500     0.00312596     -0.0790691     0.00625192
          27600      0.0505449       0.317946        0.10109
          27700     0.00151082      0.0549694     0.00302164
          27800      0.0249621      -0.223437      0.0499242
          27900    9.93723e-05     -0.0140977    0.000198745
          28000      0.0491788       -0.31362      0.0983575
          28100       0.075301      -0.388075       0.150602
          28200     0.00763753      -0.123592      0.0152751
          28300      0.0215869      -0.207783      0.0431738
          28400      0.0281263       0.237176      0.0562527
          28500      0.0296674       0.243587      0.0593348
          28600      0.0131777       0.162344      0.0263555
          28700      0.0326109       0.255386      0.0652218
          28800     0.00102376      0.0452495     0.00204751
          28900      0.0040884     -0.0904257      0.0081768
          29000      0.0980462      -0.442823       0.196092
          29100    9.08647e-05     -0.0134807    0.000181729
          29200      0.0657803       0.362713       0.131561
          29300      0.0445251       0.298413      0.0890502
          29400      0.0681047       0.369066       0.136209
          29500       0.126626       0.503241       0.253251
          29600      0.0472386       0.307372      0.0944773
          29700       0.085864       0.414401       0.171728
          29800    0.000342531     -0.0261737    0.000685063
          29900      0.0515947      -0.321231       0.103189
          30000      0.0182805       -0.19121      0.0365611
          30100       0.066571      -0.364886       0.133142
          30200      0.0313326       -0.25033      0.0626652
          30300      0.0111883      -0.149588      0.0223766
          30400     0.00017021     -0.0184505     0.00034042
          30500    5.98604e-05     -0.0109417    0.000119721
          30600     0.00527938      -0.102756      0.0105588
          30700      0.0476171        -0.3086      0.0952342
          30800      0.0304989       0.246977      0.0609979
          30900      0.0211144      -0.205496      0.0422288
          31000      0.0700787      -0.374376       0.140157
          31100      0.0886518      -0.421074       0.177304
          31200       0.184715      -0.607808       0.369431
          31300      0.0941429      -0.433919       0.188286
          31400       0.145921      -0.540224       0.291842
          31500       0.253594      -0.712171       0.507187
          31600       0.372001      -0.862556       0.744002
          31700      0.0729045       -0.38185       0.145809
          31800      0.0129412       -0.16088      0.0258823
          31900     0.00213458      0.0653388     0.00426916
          32000    0.000117289      -0.015316    0.000234578
          32100    0.000220689       0.021009    0.000441378
          32200      0.0576273      -0.339492       0.115255
          32300      0.0125191      -0.158234      0.0250381
          32400      0.0832532      -0.408052       0.166506
          32500      0.0875234      -0.418386       0.175047
          32600       0.265439      -0.728613       0.530877
          32700       0.124354      -0.498706       0.248707
          32800      0.0684342      -0.369957       0.136868
          32900       0.131194      -0.512238       0.262388
          33000       0.024098       0.219536       0.048196
          33100       0.112129       0.473558       0.224257
          33200       0.141123       0.531268       0.282246
          33300      0.0377721       0.274853      0.0755442
          33400    0.000928716     -0.0430979     0.00185743
          33500      0.0156443       0.176886      0.0312887
          33600      0.0543948       0.329833        0.10879
          33700       0.170535       0.584012        0.34107
          33800      0.0888376       0.421515       0.177675
          33900    4.38307e-05     0.00936277    8.76614e-05
          34000     0.00734375      -0.121192      0.0146875
          34100       0.182401      -0.603989       0.364803
          34200      0.0348179      -0.263886      0.0696359
          34300      0.0231484      -0.215167      0.0462969
          34400     0.00499506      0.0999506     0.00999011
          34500     0.00618393      -0.111211      0.0123679
          34600      0.0849901      -0.412286        0.16998
          34700      0.0855035       -0.41353       0.171007
          34800     0.00305553     -0.0781732     0.00611106
          34900       0.013294       0.163058       0.026588
          35000     0.00680953      -0.116701      0.0136191
          35100      0.0254623      -0.225665      0.0509245
          35200      0.0124112      -0.157552      0.0248225
          35300      0.0572499       0.338378         0.1145
          35400      0.0735167       0.383449       0.147033
          35500       0.218061       0.660396       0.436123
          35600      0.0793732        0.39843       0.158746
          35700       0.180175       0.600292        0.36035
          35800      0.0859963        0.41472       0.171993
          35900      0.0470974       0.306912      0.0941948
          36000       0.123991       0.497978       0.247982
          36100     0.00845616       0.130047      0.0169123
          36200      0.0250379       0.223776      0.0500758
          36300      0.0225632        0.21243      0.0451263
          36400      0.0804833      -0.401206       0.160967
          36500      0.0219996       -0.20976      0.0439992
          36600      0.0218348      -0.208973      0.0436696
          36700      0.0453312      -0.301102      0.0906625
          36800    0.000182701     -0.0191155    0.000365403
          36900     0.00165897     -0.0576016     0.00331794
          37000      0.0120979        0.15555      0.0241958
          37100     0.00933957       0.136672      0.0186791
          37200       0.081578      -0.403926       0.163156
          37300      0.0681173        -0.3691       0.136235
          37400    3.32028e-08   -0.000257693    6.64056e-08
          37500    2.25008e-05     0.00670833    4.50016e-05
          37600    1.61555e-08    0.000179753    3.23111e-08
          37700     0.00579881       0.107692      0.0115976
          37800      0.0033395      0.0817251       0.006679
          37900       0.051726       -0.32164       0.103452
          38000      0.0102053      -0.142866      0.0204106
          38100       0.175006      -0.591617       0.350011
          38200      0.0232424      -0.215603      0.0464847
          38300     0.00559547       0.105787      0.0111909
          38400    0.000418209     -0.0289209    0.000836417
          38500       0.062599      -0.353833       0.125198
          38600      0.0851322      -0.412631       0.170264
          38700     0.00951804      -0.137971      0.0190361
          38800      0.0781352      -0.395311        0.15627
          38900     0.00297788     -0.0771736     0.00595576
          39000     0.00115858     -0.0481369     0.00231716
          39100     0.00167197     -0.0578268     0.00334394
          39200      0.0127325       0.159578      0.0254651
          39300    5.69218e-05      0.0106698    0.000113844
          39400    0.000895209     -0.0423133     0.00179042
          39500     0.00204864     -0.0640099     0.00409727
          39600     0.00066185     -0.0363827      0.0013237
          39700      0.0300781      -0.245268      0.0601562
          39800    0.000181433      -0.019049    0.000362866
          39900       0.034877       -0.26411       0.069754
          40000     0.00386439     -0.0879135     0.00772879
          40100    3.07096e-09    7.83704e-05    6.14192e-09
          40200     0.00283234     -0.0752641     0.00566469
          40300      0.0471858        -0.3072      0.0943717
          40400       0.239858      -0.692615       0.479716
          40500       0.014964      -0.172997      0.0299281
          40600       0.051945       -0.32232        0.10389
          40700      0.0363237       0.269532      0.0726473
          40800     0.00877195       0.132453      0.0175439
          40900      0.0303628      -0.246426      0.0607256
          41000      0.0355624       0.266692      0.0711248
          41100      0.0143715       0.169537      0.0287429
          41200      0.0735089      -0.383429       0.147018
          41300      0.0670287      -0.366139       0.134057
          41400     0.00161481      0.0568297     0.00322962
          41500      0.0247141       0.222325      0.0494283
          41600     0.00558139       0.105654      0.0111628
          41700        0.09482       0.435477        0.18964
          41800       0.403367       0.898184       0.806735
          41900       0.127541       0.505056       0.255082
          42000        0.18619        0.61023        0.37238
          42100       0.130627       0.511131       0.261255
          42200       0.173916       0.589772       0.347831
          42300       0.117198       0.484145       0.234396
          42400       0.028266       0.237764      0.0565319
          42500     0.00026155      0.0228714    0.000523099
          42600       0.010602      -0.145616      0.0212041
          42700     0.00248379      -0.070481     0.00496757
          42800      0.0710869      -0.377059       0.142174
          42900      0.0922613      -0.429561       0.184523
          43000      0.0163398      -0.180775      0.0326796
          43100       0.103836       -0.45571       0.207671
          43200      0.0298312      -0.244259      0.0596623
          43300     0.00320208      -0.080026     0.00640415
          43400      0.0146055       0.170912      0.0292109
          43500      0.0075054       0.122519      0.0150108
          43600       0.249432       0.706303       0.498864
          43700      0.0130351      -0.161463      0.0260702
          43800      0.0765112      -0.391181       0.153022
          43900    0.000485268     -0.0311534    0.000970536
          44000      0.0449091       0.299697      0.0898181
          44100      0.0804142       0.401034       0.160828
          44200      0.0458833        0.30293      0.0917665
          44300      0.0347737       0.263718      0.0695474
          44400     0.00684802       -0.11703       0.013696
          44500    0.000261889     -0.0228862    0.000523778
          44600       0.036181      -0.269002      0.0723619
          44700      0.0728966       0.381829       0.145793
          44800      0.0327441       0.255907      0.0654882
          44900       0.118879      -0.487604       0.237758
          45000    0.000392638     -0.0280228    0.000785276
          45100      0.0464853      -0.304911      0.0929705
          45200      0.0503924      -0.317466       0.100785
          45300      0.0100382      -0.141691      0.0200764
          45400      0.0139225      -0.166868      0.0278451
          45500      0.0582786      -0.341405       0.116557
          45600      0.0112939      -0.150293      0.0225879
          45700      0.0147051       0.171494      0.0294102
          45800      0.0595048       0.344978        0.11901
          45900       0.004078     -0.0903105     0.00815599
          46000    0.000460546     -0.0303495    0.000921092
          46100      0.0122288       0.156389      0.0244577
          46200      0.0737423       0.384037       0.147485
          46300       0.153777       0.554575       0.307554
          46400       0.250231       0.707434       0.500463
          46500        0.15793       0.562015       0.315861
          46600       0.071876       0.379146       0.143752
          46700      0.0745035       0.386014       0.149007
          46800       0.113027       0.475451       0.226054
          46900      0.0264275       0.229902      0.0528549
          47000    1.01724e-05    -0.00451052    2.03448e-05
          47100     0.00304134     -0.0779916     0.00608269
          47200      0.0105583       0.145315      0.0211165
          47300      0.0376554      -0.274428      0.0753108
          47400     0.00955735      -0.138256      0.0191147
          47500      0.0392448        0.28016      0.0784896
          47600      0.0598343       0.345931       0.119669
          47700      0.0110441       0.148621      0.0220882
          47800       0.118905       0.487657        0.23781
          47900       0.163777       0.572324       0.327555
          48000       0.303177       0.778687       0.606354
          48100       0.126105       0.502206       0.252211
          48200       0.125543       0.501086       0.251087
          48300      0.0518184       0.321927       0.103637
          48400    3.18179e-05     -0.0079772    6.36357e-05
          48500      0.0362479       -0.26925      0.0724958
          48600     0.00234463      0.0684782     0.00468927
          48700     0.00513219      -0.101313      0.0102644
          48800     0.00153075     -0.0553308      0.0030615
          48900      0.0351692      -0.265214      0.0703383
          49000     0.00918066       0.135504      0.0183613
          49100      0.0492125      -0.313728       0.098425
          49200      0.0530524      -0.325737       0.106105
          49300     0.00211454      0.0650314     0.00422909
          49400      0.0468566       0.306126      0.0937132
          49500       0.130825       0.511517        0.26165
          49600      0.0448412        0.29947      0.0896824
          49700      0.0505478       0.317955       0.101096
          49800      0.0212141       0.205981      0.0424282
          49900      0.0441143       0.297033      0.0882286
          50000       0.113828       0.477134       0.227657
          50100      0.0123096      -0.156905      0.0246192
          50200      0.0033085     -0.0813449       0.006617
          50300      0.0011009     -0.0469233     0.00220179
          50400      0.0108891       0.147574      0.0217781
          50500      0.0414442       0.287903      0.0828884
          50600      0.0716938       0.378666       0.143388
          50700     0.00308572      0.0785585     0.00617144
          50800       0.124509       0.499017       0.249018
          50900      0.0461467       0.303798      0.0922933
          51000       0.044721       0.299069      0.0894421
          51100     0.00419547      0.0916021     0.00839094
          51200      0.0682316      -0.369409       0.136463
          51300      0.0532734      -0.326415       0.106547
          51400    0.000406143     -0.0285006    0.000812286
          51500    0.000489941      0.0313031    0.000979882
          51600         0.0323      -0.254165         0.0646
          51700    1.98252e-05     0.00629685    3.96503e-05
          51800     0.00647747        0.11382      0.0129549
          51900      0.0179274       0.189354      0.0358548
          52000    3.96103e-05    -0.00890059    7.92205e-05
          52100    0.000919579     -0.0428854     0.00183916
          52200       0.021459       0.207166      0.0429179
          52300      0.0506033        0.31813       0.101207
          52400      0.0131405       0.162114      0.0262811
          52500    0.000954095     -0.0436828     0.00190819
          52600      0.0012841     -0.0506774      0.0025682
          52700      0.0698977       0.373892       0.139795
          52800     0.00560555       0.105883      0.0112111
          52900      0.0625447       -0.35368       0.125089
          53000      0.0279651      -0.236496      0.0559303
          53100     0.00719365       0.119947      0.0143873
          53200      0.0766448       0.391522        0.15329
          53300       0.012948       0.160922       0.025896
          53400      0.0200446       0.200223      0.0400892
          53500      0.0461003       0.303646      0.0922006
          53600     0.00820777       0.128123      0.0164155
          53700     0.00506115        0.10061      0.0101223
          53800    2.32513e-06     0.00215644    4.65025e-06
          53900     0.00483642     -0.0983506     0.00967284
          54000      0.0654142       0.361702       0.130828
          54100       0.150768       0.549123       0.301536
          54200       0.194481       0.623668       0.388962
          54300       0.277491       0.744971       0.554982
          54400       0.152239       0.551795       0.304477
          54500      0.0538743       0.328251       0.107749
          54600      0.0176976       0.188136      0.0353952
          54700     0.00359113     -0.0847483     0.00718227
          54800       0.107954      -0.464659       0.215908
          54900       0.120048      -0.489996       0.240096
          55000       0.129525      -0.508969        0.25905
          55100      0.0660982      -0.363588       0.132196
          55200      0.0615221      -0.350777       0.123044
          55300      0.0551411      -0.332088       0.110282
          55400      0.0329145      -0.256572      0.0658289
          55500     0.00190632     -0.0617466     0.00381265
          55600     0.00798887      -0.126403      0.0159777
          55700      0.0168993      -0.183844      0.0337985
          55800    0.000381167     -0.0276104    0.000762334
          55900    6.71761e-05      -0.011591    0.000134352
          56000      0.0316456      -0.251577      0.0632911
          56100      0.0530498      -0.325729         0.1061
          56200     0.00746859      -0.122218      0.0149372
          56300      0.0149808      -0.173094      0.0299615
          56400      0.0559053      -0.334381       0.111811
          56500      0.0038045     -0.0872296       0.007609
          56600      0.0102577       0.143232      0.0205154
          56700       0.131412       0.512663       0.262823
          56800     0.00114254      0.0478024     0.00228507
          56900      0.0642974      -0.358601       0.128595
          57000       0.113216      -0.475848       0.226432
          57100       0.135447      -0.520475       0.270895
          57200      0.0901641      -0.424651       0.180328
          57300      0.0136475      -0.165212      0.0272951
          57400      0.0181283      -0.190412      0.0362567
          57500     0.00932969      -0.136599      0.0186594
          57600      0.0374606      -0.273717      0.0749212
          57700      0.0326036      -0.255357      0.0652071
          57800      0.0462665      -0.304192       0.092533
          57900      0.0508296       -0.31884       0.101659
          58000      0.0185794      -0.192766      0.0371588
          58100      0.0414922       -0.28807      0.0829844
          58200     0.00272115       0.073772     0.00544231
          58300     0.00764919      -0.123687      0.0152984
          58400     0.00924761       0.135997      0.0184952
          58500      0.0245074       0.221393      0.0490147
          58600     0.00329155      0.0811363     0.00658311
          58700      0.0212611       0.206209      0.0425223
          58800      0.0183593       0.191621      0.0367187
          58900      0.0278104       0.235841      0.0556208
          59000     0.00554056       0.105267      0.0110811
          59100      0.0103638        0.14397      0.0207275
          59200      0.0262912       0.229309      0.0525824
          59300      0.0348941       0.264175      0.0697882
          59400    2.76043e-06    -0.00234965    5.52086e-06
          59500     0.00124227      0.0498451     0.00248453
          59600      0.0470143       0.306641      0.0940285
          59700     0.00528268       0.102788      0.0105654
          59800      0.0681827       0.369277       0.136365
          59900      0.0528519      -0.325121       0.105704
          60000       0.049997      -0.316218       0.099994
          60100     0.00158526     -0.0563073     0.00317051
          60200     0.00324747     -0.0805912     0.00649495
          60300      0.0966381      -0.439632       0.193276
          60400       0.076855      -0.392059        0.15371
          60500      0.0225863      -0.212539      0.0451726
          60600      0.0645451      -0.359291        0.12909
          60700     0.00105841      -0.046009     0.00211683
          60800      0.0510097       0.319405       0.102019
          60900     0.00156163     -0.0558862     0.00312326
          61000      0.0160539      -0.179187      0.0321079
          61100      0.0390968      -0.279631      0.0781935
          61200       0.111335      -0.471879        0.22267
          61300       0.231682      -0.680709       0.463365
          61400      0.0138983      -0.166723      0.0277966
          61500     0.00648012      -0.113843      0.0129602
          61600     0.00593849      -0.108982       0.011877
          61700      0.0062807      -0.112078      0.0125614
          61800      0.0249254      -0.223273      0.0498507
          61900     0.00770638       0.124148      0.0154128
          62000     0.00739077       0.121579      0.0147815
          62100    0.000928578     -0.0430947     0.00185716
          62200      0.0162423      -0.180235      0.0324846
          62300     0.00884717       -0.13302      0.0176943
          62400      0.0517476      -0.321707       0.103495
          62500     0.00208645      0.0645981     0.00417291
          62600      0.0423251       0.290947      0.0846501
          62700     0.00247029      0.0702892     0.00494057
          62800      0.0169563       0.184154      0.0339127
          62900     0.00435169      0.0932919     0.00870338
          63000     0.00385354       -0.08779     0.00770709
          63100       0.275747      -0.742626       0.551494
          63200       0.245764       -0.70109       0.491528
          63300       0.105741      -0.459872       0.211482
          63400      0.0315724      -0.251286      0.0631447
          63500     0.00267175     -0.0730992      0.0053435
          63600      0.0799685      -0.399921       0.159937
          63700      0.0590308      -0.343601       0.118062
          63800      0.0141145      -0.168015      0.0282291
          63900    4.02823e-07   -0.000897578    8.05647e-07
          64000       0.116097      -0.481865       0.232194
          64100      0.0143065      -0.169154      0.0286129
          64200      0.0112453       0.149969      0.0224906
          64300     0.00462065      0.0961316     0.00924129
          64400    0.000564923     -0.0336132     0.00112985
          64500     0.00770911       -0.12417      0.0154182
          64600    0.000145181       -0.01704    0.000290363
          64700      0.0120008      -0.154924      0.0240016
          64800      0.0368937      -0.271638      0.0737875
          64900     0.00648184       0.113858      0.0129637
          65000      0.0856317        0.41384       0.171263
          65100    4.25317e-05    -0.00922298    8.50634e-05
          65200     0.00741893       0.121811      0.0148379
          65300      0.0896663       0.423477       0.179333
          65400      0.0920423       0.429051       0.184085
          65500    0.000750686     -0.0387476     0.00150137
          65600    1.85512e-05    -0.00609117    3.71023e-05
          65700     0.00407876       0.090319     0.00815752
          65800    0.000394177     -0.0280777    0.000788355
          65900      0.0195032        -0.1975      0.0390064
          66000      0.0114353       0.151231      0.0228707
          66100      0.0956114        0.43729       0.191223
          66200        0.25464       0.713639       0.509281
          66300        0.20883       0.646266       0.417659
          66400       0.162383       0.569883       0.324767
          66500     0.00135591      0.0520751     0.00271182
          66600     0.00451114      0.0949856     0.00902227
          66700      0.0226668       0.212917      0.0453335
          66800       0.151227       0.549959       0.302455
          66900     0.00153068      0.0553296     0.00306137
          67000       0.104028       0.456132       0.208057
          67100      0.0290754       0.241145      0.0581508
          67200     0.00716655      -0.119721      0.0143331
          67300    0.000164165     -0.0181199    0.000328331
          67400     0.00383658     -0.0875966     0.00767317
          67500     0.00536532       0.103589      0.0107306
          67600    0.000303271      0.0246281    0.000606542
          67700      0.0469934       0.306573      0.0939869
          67800    0.000945144     -0.0434774     0.00189029
          67900      6.692e-05      0.0115689     0.00013384
          68000     0.00430734      0.0928153     0.00861468
          68100      0.0124862       0.158026      0.0249723
          68200      0.0352384      -0.265475      0.0704769
          68300      0.0171494      -0.185199      0.0342987
          68400    0.000242287     -0.0220131    0.000484575
          68500     0.00540468       0.103968      0.0108094
          68600     0.00158279     -0.0562635     0.00316558
          68700      0.0844026       0.410859       0.168805
          68800      0.0312122       0.249849      0.0624243
          68900        0.21971       0.662887        0.43942
          69000     0.00310986      0.0788652     0.00621971
          69100     0.00199009     -0.0630887     0.00398018
          69200      0.0762097       0.390409       0.152419
          69300      0.0656487        0.36235       0.131297
          69400      0.0309064       0.248622      0.0618128
          69500      0.0533463       0.326638       0.106693
          69600      0.0522591       0.323293       0.104518
          69700     0.00193449     -0.0622012     0.00386899
          69800    3.02764e-05     0.00778156    6.05527e-05
          69900     0.00988416        -0.1406      0.0197683
          70000     0.00915205       0.135293      0.0183041
          70100      0.0298702      -0.244418      0.0597403
          70200      0.0266368      -0.230811      0.0532735
          70300      0.0277754      -0.235692      0.0555508
          70400     0.00188041     -0.0613255     0.00376082
          70500     0.00329085      0.0811277      0.0065817
          70600     0.00321989      0.0802482     0.00643978
          70700      0.0173706       -0.18639      0.0347412
          70800      0.0380814       0.275976      0.0761628
          70900    5.97435e-05       0.010931    0.000119487
          71000    0.000468732       0.030618    0.000937465
          71100      0.0185415        0.19257      0.0370831
          71200      0.0249463      -0.223366      0.0498925
          71300      0.0574893      -0.339085       0.114979
          71400     0.00228498      0.0676015     0.00456997
          71500      0.0198821       0.199409      0.0397641
          71600     0.00173705     -0.0589414     0.00347409
          71700     0.00956248      -0.138293       0.019125
          71800      0.0100917       0.142068      0.0201834
          71900        0.12375       0.497495       0.247501
          72000      0.0355118       0.266502      0.0710236
          72100      0.0550448       0.331798        0.11009
          72200      0.0971944       0.440895       0.194389
          72300      0.0950558       0.436018       0.190112
          72400       0.149338       0.546512       0.298675
          72500       0.382598       0.874755       0.765196
          72600      0.0879606        0.41943       0.175921
          72700      0.0598398       0.345948        0.11968
          72800    9.67897e-05      0.0139133    0.000193579
          72900      0.0179886      -0.189677      0.0359772
          73000     0.00225372     -0.0671374     0.00450743
          73100      0.0064867       0.113901      0.0129734
          73200    0.000367741     -0.0271198    0.000735481
          73300      0.0365486       0.270365      0.0730972
          73400       0.260688       0.722064       0.521377
          73500      0.0289034       0.240431      0.0578069
          73600     0.00110422      -0.046994     0.00220844
          73700     0.00869815      -0.131895      0.0173963
          73800      0.0310423      -0.249168      0.0620847
          73900      0.0446403      -0.298799      0.0892806
          74000       0.134447      -0.518549       0.268893
          74100       0.131655      -0.513138        0.26331
          74200       0.150489      -0.548614       0.300977
          74300       0.260042      -0.721169       0.520084
          74400       0.281739      -0.750652       0.563479
          74500       0.259587      -0.720537       0.519174
          74600      0.0115985      -0.152306       0.023197
          74700      0.0341569       0.261369      0.0683139
          74800      0.0557177       0.333819       0.111435
          74900       0.125781        0.50156       0.251562
          75000      0.0169754       0.184258      0.0339508
          75100      0.0141328       0.168124      0.0282655
          75200       0.129747      -0.509406       0.259494
          75300       0.310939      -0.788593       0.621879
          75400       0.122074      -0.494114       0.244148
          75500      0.0487451      -0.312234      0.0974903
          75600      0.0447458      -0.299151      0.0894916
          75700      0.0205297      -0.202631      0.0410594
          75800       0.113908      -0.477301       0.227817
          75900     0.00369507      0.0859659     0.00739013
          76000      0.0975433      -0.441686       0.195087
          76100    0.000980207     -0.0442766     0.00196041
          76200      0.0460436       0.303459      0.0920873
          76300      0.0444629       0.298204      0.0889259
          76400     0.00993718       0.140976      0.0198744
          76500      0.0170712      -0.184777      0.0341425
          76600      0.0382999      -0.276767      0.0765999
          76700     0.00057767     -0.0339903     0.00115534
          76800     0.00171832     -0.0586228     0.00343664
          76900      0.0145665      -0.170684      0.0291329
          77000    0.000300942     -0.0245333    0.000601884
          77100     0.00455757      0.0954732     0.00911513
          77200    0.000521244      0.0322876     0.00104249
          77300      0.0302455       0.245949      0.0604911
          77400     0.00426927      0.0924042     0.00853853
          77500     0.00209347     -0.0647066     0.00418694
          77600       0.003045      0.0780385     0.00609001
          77700     0.00716009       0.119667      0.0143202
          77800      0.0491773       0.313615      0.0983545
          77900       0.158514       0.563053       0.317029
          78000       0.088398       0.420471       0.176796
          78100      0.0133004       0.163097      0.0266008
          78200    0.000897192     -0.0423602     0.00179438
          78300     0.00870125      -0.131919      0.0174025
          78400      0.0210781       -0.20532      0.0421562
          78500     0.00342476      0.0827618     0.00684952
          78600      0.0442277      -0.297414      0.0884553
          78700      0.0287092      -0.239622      0.0574185
          78800    0.000705418      0.0375611     0.00141084
          78900      0.0153776       0.175371      0.0307552
          79000      0.0173773       0.186426      0.0347547
          79100      0.0266531       0.230881      0.0533061
          79200      0.0363812       0.269745      0.0727624
          79300      0.0156867       0.177125      0.0313733
          79400      0.0385524       0.277678      0.0771048
          79500      0.0925823       0.430308       0.185165
          79600     0.00438054     -0.0936006     0.00876108
          79700    0.000579379     -0.0340405     0.00115876
          79800      0.0620846       0.352377       0.124169
          79900      0.0567629       0.336936       0.113526
          80000      0.0311465       0.249585      0.0622929
          80100      0.0625943        0.35382       0.125189
          80200      0.0273372       0.233826      0.0546745
          80300       0.063037       0.355069       0.126074
          80400        0.10283       0.453498       0.205661
          80500      0.0140652       0.167721      0.0281304
          80600     0.00106795     -0.0462159     0.00213591
          80700     0.00258807     -0.0719454     0.00517614
          80800      0.0266501      -0.230868      0.0533001
          80900    0.000120978      0.0155549    0.000241955
          81000    0.000309794     -0.0248915    0.000619588
          81100      0.0218406          0.209      0.0436811
          81200     0.00603351        0.10985       0.012067
          81300    0.000486749     -0.0312009    0.000973497
          81400       0.282592      -0.751788       0.565185
          81500       0.167664      -0.579075       0.335328
          81600       0.299937      -0.774515       0.599874
          81700       0.235789      -0.686716       0.471578
          81800      0.0886363      -0.421038       0.177273
          81900    0.000337055     -0.0259636     0.00067411
          82000      0.0420234      -0.289908      0.0840468
          82100       0.162831      -0.570668       0.325662
          82200      0.0337845       -0.25994       0.067569
          82300    0.000620163      0.0352183     0.00124033
          82400      0.0308821       0.248524      0.0617641
          82500       0.023187      -0.215346       0.046374
          82600     0.00278676      -0.074656     0.00557352
          82700     0.00195409      0.0625155     0.00390818
          82800      0.0670214      -0.366118       0.134043
          82900       0.191596      -0.619025       0.383192
          83000      0.0657208      -0.362549       0.131442
          83100      0.0025504      0.0714199     0.00510081
          83200     0.00441748      0.0939944     0.00883495
          83300      0.0890168       -0.42194       0.178034
          83400      0.0158555      -0.178076      0.0317109
          83500      0.0302489      -0.245963      0.0604979
          83600      0.0262087      -0.228948      0.0524174
          83700      0.0166796       0.182645      0.0333592
          83800    0.000727223      0.0381372     0.00145445
          83900      0.0467415       -0.30575       0.093483
          84000       0.240168      -0.693062       0.480335
          84100        0.16166      -0.568612       0.323319
          84200     0.00373351     -0.0864119     0.00746702
          84300     0.00593363       0.108937      0.0118673
          84400      0.0690286       0.371561       0.138057
          84500      0.0184257       0.191967      0.0368513
          84600       0.104125       0.456344        0.20825
          84700      0.0232042       0.215426      0.0464084
          84800       0.245316       0.700452       0.490632
          84900       0.133717        0.51714       0.267433
          85000       0.254619        0.71361       0.509239
          85100      0.0859537       0.414617       0.171907
          85200       0.109191       0.467313       0.218382
          85300     0.00491522      0.0991486     0.00983044
          85400      0.0391722      -0.279901      0.0783444
          85500    0.000936536       0.043279     0.00187307
          85600      0.0515528      -0.321101       0.103106
          85700     0.00088745     -0.0421296      0.0017749
          85800      0.0102763      -0.143362      0.0205526
          85900     0.00143396      -0.053553     0.00286793
          86000      0.0408328       0.285772      0.0816657
          86100     0.00410736      0.0906351     0.00821473
          86200     0.00965458      -0.138957      0.0193092
          86300      0.0504321      -0.317591       0.100864
          86400       0.052207      -0.323132       0.104414
          86500      0.0227087      -0.213114      0.0454174
          86600      0.0116986      -0.152962      0.0233973
          86700     0.00165682     -0.0575642     0.00331364
          86800     0.00861239      -0.131243      0.0172248
          86900      0.0732621       0.382785       0.146524
          87000       0.124112        0.49822       0.248223
          87100    0.000178745     -0.0189074     0.00035749
          87200      0.0541335       0.329039       0.108267
          87300       0.151079       0.549689       0.302158
          87400     0.00392058      0.0885503     0.00784115
          87500       0.038266       0.276644      0.0765321
          87600      0.0101098       0.142196      0.0202196
          87700      0.0105034       0.144937      0.0210067
          87800     0.00509009       0.100897      0.0101802
          87900       0.119797       0.489483       0.239594
          88000       0.144509       0.537603       0.289017
          88100      0.0709907       0.376804       0.141981
          88200      0.0088894       0.133337      0.0177788
          88300    0.000645159      -0.035921     0.00129032
          88400     0.00120276      0.0490462     0.00240553
          88500      0.0341764       0.261444      0.0683528
          88600    0.000776903     -0.0394183     0.00155381
          88700     0.00290828     -0.0762663     0.00581655
          88800     0.00037983     -0.0275619     0.00075966
          88900      0.0054554       0.104455      0.0109108
          89000     0.00439159      0.0937186     0.00878318
          89100       0.025095       0.224031        0.05019
          89200       0.001475     -0.0543139        0.00295
          89300      0.0017257     -0.0587486      0.0034514
          89400     0.00362678      0.0851679     0.00725357
          89500    0.000305806      0.0247308    0.000611612
          89600      0.0313892       0.250556      0.0627784
          89700     0.00842568       0.129813      0.0168514
          89800     0.00305489     -0.0781651     0.00610978
          89900      0.0194898      -0.197432      0.0389796
          90000      0.0128261      -0.160163      0.0256522
          90100       0.057036       0.337746       0.114072
          90200      0.0860929       0.414953       0.172186
          90300      0.0316134       0.251449      0.0632268
          90400     0.00504987       0.100497      0.0100997
          90500     0.00816556       0.127793      0.0163311
          90600      0.0021115     -0.0649845     0.00422299
          90700       0.044517      -0.298386      0.0890339
          90800     0.00151924     -0.0551223     0.00303847
          90900      0.0571527       0.338091       0.114305
          91000      0.0125323      -0.158318      0.0250645
          91100      0.0328754       0.256419      0.0657508
          91200     0.00861061        0.13123      0.0172212
          91300     0.00867896      -0.131749      0.0173579
          91400      0.0103298      -0.143734      0.0206595
          91500     0.00378163      -0.086967     0.00756326
          91600     0.00723087      -0.120257      0.0144617
          91700      0.0845401      -0.411194        0.16908
          91800      0.0938541      -0.433253       0.187708
          91900      0.0367713      -0.271188      0.0735427
          92000        0.30399       -0.77973       0.607979
          92100      0.0715822      -0.378371       0.143164
          92200     1.7513e-05    -0.00591828     3.5026e-05
          92300     0.00761931       0.123445      0.0152386
          92400    0.000139778      0.0167199    0.000279555
          92500     0.00616261       0.111019      0.0123252
          92600      0.0258313       0.227294      0.0516626
          92700     0.00893995       0.133716      0.0178799
          92800      0.0133525       0.163417       0.026705
          92900       0.281278       0.750038       0.562556
          93000       0.602767        1.09797        1.20553
          93100        0.41774       0.914046        0.83548
          93200       0.144779       0.538106       0.289558
          93300      0.0177219       0.188265      0.0354439
          93400      0.0103636        0.14397      0.0207273
          93500      0.0300273       0.245061      0.0600547
          93600      0.0287533       0.239805      0.0575066
          93700      0.0290487       0.241034      0.0580975
          93800     0.00485624     -0.0985519     0.00971248
          93900      0.0217658       0.208642      0.0435316
          94000      0.0010623     -0.0460933     0.00212459
          94100      0.0423571      -0.291057      0.0847141
          94200       0.054736      -0.330865       0.109472
          94300      0.0477285      -0.308961      0.0954571
          94400     0.00305159     -0.0781229     0.00610319
          94500    0.000675304     -0.0367506     0.00135061
          94600       0.159986      -0.565661       0.319973
          94700       0.291262      -0.763233       0.582525
          94800      0.0688153      -0.370986       0.137631
          94900       0.249456      -0.706337       0.498912
          95000       0.167879      -0.579447       0.335758
          95100      0.0602416      -0.347107       0.120483
          95200       0.057806      -0.340018       0.115612
          95300     0.00764746      -0.123673      0.0152949
          95400     0.00903703       -0.13444      0.0180741
          95500    0.000693019     -0.0372295     0.00138604
          95600     0.00391779     -0.0885188     0.00783557
          95700    0.000945133      0.0434772     0.00189027
          95800      0.0121361      -0.155795      0.0242722
          95900     0.00121903      0.0493768     0.00243807
          96000      0.0173018       -0.18602      0.0346035
          96100     0.00634298       0.112632       0.012686
          96200       0.025675      -0.226606      0.0513501
          96300      0.0588854      -0.343178       0.117771
          96400      0.0507425      -0.318567       0.101485
          96500      0.0419005      -0.289484      0.0838009
          96600      0.0126547      -0.159089      0.0253094
          96700    0.000175655      0.0187433     0.00035131
          96800      0.0291433      -0.241426      0.0582865
          96900      0.0790965      -0.397735       0.158193
          97000      0.0031999     -0.0799987     0.00639979
          97100     0.00366113     -0.0855702     0.00732226
          97200      0.0132321       0.162678      0.0264641
          97300     0.00946587       0.137593      0.0189317
          97400       0.033362        0.25831       0.066724
          97500      0.0072763       0.120634      0.0145526
          97600      0.0224684      -0.211983      0.0449369
          97700      0.0020781      0.0644686     0.00415619
          97800       0.017153       0.185219       0.034306
          97900     9.4957e-06     0.00435791    1.89914e-05
          98000     0.00774369      -0.124448      0.0154874
          98100      0.0258633      -0.227435      0.0517265
          98200      0.0282445       0.237674      0.0564891
          98300      0.0114461       0.151302      0.0228922
          98400      0.0492148       0.313735      0.0984296
          98500      0.0305791       0.247302      0.0611582
          98600      0.0172931       0.185973      0.0345861
          98700      0.0532336       0.326293       0.106467
          98800      0.0226177       0.212686      0.0452353
          98900      0.0234744      -0.216677      0.0469488
          99000     0.00182874     -0.0604772     0.00365749
          99100      0.0721746       0.379933       0.144349
          99200      0.0337524       0.259817      0.0675049
          99300      0.0669649      -0.365964        0.13393
          99400    0.000169024     -0.0183861    0.000338049
          99500      0.0749002       0.387041         0.1498
          99600        0.17777       0.596271        0.35554
          99700      0.0519576       0.322359       0.103915
          99800     0.00539352       0.103861       0.010787
          99900      0.0220699       0.210095      0.0441399
         100000    2.21422e-05     0.00665466    4.42845e-05
