       0 0.000733882  -0.0383114  0.00146776
     100    0.245191   -0.700272    0.490381
     200    0.308986   -0.786111    0.617971
     300    0.585023    -1.08169     1.17005
     400    0.588477    -1.08488     1.17695
     500    0.498199   -0.998198    0.996399
     600    0.664506    -1.15283     1.32901
     700    0.932749    -1.36583      1.8655
     800    0.689622    -1.17441     1.37924
     900     1.18641     -1.5404     2.37283
    1000     1.33829    -1.63602     2.67658
    1100    0.926838     -1.3615     1.85368
    1200    0.774082    -1.24425     1.54816
    1300     1.62479    -1.80266     3.24957
    1400      2.4526    -2.21477     4.90521
    1500     2.05928    -2.02943     4.11857
    1600     1.59639    -1.78683     3.19278
    1700       1.691    -1.83902     3.38201
    1800     2.82385    -2.37649      5.6477
    1900     1.82078    -1.90829     3.64156
    2000     1.29115    -1.60696     2.58231
    2100     1.02518     -1.4319     2.05035
    2200     1.76813    -1.88049     3.53626
    2300     1.70526    -1.84676     3.41051
    2400     1.51239    -1.73919     3.02478
    2500     1.72133    -1.85544     3.44266
    2600    0.974339    -1.39595     1.94868
    2700    0.495399   -0.995388    0.990798
    2800    0.175964   -0.593235    0.351927
    2900    0.343029   -0.828286    0.686058
    3000    0.421102   -0.917717    0.842205
    3100    0.482437    -0.98228    0.964875
    3200    0.312748   -0.790882    0.625495
    3300    0.365108   -0.854527    0.730217
    3400  0.00990756   -0.140766   0.0198151
    3500    0.035901   -0.267959   0.0718021
    3600   0.0028648   0.0756942  0.00572961
    3700  0.00454291  -0.0953196  0.00908582
    3800   0.0277576   -0.235617   0.0555152
    3900   0.0190315   -0.195098   0.0380631
    4000   0.0386185    0.277915    0.077237
    4100   0.0386103    0.277886   0.0772206
    4200    0.102472    0.452707    0.204943
    4300  0.00976282    0.139734   0.0195256
    4400    0.145121    0.538741    0.290242
    4500    0.177434    0.595708    0.354868
    4600    0.129865    0.509636    0.259729
    4700    0.163955    0.572633    0.327909
    4800    0.324075    0.805077     0.64815
    4900   0.0651013    0.360836    0.130203
    5000    0.178072    0.596777    0.356143
    5100    0.122723    0.495426    0.245446
    5200    0.297766    0.771707    0.595532
    5300    0.243884    0.698404    0.487769
    5400     0.13622    0.521957    0.272439
    5500    0.339176    0.823622    0.678353
    5600    0.400743    0.895258    0.801487
    5700     0.29121    0.763165     0.58242
    5800   0.0838291    0.409461    0.167658
    5900    0.039692    0.281752    0.079384
    6000   0.0217366    0.208502   0.0434732
    6100   0.0102471   -0.143158   0.0204941
    6200   0.0139231   -0.166872   0.0278462
    6300    0.330406   -0.812904    0.660812
    6400    0.484902   -0.984786    0.969804
    6500    0.769131    -1.24027     1.53826
    6600     1.04289    -1.44423     2.08579
    6700     1.03132    -1.43619     2.06263
    6800     1.28797    -1.60497     2.57594
    6900    0.836259    -1.29326     1.67252
    7000     1.37517    -1.65842     2.75034
    7100     1.54328    -1.75686     3.08656
    7200     1.35966    -1.64904     2.71932
    7300     1.65325    -1.81838      3.3065
    7400     1.79445    -1.89444      3.5889
    7500     1.95452    -1.97713     3.90904
    7600    0.702752    -1.18554      1.4055
    7700     1.01005     -1.4213     2.02011
    7800    0.760883     -1.2336     1.52177
    7900    0.764447    -1.23648     1.52889
    8000      0.2814     -0.7502    0.562801
    8100    0.297473   -0.771327    0.594945
    8200   0.0578424   -0.340125    0.115685
    8300   0.0108887   -0.147572   0.0217773
    8400 0.000305747  -0.0247284 0.000611494
    8500   0.0231117    0.214996   0.0462234
    8600 0.000384761   0.0277403 0.000769522
    8700   0.0232719    -0.21574   0.0465437
    8800   0.0692364   -0.372119    0.138473
    8900    0.394474   -0.888228    0.788949
    9000    0.191276   -0.618508    0.382552
    9100    0.598194    -1.09379     1.19639
    9200    0.579119    -1.07621     1.15824
    9300    0.596162    -1.09194     1.19232
    9400    0.409104   -0.904549    0.818208
    9500    0.388767   -0.881779    0.777535
    9600    0.269849   -0.734642    0.539698
    9700   0.0130674   -0.161663   0.0261348
    9800   0.0169513   -0.184127   0.0339026
    9900    0.133143   -0.516029    0.266286
   10000    0.098843   -0.444619    0.197686
   10100   0.0411199   -0.286775   0.0822398
   10200   0.0351529   -0.265152   0.0703058
   10300    0.097177   -0.440856    0.194354
   10400   0.0784265   -0.396047    0.156853
   10500    0.120048   -0.489996    0.240096
   10600    0.214305   -0.654683     0.42861
   10700    0.193406   -0.621943    0.386813
   10800    0.314007   -0.792473    0.628013
   10900    0.388534   -0.881515    0.777068
   11000    0.303094   -0.778581    0.606189
   11100    0.104866   -0.457965    0.209732
   11200   0.0408432   -0.285808   0.0816863
   11300   0.0269818   -0.232301   0.0539636
   11400 0.000304304    -0.02467 0.000608607
   11500   0.0386947    0.278189   0.0773894
   11600  0.00459905  -0.0959067   0.0091981
   11700  0.00160552   0.0566661  0.00321105
   11800 0.000241257   0.0219662 0.000482514
   11900   0.0182305    0.190948   0.0364611
   12000  0.00134547   0.0518742  0.00269093
   12100   0.0136239   -0.165069   0.0272478
   12200    0.272838   -0.738698    0.545675
   12300    0.364869   -0.854247    0.729738
   12400   0.0197276   -0.198633   0.0394552
   12500   0.0045665   0.0955668  0.00913301
   12600   0.0464246   -0.304712   0.0928493
   12700  0.00633213   -0.112536   0.0126643
   12800   0.0117427   -0.153249   0.0234854
   12900   0.0122827   -0.156734   0.0245654
   13000  0.00126712   0.0503413  0.00253424
   13100   0.0109412   -0.147927   0.0218823
   13200 0.000766454   0.0391524  0.00153291
   13300   0.0209978    0.204928   0.0419955
   13400  0.00692677    0.117701   0.0138535
   13500    0.596327     1.09209     1.19265
   13600    0.947676     1.37672     1.89535
   13700     1.19511     1.54603     2.39022
   13800    0.812084     1.27443     1.62417
   13900     1.03033      1.4355     2.06066
   14000    0.466337     0.96575    0.932673
   14100     1.04272     1.44411     2.08544
   14200     1.91861     1.95888     3.83721
   14300     2.14206     2.06981     4.28412
   14400     3.75341     2.73986     7.50683
   14500     5.71842     3.38184     11.4368
   14600     5.33642     3.26693     10.6728
   14700     5.33229     3.26567     10.6646
   14800     3.18987     2.52582     6.37975
   14900     2.98482     2.44329     5.96965
   15000     3.78096     2.74989     7.56191
   15100     3.68545     2.71494     7.37089
   15200      4.1594     2.88423      8.3188
   15300     3.29776     2.56818     6.59553
   15400     3.18235     2.52283      6.3647
   15500     3.53612     2.65937     7.07223
   15600     3.89664     2.79165     7.79329
   15700     3.01566     2.45587     6.03131
   15800     3.15213     2.51083     6.30426
   15900     1.75044     1.87107     3.50089
   16000     1.48428     1.72295     2.96857
   16100     1.90849     1.95371     3.81698
   16200     1.04547     1.44601     2.09094
   16300     1.20704     1.55373     2.41408
   16400     1.16586       1.527     2.33172
   16500     1.36495     1.65224     2.72989
   16600     1.33751     1.63555     2.67501
   16700     1.48781       1.725     2.97562
   16800     1.84481     1.92084     3.68962
   16900     1.56883     1.77134     3.13766
   17000    0.971871     1.39418     1.94374
   17100     1.56059     1.76669     3.12118
   17200    0.900846     1.34227     1.80169
   17300    0.925194     1.36029     1.85039
   17400     0.35449    0.842009     0.70898
   17500    0.352835    0.840042     0.70567
   17600    0.389099    0.882155    0.778197
   17700    0.648443     1.13881     1.29689
   17800    0.575169     1.07254     1.15034
   17900    0.293169    0.765727    0.586337
   18000    0.171816    0.586201    0.343632
   18100 0.000500567   0.0316407  0.00100113
   18200   0.0725312   -0.380871    0.145062
   18300   0.0584184   -0.341814    0.116837
   18400    0.134023   -0.517732    0.268046
   18500    0.198107   -0.629455    0.396214
   18600    0.947233     -1.3764     1.89447
   18700     0.38318    -0.87542     0.76636
   18800    0.466349   -0.965763    0.932698
   18900   0.0527233   -0.324726    0.105447
   19000   0.0323971   -0.254547   0.0647942
   19100   0.0977871    0.442238    0.195574
   19200   0.0131582   -0.162224   0.0263165
   19300   0.0075145   -0.122593    0.015029
   19400    0.023101    0.214946    0.046202
   19500    0.127725    0.505421    0.255451
   19600    0.100222    0.447709    0.200443
   19700  0.00292865   0.0765331  0.00585731
   19800  0.00587846   -0.108429   0.0117569
   19900   0.0290943   -0.241223   0.0581886
   20000    0.117426   -0.484615    0.234851
   20100    0.060203   -0.346996    0.120406
   20200   0.0697635   -0.373533    0.139527
   20300    0.150464   -0.548568    0.300927
   20400    0.073261   -0.382782    0.146522
   20500    0.185911   -0.609771    0.371821
   20600    0.425605    -0.92261     0.85121
   20700     1.00717    -1.41927     2.01434
   20800    0.518173    -1.01801     1.03635
   20900     0.49765   -0.997647    0.995299
   21000    0.417922   -0.914245    0.835844
   21100    0.545937    -1.04493     1.09187
   21200   0.0929079   -0.431064    0.185816
   21300    0.397517   -0.891647    0.795035
   21400    0.393415   -0.887035    0.786831
   21500    0.516965    -1.01682     1.03393
   21600  0.00243148   -0.069735  0.00486296
   21700   0.0204524    -0.20225   0.0409049
   21800   0.0553889    0.332833    0.110778
   21900   0.0266382    0.230817   0.0532765
   22000   0.0568759    0.337271    0.113752
   22100    0.142997    0.534784    0.285994
   22200    0.189698    0.615951    0.379396
   22300   0.0497174    0.315333   0.0994348
   22400   0.0091316    0.135141   0.0182632
   22500  0.00785739    0.125359   0.0157148
   22600  0.00816333   -0.127776   0.0163267
   22700   0.0678586    0.368398    0.135717
   22800   0.0275436    0.234707   0.0550873
   22900 0.000786231   0.0396543  0.00157246
   23000  0.00687851     0.11729    0.013757
   23100   0.0045711   0.0956148   0.0091422
   23200  0.00556489    0.105498   0.0111298
   23300  0.00575509   -0.107286   0.0115102
   23400    0.106069    0.460585    0.212139
   23500      0.1354    0.520385    0.270801
   23600    0.405299    0.900332    0.810597
   23700    0.378086    0.869582    0.756173
   23800    0.155091    0.556939    0.310181
   23900   0.0738155    0.384228    0.147631
   24000    0.559387     1.05772     1.11877
   24100    0.438999    0.937015    0.877998
   24200    0.571668     1.06927     1.14334
   24300    0.762631     1.23501     1.52526
   24400    0.341452     0.82638    0.682904
   24500    0.178653    0.597751    0.357306
   24600    0.379486     0.87119    0.758972
   24700    0.331385    0.814107     0.66277
   24800    0.142961    0.534717    0.285922
   24900     0.15692    0.560214     0.31384
   25000    0.193504      0.6221    0.387009
   25100    0.122496    0.494968    0.244993
   25200   0.0921726    0.429354    0.184345
   25300   0.0723732    0.380456    0.144746
   25400   0.0294219    0.242577   0.0588437
   25500    0.169487    0.582215    0.338975
   25600   0.0218912    0.209243   0.0437825
   25700  0.00042858  -0.0292773 0.000857161
   25800   0.0246975     0.22225   0.0493949
   25900    0.199647    0.631896    0.399293
   26000    0.287195    0.757886    0.574391
   26100    0.238474    0.690615    0.476949
   26200    0.241264    0.694642    0.482528
   26300    0.131922    0.513658    0.263845
   26400    0.378058    0.869549    0.756115
   26500    0.239149    0.691591    0.478298
   26600    0.192509    0.620498    0.385017
   26700    0.071177    0.377298    0.142354
   26800   0.0412215    0.287129    0.082443
   26900   0.0241811    0.219914   0.0483623
   27000   0.0721822    0.379953    0.144364
   27100   0.0214887     0.20731   0.0429774
   27200   0.0398815    0.282424    0.079763
   27300    0.227357    0.674325    0.454714
   27400    0.234424    0.684724    0.468847
   27500     0.35648     0.84437     0.71296
   27600    0.572124      1.0697     1.14425
   27700     0.48001    0.979806    0.960021
   27800    0.175939    0.593193    0.351878
   27900    0.198812    0.630574    0.397624
   28000   0.0060082   -0.109619   0.0120164
   28100    0.339354   -0.823837    0.678708
   28200    0.172514   -0.587391    0.345028
   28300    0.543924      -1.043     1.08785
   28400    0.175999   -0.593294    0.351998
   28500    0.372576   -0.863222    0.745152
   28600     0.44536   -0.943779     0.89072
   28700    0.904074    -1.34467     1.80815
   28800    0.326777   -0.808427    0.653554
   28900    0.269963   -0.734796    0.539925
   29000    0.475246   -0.974932    0.950492
   29100     0.22046   -0.664018     0.44092
   29200   0.0281034    -0.23708   0.0562068
   29300   0.0177033    0.188166   0.0354066
   29400  0.00740908     0.12173   0.0148182
   29500   0.0651513   -0.360974    0.130303
   29600   0.0551045   -0.331978    0.110209
   29700   0.0707482    -0.37616    0.141496
   29800    0.121203   -0.492347    0.242406
   29900   0.0321365   -0.253521   0.0642731
   30000    0.232101   -0.681324    0.464202
   30100    0.145279   -0.539034    0.290558
   30200  0.00112013  -0.0473315  0.00224027
   30300 0.000133475  -0.0163386  0.00026695
   30400  0.00242176   0.0695954  0.00484352
   30500   0.0126428    0.159015   0.0252856
   30600   0.0219938    0.209732   0.0439876
   30700  0.00282431  -0.0751574  0.00564863
   30800   0.0951689    0.436277    0.190338
   30900   0.0400348    0.282966   0.0800696
   31000   0.0798236    0.399559    0.159647
   31100   0.0663775    0.364356    0.132755
   31200       0.109    0.466906    0.218001
   31300   0.0655572    0.362097    0.131114
   31400 8.88937e-05  -0.0133337 0.000177787
   31500    0.269609   -0.734314    0.539217
   31600     0.22056   -0.664169    0.441121
   31700     0.62574     -1.1187     1.25148
   31800    0.520024    -1.01983     1.04005
   31900     1.33988      -1.637     2.67976
   32000     1.50169    -1.73303     3.00338
   32100    0.872298    -1.32083      1.7446
   32200    0.485427   -0.985319    0.970854
   32300    0.315873   -0.794825    0.631746
   32400    0.202618   -0.636581    0.405235
   32500    0.275172   -0.741852    0.550344
   32600    0.266922   -0.730647    0.533845
   32700    0.234005   -0.684113     0.46801
   32800   0.0443013   -0.297662   0.0886026
   32900   0.0531671   -0.326089    0.106334
   33000  0.00772011   -0.124259   0.0154402
   33100   0.0743193    0.385537    0.148639
   33200    0.268677    0.733045    0.537355
   33300    0.270982    0.736182    0.541964
   33400    0.103248    0.454418    0.206496
   33500    0.144893    0.538317    0.289786
   33600    0.209191    0.646825    0.418382
   33700    0.131535    0.512904     0.26307
   33800    0.141603    0.532172    0.283207
   33900    0.043323    0.294357    0.086646
   34000     0.03542    0.266158   0.0708399
   34100   0.0233024   -0.215881   0.0466047
   34200   0.0168859   -0.183771   0.0337719
   34300  0.00102551  -0.0452882  0.00205102
   34400   0.0371475   -0.272571   0.0742949
   34500   0.0265508   -0.230438   0.0531017
   34600  0.00131978   0.0513767  0.00263956
   34700   0.0466332    0.305395   0.0932663
   34800   0.0058149   -0.107842   0.0116298
   34900   0.0178768   -0.189086   0.0357536
   35000   0.0409743   -0.286267   0.0819485
   35100    0.302285   -0.777541    0.604569
   35200    0.110619   -0.470358    0.221237
   35300   0.0413154   -0.287456   0.0826308
   35400   0.0183049    0.191337   0.0366099
   35500   0.0441811    0.297258   0.0883622
   35600    0.145422      0.5393    0.290844
   35700    0.115089    0.479768    0.230177
   35800    0.245862     0.70123    0.491723
   35900    0.124014    0.498023    0.248027
   36000    0.020807    0.203995    0.041614
   36100 0.000948448  -0.0435534   0.0018969
   36200   0.0069974     -0.1183   0.0139948
   36300    0.104084   -0.456254    0.208167
   36400   0.0160087   -0.178934   0.0320175
   36500    0.014298   -0.169104   0.0285961
   36600    0.229761    -0.67788    0.459522
   36700    0.235279   -0.685973    0.470559
   36800   0.0496412   -0.315091   0.0992825
   36900    0.126305   -0.502603     0.25261
   37000    0.113835   -0.477149    0.227671
   37100   0.0552832   -0.332515    0.110566
   37200 0.000676604    0.036786  0.00135321
   37300   0.0251363    0.224215   0.0502725
   37400   0.0871986    0.417609    0.174397
   37500    0.133865    0.517427    0.267731
   37600    0.263351    0.725742    0.526701
   37700    0.104478    0.457117    0.208956
   37800    0.366581    0.856249    0.733162
   37900    0.634794     1.12676     1.26959
   38000    0.126744    0.503475    0.253487
   38100   0.0407234    0.285389   0.0814467
   38200 0.000636733   0.0356857  0.00127347
   38300    0.149872   -0.547489    0.299744
   38400    0.144779   -0.538105    0.289557
   38500    0.263825   -0.726396    0.527651
   38600    0.181019   -0.601696    0.362038
   38700    0.207112   -0.643602    0.414224
   38800     0.13196   -0.513731    0.263919
   38900    0.403157    -0.89795    0.806315
   39000    0.188057   -0.613281    0.376114
   39100    0.863059    -1.31382     1.72612
   39200     1.03551     -1.4391     2.07101
   39300     1.47997    -1.72045     2.95993
   39400     1.97395    -1.98693      3.9479
   39500     1.77235    -1.88274      3.5447
   39600     1.81054    -1.90291     3.62108
   39700     1.73641    -1.86355     3.47282
   39800     2.74841    -2.34453     5.49682
   39900     1.75989    -1.87611     3.51977
   40000     2.37671    -2.18023     4.75342
   40100     1.77878    -1.88615     3.55755
   40200     2.58601    -2.27421     5.17203
   40300      1.9663    -1.98308      3.9326
   40400     1.83451    -1.91547     3.66901
   40500    0.721175    -1.20098     1.44235
   40600    0.405977   -0.901085    0.811954
   40700     0.17343   -0.588948     0.34686
   40800    0.294877   -0.767954    0.589753
   40900    0.506233    -1.00621     1.01247
   41000     1.13838     -1.5089     2.27677
   41100    0.856808    -1.30905     1.71362
   41200    0.451603   -0.950371    0.903206
   41300    0.642434    -1.13352     1.28487
   41400    0.413587   -0.909491    0.827175
   41500    0.491791   -0.991757    0.983583
   41600    0.590439    -1.08668     1.18088
   41700    0.231844   -0.680946    0.463688
   41800   0.0790284   -0.397564    0.158057
   41900   0.0330547   -0.257118   0.0661094
   42000  0.00788761   -0.125599   0.0157752
   42100  0.00169832   0.0582807  0.00339664
   42200   0.0146335   -0.171076    0.029267
   42300    0.011766    0.153401   0.0235319
   42400     0.20582    0.641592     0.41164
   42500 4.28813e-05  0.00926081 8.57626e-05
   42600  0.00453327  -0.0952184  0.00906655
   42700   0.0038555  -0.0878123  0.00771099
   42800    0.155472    0.557624    0.310944
   42900    0.197756    0.628897    0.395512
   43000    0.148516    0.545006    0.297031
   43100    0.043032    0.293367   0.0860639
   43200    0.206105    0.642036     0.41221
   43300    0.278833    0.746771    0.557666
   43400    0.376466    0.867717    0.752933
   43500    0.661658     1.15035     1.32332
   43600     0.46226     0.96152     0.92452
   43700    0.711396     1.19281     1.42279
   43800    0.600301     1.09572      1.2006
   43900     1.41054     1.67961     2.82108
   44000    0.885888     1.33108     1.77178
   44100     0.55254     1.05123     1.10508
   44200    0.513458     1.01337     1.02692
   44300     1.10544      1.4869     2.21089
   44400     1.05939      1.4556     2.11878
   44500     1.83871     1.91766     3.67742
   44600     1.27241     1.59525     2.54483
   44700      1.9148     1.95694     3.82961
   44800     1.65911      1.8216     3.31822
   44900     1.99293     1.99646     3.98587
   45000     2.25136     2.12196     4.50272
   45100     2.33583      2.1614     4.67165
   45200     4.21334     2.90288     8.42669
   45300     3.91711     2.79897     7.83421
   45400     4.94377     3.14445     9.88754
   45500     3.74224     2.73578     7.48448
   45600     2.82838     2.37839     5.65676
   45700     1.62301     1.80167     3.24601
   45800     1.58094     1.77817     3.16187
   45900     2.94511     2.42698     5.89023
   46000     3.03135     2.46225     6.06269
   46100     2.47922     2.22676     4.95845
   46200     3.14606     2.50841     6.29212
   46300     4.13748     2.87662     8.27496
   46400     4.65203     3.05025     9.30405
   46500      3.5848     2.67761     7.16961
   46600     3.89423     2.79078     7.78847
   46700     5.09092      3.1909     10.1818
   46800     4.20559      2.9002     8.41119
   46900     4.43033     2.97669     8.86066
   47000     4.28605     2.92781     8.57209
   47100     3.70062     2.72052     7.40124
   47200     2.94443      2.4267     5.88886
   47300     3.10126     2.49048     6.20251
   47400     3.22275      2.5388     6.44551
   47500     2.28532      2.1379     4.57064
   47600     2.22307     2.10859     4.44615
   47700     2.66586     2.30905     5.33173
   47800     2.45972     2.21798     4.91945
   47900     2.07788     2.03857     4.15576
   48000     1.28918     1.60573     2.57836
   48100     1.82846     1.91231     3.65691
   48200     2.59411     2.27776     5.18821
   48300     2.73719     2.33974     5.47438
   48400     3.03595     2.46412      6.0719
   48500     4.08119     2.85699     8.16238
   48600       3.823     2.76514     7.64601
   48700     2.80522     2.36864     5.61045
   48800     2.12669     2.06237     4.25339
   48900     2.16533     2.08102     4.33066
   49000     2.45078     2.21395     4.90157
   49100     2.49244     2.23268     4.98488
   49200      2.1349     2.06635     4.26979
   49300     2.28484     2.13768     4.56967
   49400    0.866552     1.31647      1.7331
   49500    0.920577     1.35689     1.84115
   49600     0.36667    0.856353     0.73334
   49700    0.251076    0.708627    0.502152
   49800    0.188252    0.613599    0.376504
   49900   0.0913877    0.427522    0.182775
   50000    0.149954    0.547639    0.299908
   50100    0.165102    0.574633    0.330203
   50200    0.119418    0.488709    0.238836
   50300    0.484274    0.984148    0.968548
   50400    0.604731     1.09976     1.20946
   50500    0.774336     1.24446     1.54867
   50600    0.571726     1.06932     1.14345
   50700      0.5552     1.05376      1.1104
   50800    0.432462    0.930013    0.864925
   50900    0.800017     1.26492     1.60003
   51000    0.758094     1.23134     1.51619
   51100     0.63269     1.12489     1.26538
   51200     0.33883    0.823201     0.67766
   51300    0.504421     1.00441     1.00884
   51400    0.559213     1.05756     1.11843
   51500    0.406149    0.901276    0.812298
   51600    0.295312     0.76852    0.590624
   51700    0.638877     1.13038     1.27775
   51800     0.54711     1.04605     1.09422
   51900    0.471457    0.971038    0.942915
   52000    0.685304     1.17073     1.37061
   52100    0.527122     1.02676     1.05424
   52200     1.13525     1.50682      2.2705
   52300     1.55537     1.76373     3.11075
   52400     1.75677     1.87444     3.51353
   52500     1.96057     1.98019     3.92114
   52600     2.06521     2.03235     4.13043
   52700     1.79762     1.89611     3.59524
   52800     1.13501     1.50666     2.27003
   52900     2.69171     2.32022     5.38342
   53000     2.42838     2.20381     4.85676
   53100     2.10573     2.05218     4.21145
   53200     1.53699     1.75328     3.07397
   53300     1.66632     1.82555     3.33265
   53400     1.31862     1.62396     2.63724
   53500     1.44396     1.69939     2.88793
   53600      1.8445     1.92068     3.68899
   53700     1.96659     1.98323     3.93319
   53800      2.3354      2.1612     4.67079
   53900     2.26604     2.12887     4.53209
   54000     2.14678     2.07209     4.29355
   54100     2.96993     2.43718     5.93985
   54200     3.13429     2.50371     6.26858
   54300     2.67142     2.31146     5.34283
   54400     2.58698     2.27463     5.17395
   54500     1.76689     1.87983     3.53378
   54600      1.8771     1.93758      3.7542
   54700     2.64312     2.29918     5.28624
   54800     2.44163     2.20981     4.88326
   54900       2.426     2.20273       4.852
   55000       2.635     2.29565        5.27
   55100     1.69985     1.84383      3.3997
   55200     1.81161     1.90347     3.62321
   55300     1.42683     1.68928     2.85366
   55400     1.62892     1.80495     3.25784
   55500     1.86141     1.92946     3.72283
   55600     2.83067     2.37936     5.66134
   55700     1.97238     1.98614     3.94475
   55800     2.45215     2.21457      4.9043
   55900     2.13047      2.0642     4.26093
   56000     2.46201     2.21901     4.92403
   56100     1.81013      1.9027     3.62025
   56200     1.34931     1.64275     2.69861
   56300     1.10056     1.48361     2.20111
   56400      0.8508     1.30445      1.7016
   56500    0.576872     1.07412     1.15374
   56600    0.545119     1.04414     1.09024
   56700    0.599623      1.0951     1.19925
   56800    0.966167     1.39008     1.93233
   56900    0.825781     1.28513     1.65156
   57000    0.847103     1.30162     1.69421
   57100    0.832367     1.29025     1.66473
   57200    0.657333     1.14659     1.31467
   57300     1.04859     1.44816     2.09717
   57400    0.771911     1.24251     1.54382
   57500     0.90227     1.34333     1.80454
   57600    0.591642     1.08779     1.18328
   57700    0.441996    0.940208    0.883992
   57800    0.334983    0.818514    0.669965
   57900   0.0472699    0.307473   0.0945397
   58000   0.0108042    0.146998   0.0216084
   58100    0.295987    0.769398    0.591974
   58200    0.517788     1.01763     1.03558
   58300    0.703581     1.18624     1.40716
   58400    0.516035     1.01591     1.03207
   58500    0.863276     1.31398     1.72655
   58600     1.45637     1.70668     2.91275
   58700     2.16989     2.08321     4.33977
   58800      2.6083     2.28399      5.2166
   58900     2.51666     2.24351     5.03332
   59000     3.19327     2.52716     6.38653
   59100     2.80185     2.36721     5.60369
   59200     1.69551     1.84147     3.39102
   59300     1.34955      1.6429     2.69911
   59400     1.04191     1.44354     2.08381
   59500    0.701909     1.18483     1.40382
   59600    0.379214    0.870878    0.758429
   59700    0.571022     1.06866     1.14204
   59800    0.663226     1.15172     1.32645
   59900     1.03104       1.436     2.06208
   60000     1.44506     1.70003     2.89012
   60100     1.10094     1.48388     2.20189
   60200     1.17753     1.53462     2.35507
   60300    0.540332     1.03955     1.08066
   60400     1.28133     1.60083     2.56265
   60500    0.822426     1.28252     1.64485
   60600    0.805152     1.26898      1.6103
   60700    0.849985     1.30383     1.69997
   60800     1.02522     1.43193     2.05044
   60900    0.650409     1.14053     1.30082
   61000    0.356781    0.844726    0.713563
   61100    0.429778    0.927123    0.859556
   61200    0.565258     1.06326     1.13052
   61300     1.22053     1.56239     2.44106
   61400     1.45424     1.70543     2.90848
   61500     1.21133     1.55649     2.42265
   61600     2.20959     2.10218     4.41918
   61700     1.71335     1.85113      3.4267
   61800     1.72916     1.85966     3.45832
   61900      1.5682     1.77099      3.1364
   62000     1.77072     1.88187     3.54144
   62100     1.64107     1.81167     3.28214
   62200    0.425215    0.922188    0.850431
   62300    0.465553    0.964939    0.931107
   62400    0.581171     1.07812     1.16234
   62500    0.429387      0.9267    0.858774
   62600    0.509969     1.00992     1.01994
   62700    0.713181      1.1943     1.42636
   62800    0.546132     1.04511     1.09226
   62900    0.276238    0.743288    0.552477
   63000    0.331668    0.814454    0.663336
   63100    0.559073     1.05742     1.11815
   63200     0.36845    0.858429    0.736901
   63300     1.09428     1.47938     2.18855
   63400     2.08174     2.04046     4.16348
   63500     3.33323     2.58195     6.66646
   63600     4.43611     2.97863     8.87221
   63700     4.24581     2.91404     8.49162
   63800     5.45724     3.30371     10.9145
   63900     5.15569     3.21113     10.3114
   64000     5.45426     3.30281     10.9085
   64100     5.12824     3.20257     10.2565
   64200     5.58879     3.34329     11.1776
   64300     5.48167     3.31109     10.9633
   64400     4.52595     3.00864     9.05189
   64500     5.49006     3.31363     10.9801
   64600     5.72501     3.38379       11.45
   64700     5.86317     3.42437     11.7263
   64800     5.24271     3.23812     10.4854
   64900     5.12513      3.2016     10.2503
   65000     5.08556     3.18922     10.1711
   65100     5.77442     3.39836     11.5488
   65200     7.66927     3.91644     15.3385
   65300     6.23211     3.53047     12.4642
   65400     5.90106     3.43542     11.8021
   65500     8.34757     4.08597     16.6951
   65600     11.5023      4.7963     23.0045
   65700     10.0162     4.47575     20.0323
   65800     7.81677     3.95393     15.6335
   65900      7.3426     3.83213     14.6852
   66000     6.92984     3.72286     13.8597
   66100     6.96331     3.73184     13.9266
   66200     7.81566     3.95365     15.6313
   66300     9.61441     4.38507     19.2288
   66400     8.51029      4.1256     17.0206
   66500     8.93836     4.22809     17.8767
   66600     7.38594     3.84342     14.7719
   66700     6.29529     3.54832     12.5906
   66800     6.48329     3.60091     12.9666
   66900     6.84554     3.70015     13.6911
   67000     7.27481      3.8144     14.5496
   67100     6.69368     3.65888     13.3874
   67200     6.59552     3.63195      13.191
   67300     6.12481     3.49995     12.2496
   67400     4.80402     3.09969     9.60805
   67500     4.99877     3.16189     9.99754
   67600      4.7871     3.09422     9.57421
   67700     5.78484     3.40142     11.5697
   67800     5.29357     3.25379     10.5871
   67900     4.68646     3.06152     9.37292
   68000     3.89745     2.79193      7.7949
   68100     5.25148     3.24083      10.503
   68200     4.39126     2.96353     8.78252
   68300     2.07812     2.03869     4.15624
   68400     1.46098     1.70937     2.92195
   68500     1.20779     1.55422     2.41559
   68600     1.24027     1.57497     2.48053
   68700     1.46191     1.70992     2.92382
   68800     1.71843     1.85388     3.43687
   68900     2.59544     2.27835     5.19087
   69000     2.26508     2.12842     4.53017
   69100     2.44262     2.21026     4.88524
   69200     1.37848     1.66041     2.75695
   69300     1.39948     1.67301     2.79895
   69400     1.03329     1.43756     2.06658
   69500      1.2881     1.60506     2.57621
   69600     1.07133     1.46378     2.14265
   69700    0.516933     1.01679     1.03387
   69800   0.0913655    0.427471    0.182731
   69900     0.10501    0.458278    0.210019
   70000  0.00176197  -0.0593628  0.00352394
   70100 0.000438509   0.0296145 0.000877019
   70200 0.000607505   -0.034857  0.00121501
   70300   0.0117827    -0.15351   0.0235653
   70400  0.00140174  -0.0529479  0.00280348
   70500 0.000213122  -0.0206457 0.000426244
   70600   0.0336926   -0.259587   0.0673853
   70700   0.0941127    -0.43385    0.188225
   70800   0.0880114   -0.419551    0.176023
   70900   0.0941244   -0.433877    0.188249
   71000    0.469394    -0.96891    0.938787
   71100     0.44378   -0.942104     0.88756
   71200    0.213857   -0.653999    0.427714
   71300   0.0396827   -0.281719   0.0793653
   71400    0.367192   -0.856962    0.734384
   71500     0.12259   -0.495158    0.245181
   71600   0.0259207   -0.227687   0.0518413
   71700   0.0259041    0.227614   0.0518082
   71800   0.0136738    0.165371   0.0273476
   71900   0.0515268     0.32102    0.103054
   72000   0.0151369    0.173994   0.0302738
   72100    0.183207    0.605322    0.366415
   72200    0.221084    0.664957    0.442167
   72300    0.330903    0.813515    0.661806
   72400    0.275323    0.742056    0.550647
   72500   0.0996425    0.446414    0.199285
   72600   0.0553354    0.332672    0.110671
   72700 0.000109418   0.0147931 0.000218837
   72800  0.00149088   0.0546056  0.00298177
   72900   0.0133747   -0.163552   0.0267494
   73000    0.051649     -0.3214    0.103298
   73100    0.010786   -0.146874   0.0215719
   73200    0.105721   -0.459827    0.211441
   73300   0.0774902   -0.393675     0.15498
   73400    0.158424   -0.562892    0.316847
   73500    0.377265   -0.868637     0.75453
   73600    0.814008    -1.27594     1.62802
   73700     0.70005    -1.18326      1.4001
   73800    0.097768   -0.442195    0.195536
   73900    0.267027   -0.730791    0.534055
   74000    0.206668   -0.642913    0.413337
   74100   0.0280364   -0.236797   0.0560728
   74200   0.0185556   -0.192642   0.0371111
   74300 0.000402777  -0.0283823 0.000805555
   74400    0.080306   -0.400764    0.160612
   74500   0.0446521   -0.298838   0.0893041
   74600  0.00843594    0.129892   0.0168719
   74700   0.0410116    0.286397   0.0820233
   74800    0.219984    0.663301    0.439969
   74900  9.8671e-06  0.00444232 1.97342e-05
   75000   0.0675897    0.367668    0.135179
   75100   0.0666122    0.364999    0.133224
   75200   0.0242104    0.220047   0.0484207
   75300   0.0211966    0.205896   0.0423933
   75400   0.0823378    0.405802    0.164676
   75500    0.101222    0.449938    0.202444
   75600     0.12217    0.494309    0.244341
   75700    0.975582     1.39684     1.95116
   75800     1.39069     1.66774     2.78137
   75900      1.2961     1.61003     2.59219
   76000     1.11114     1.49073     2.22228
   76100     1.34386     1.63943     2.68772
   76200     1.92755     1.96344      3.8551
   76300     2.08243      2.0408     4.16486
   76400     1.84573     1.92132     3.69145
   76500     1.84111     1.91891     3.68221
   76600     2.35686     2.17111     4.71372
   76700     1.67627     1.83099     3.35253
   76800     3.54734     2.66358     7.09468
   76900      3.3232     2.57806      6.6464
   77000      3.0587     2.47334     6.11741
   77100     2.95905     2.43271     5.91809
   77200     3.00198      2.4503     6.00397
   77300      1.7842     1.88902      3.5684
   77400     1.53245     1.75069      3.0649
   77500     1.44939     1.70258     2.89877
   77600     1.79247     1.89339     3.58494
   77700     1.13597     1.50729     2.27193
   77800    0.565286     1.06328     1.13057
   77900    0.455408    0.954367    0.910816
   78000     1.00864     1.42031     2.01729
   78100    0.613906     1.10807     1.22781
   78200    0.570098      1.0678      1.1402
   78300    0.661746     1.15043     1.32349
   78400    0.385674    0.878264    0.771347
   78500     1.02979     1.43512     2.05957
   78600    0.420288    0.916829    0.840576
   78700   0.0534609    0.326989    0.106922
   78800   0.0159145    0.178407    0.031829
   78900 0.000517114  -0.0321594  0.00103423
   79000   0.0102124   -0.142915   0.0204248
   79100     0.16772   -0.579172     0.33544
   79200   0.0966587   -0.439679    0.193317
   79300    0.017101   -0.184938   0.0342019
   79400   0.0298189   -0.244208   0.0596377
   79500   0.0812135   -0.403022    0.162427
   79600   0.0889615   -0.421809    0.177923
   79700  0.00537224   -0.103656   0.0107445
   79800    0.133418   -0.516563    0.266837
   79900   0.0133687   -0.163516   0.0267374
   80000   0.0578166   -0.340049    0.115633
   80100  0.00484977  -0.0984862  0.00969954
   80200   0.0163516    0.180841   0.0327033
   80300   0.0541061    0.328956    0.108212
   80400   0.0410976    0.286697   0.0821953
   80500   0.0946667    0.435124    0.189333
   80600    0.216655    0.658264    0.433311
   80700    0.245171    0.700244    0.490342
   80800    0.107576    0.463845    0.215152
   80900    0.141012    0.531059    0.282024
   81000   0.0404818    0.284541   0.0809636
   81100    0.186429     0.61062    0.372857
   81200    0.445089    0.943492    0.890177
   81300   0.0352294    0.265441   0.0704588
   81400  0.00179035    0.059839  0.00358071
   81500   0.0494714    0.314552   0.0989428
   81600    0.124599    0.499197    0.249198
   81700    0.141662    0.532281    0.283323
   81800    0.190039    0.616505    0.380078
   81900    0.101896    0.451433    0.203792
   82000   0.0788156    0.397028    0.157631
   82100  0.00802762    0.126709   0.0160552
   82200   0.0192835    0.196385    0.038567
   82300 0.000515696   0.0321153  0.00103139
   82400 0.000925064   0.0430131  0.00185013
   82500  0.00859664   -0.131123   0.0171933
   82600    0.042738   -0.292363    0.085476
   82700   0.0307978   -0.248185   0.0615956
   82800 0.000403044   0.0283917 0.000806088
   82900  0.00697259    -0.11809   0.0139452
   83000   0.0508738   -0.318979    0.101748
   83100    0.127912    -0.50579    0.255823
   83200  0.00184978  -0.0608241  0.00369957
   83300     0.01249    0.158051   0.0249801
   83400   0.0383348    0.276893   0.0766697
   83500   0.0201133   -0.200565   0.0402265
   83600 0.000465726  -0.0305197 0.000931451
   83700    0.022011    0.209814    0.044022
   83800    0.122358    0.494687    0.244715
   83900   0.0781598    0.395373     0.15632
   84000    0.133476    0.516675    0.266953
   84100    0.172944    0.588123    0.345888
   84200    0.210697    0.649148    0.421394
   84300    0.120386    0.490684    0.240771
   84400   0.0742385    0.385327    0.148477
   84500   0.0165968    0.182191   0.0331936
   84600   0.0421997    0.290516   0.0843995
   84700   0.0270174    0.232454   0.0540348
   84800   0.0377915    0.274923   0.0755829
   84900   0.0956491    0.437377    0.191298
   85000    0.300705    0.775506    0.601409
   85100    0.229417    0.677372    0.458833
   85200    0.268578    0.732909    0.537155
   85300    0.575305     1.07266     1.15061
   85400    0.300468    0.775201    0.600937
   85500    0.219252    0.662197    0.438505
   85600   0.0821199    0.405265     0.16424
   85700   0.0419815    0.289764   0.0839631
   85800   0.0143427   -0.169368   0.0286854
   85900   0.0134877    0.164242   0.0269754
   86000    0.284519    0.754346    0.569037
   86100    0.495983    0.995975    0.991967
   86200    0.457528    0.956586    0.915057
   86300    0.270378    0.735362    0.540757
   86400   0.0280689    0.236934   0.0561377
   86500    0.199714    0.632003    0.399427
   86600    0.303802     0.77949    0.607604
   86700    0.211216    0.649948    0.422432
   86800   0.0384077    0.277156   0.0768154
   86900    0.110587    0.470292    0.221175
   87000     0.39381    0.887479     0.78762
   87100    0.649451     1.13969      1.2989
   87200    0.662675     1.15124     1.32535
   87300    0.776516     1.24621     1.55303
   87400    0.950965      1.3791     1.90193
   87500    0.612226     1.10655     1.22445
   87600    0.547591     1.04651     1.09518
   87700     0.87845     1.32548      1.7569
   87800    0.714966      1.1958     1.42993
   87900    0.444732    0.943114    0.889464
   88000    0.739849     1.21643      1.4797
   88100    0.572762     1.07029     1.14552
   88200    0.546334     1.04531     1.09267
   88300    0.691637     1.17613     1.38327
   88400    0.889787     1.33401     1.77957
   88500     1.34995     1.64313     2.69989
   88600     1.51959     1.74333     3.03919
   88700     1.49336     1.72821     2.98672
   88800     2.44701     2.21224     4.89402
   88900     2.21513     2.10482     4.43025
   89000    0.893905     1.33709     1.78781
   89100     1.25399     1.58366     2.50797
   89200      1.4035     1.67541       2.807
   89300    0.963433     1.38812     1.92687
   89400     1.34476     1.63997     2.68952
   89500     1.20433     1.55198     2.40866
   89600     1.13383     1.50587     2.26766
   89700     1.31097     1.61924     2.62194
   89800    0.736857     1.21397     1.47371
   89900    0.860005     1.31149     1.72001
   90000    0.856692     1.30896     1.71338
   90100    0.978058     1.39861     1.95612
   90200     1.05426     1.45208     2.10852
   90300    0.450877    0.949608    0.901754
   90400   0.0365206    0.270261   0.0730412
   90500    0.174865    0.591379     0.34973
   90600   0.0787243    0.396798    0.157449
   90700    0.169688    0.582559    0.339375
   90800    0.112204    0.473717    0.224408
   90900  0.00778673   -0.124794   0.0155735
   91000 4.11485e-05 -0.00907177  8.2297e-05
   91100   0.0630118   -0.354998    0.126024
   91200    0.510774    -1.01072     1.02155
   91300    0.233831   -0.683858    0.467662
   91400    0.397987   -0.892174    0.795975
   91500    0.855306     -1.3079     1.71061
   91600    0.523702    -1.02343      1.0474
   91700     1.08374    -1.47223     2.16747
   91800     0.80658     -1.2701     1.61316
   91900     1.12037    -1.49691     2.24074
   92000     1.07246    -1.46456     2.14492
   92100    0.609414    -1.10401     1.21883
   92200    0.832171    -1.29009     1.66434
   92300    0.995597     -1.4111     1.99119
   92400     1.72561    -1.85774     3.45121
   92500     1.05937    -1.45559     2.11873
   92600     1.43703     -1.6953     2.87405
   92700     1.66026    -1.82223     3.32051
   92800     2.13238    -2.06513     4.26476
   92900     2.25308    -2.12277     4.50616
   93000     1.58048    -1.77791     3.16096
   93100     1.75305    -1.87246     3.50611
   93200     2.27354    -2.13239     4.54707
   93300     2.49554    -2.23407     4.99107
   93400     3.15349    -2.51137     6.30699
   93500     2.54031    -2.25402     5.08062
   93600     2.22808    -2.11096     4.45617
   93700     2.95072    -2.42929     5.90144
   93800     2.55535    -2.26069     5.11071
   93900      2.6961    -2.32211     5.39221
   94000     3.71499     -2.7258     7.42998
   94100     3.48047    -2.63836     6.96094
   94200     3.15153    -2.51059     6.30305
   94300      1.7012    -1.84456     3.40239
   94400     1.97976    -1.98985     3.95952
   94500     2.57933    -2.27127     5.15867
   94600     3.17465    -2.51978     6.34931
   94700     2.74566    -2.34336     5.49132
   94800     2.66806    -2.31001     5.33612
   94900     2.85412    -2.38919     5.70825
   95000     1.85905    -1.92824      3.7181
   95100     1.54491    -1.75779     3.08982
   95200     1.58227    -1.77892     3.16454
   95300    0.884582     -1.3301     1.76916
   95400    0.773924    -1.24413     1.54785
   95500     1.05568    -1.45305     2.11136
   95600     1.46948    -1.71434     2.93896
   95700     1.88221    -1.94021     3.76443
   95800     1.64479    -1.81372     3.28958
   95900     1.19086    -1.54328     2.38171
   96000     1.09902    -1.48258     2.19804
   96100     1.06458    -1.45917     2.12916
   96200     0.74275    -1.21881      1.4855
   96300      0.4975   -0.997497       0.995
   96400    0.328587   -0.810662    0.657173
   96500    0.479741   -0.979531    0.959482
   96600    0.382959   -0.875167    0.765918
   96700    0.777786    -1.24723     1.55557
   96800    0.168273   -0.580126    0.336547
   96900   0.0119203   -0.154404   0.0238405
   97000   0.0762271   -0.390454    0.152454
   97100   0.0388463   -0.278734   0.0776925
   97200    0.130735   -0.511341     0.26147
   97300   0.0958344     -0.4378    0.191669
   97400    0.116974   -0.483681    0.233947
   97500   0.0353823   -0.266016   0.0707646
   97600    0.175938   -0.593192    0.351876
   97700   0.0053092    0.103046   0.0106184
   97800    0.015849    0.178039    0.031698
   97900   0.0969819    0.440413    0.193964
   98000   0.0741423    0.385077    0.148285
   98100    0.643645     1.13459     1.28729
   98200    0.937269     1.36914     1.87454
   98300    0.719242     1.19937     1.43848
   98400   0.0959322    0.438023    0.191864
   98500    0.156294    0.559095    0.312588
   98600    0.106777    0.462118    0.213553
   98700   0.0933915    0.432184    0.186783
   98800  0.00485494   0.0985387  0.00970988
   98900   0.0337212    0.259697   0.0674423
   99000    0.181033    0.601719    0.362065
   99100    0.111043    0.471259    0.222085
   99200    0.029991    0.244912    0.059982
   99300    0.190971    0.618015    0.381942
   99400    0.327895    0.809808    0.655789
   99500    0.339483    0.823994    0.678965
   99600    0.428422    0.925658    0.856843
   99700    0.123476    0.496943    0.246952
   99800    0.567436      1.0653     1.13487
   99900   0.0906159    0.425713    0.181232
  100000   0.0924673     0.43004    0.184935
  100100    0.273254    0.739261    0.546507
  100200     0.11669    0.483094    0.233379
  100300   0.0302409     0.24593   0.0604817
  100400    0.153128    0.553403    0.306255
  100500   0.0789546    0.397378    0.157909
  100600    0.251799    0.709646    0.503598
  100700    0.377317    0.868697    0.754634
  100800    0.593486     1.08948     1.18697
  100900    0.578456      1.0756     1.15691
  101000    0.339544    0.824068    0.679088
  101100    0.127029    0.504042    0.254058
  101200   0.0497592    0.315465   0.0995185
  101300      0.2359    0.686877      0.4718
  101400    0.856435     1.30877     1.71287
  101500     1.34503     1.64014     2.69006
  101600     2.53274     2.25066     5.06549
  101700     3.07534     2.48006     6.15069
  101800      3.6607     2.70581     7.32141
  101900     4.32011     2.93942     8.64021
  102000     5.92079     3.44116     11.8416
  102100     5.59664     3.34564     11.1933
  102200      4.6045     3.03463       9.209
  102300     4.81906     3.10453     9.63811
  102400     5.24885     3.24002     10.4977
  102500     5.24969     3.24027     10.4994
  102600     5.75644     3.39306     11.5129
  102700     6.31058     3.55263     12.6212
  102800     6.07428     3.48548     12.1486
  102900     7.39457     3.84566     14.7891
  103000     7.90477     3.97612     15.8095
  103100     8.64334     4.15773     17.2867
  103200     9.79816     4.42677     19.5963
  103300     12.7692     5.05356     25.5384
  103400     12.0932     4.91796     24.1864
  103500     12.1099     4.92135     24.2197
  103600     10.9096      4.6711     21.8192
  103700     10.7662     4.64031     21.5324
  103800       12.11     4.92139     24.2201
  103900     12.8323     5.06603     25.6646
  104000     12.4268     4.98535     24.8537
  104100     11.6956     4.83645     23.3912
  104200      9.2106     4.29199     18.4212
  104300     8.14533     4.03617     16.2907
  104400     7.51746     3.87749     15.0349
  104500     7.13383     3.77726     14.2677
  104600     8.04189     4.01046     16.0838
  104700     10.6231     4.60937     21.2462
  104800     10.0276      4.4783     20.0552
  104900     9.84452     4.43723      19.689
  105000     8.48757     4.12009     16.9751
  105100     8.79001     4.19285       17.58
  105200     8.01072     4.00268     16.0214
  105300     7.33332      3.8297     14.6666
  105400     8.42474     4.10481     16.8495
  105500     7.69533     3.92309     15.3907
  105600     7.00073     3.74185     14.0015
  105700     8.43799     4.10804      16.876
  105800     8.57158     4.14043     17.1432
  105900     8.66338     4.16254     17.3268
  106000     6.29053     3.54698     12.5811
  106100     4.61192     3.03708     9.22385
  106200     4.36648     2.95516     8.73297
  106300     4.85679     3.11666     9.71358
  106400        5.53     3.32566       11.06
  106500      5.5701      3.3377     11.1402
  106600     3.72035     2.72776      7.4407
  106700     2.52805     2.24858      5.0561
  106800     2.63368     2.29507     5.26736
  106900     3.21627     2.53625     6.43255
  107000     2.19217     2.09388     4.38434
  107100       2.915     2.41454     5.82999
  107200     1.64849     1.81576     3.29697
  107300     1.54089      1.7555     3.08177
  107400     1.55449     1.76323     3.10898
  107500     1.45639     1.70669     2.91278
  107600     1.95309     1.97641     3.90619
  107700     1.63088     1.80603     3.26176
  107800     1.03903     1.44155     2.07806
  107900     1.54579     1.75829     3.09158
  108000     1.50089     1.73257     3.00178
  108100     1.95982     1.97981     3.91963
  108200      2.4449     2.21129     4.88979
  108300     2.34239     2.16444     4.68478
  108400     2.15127     2.07426     4.30255
  108500     2.09294     2.04594     4.18588
  108600     2.79465     2.36417      5.5893
  108700     3.82523     2.76595     7.65046
  108800     4.03771     2.84173     8.07542
  108900     5.06866     3.18392     10.1373
  109000     4.02254     2.83639     8.04509
  109100     3.15413     2.51162     6.30826
  109200     2.37474     2.17933     4.74948
  109300     3.37578     2.59838     6.75156
  109400     2.60344     2.28186     5.20688
  109500     2.26169     2.12682     4.52338
  109600     2.08436     2.04174     4.16872
  109700     1.71185     1.85032     3.42369
  109800     1.31796     1.62355     2.63592
  109900     1.69357     1.84042     3.38713
  110000     1.67905     1.83251     3.35811
  110100      1.9389     1.96921      3.8778
  110200     1.77286     1.88301     3.54572
  110300     2.60012      2.2804     5.20024
  110400     1.63133     1.80628     3.26265
  110500    0.886202     1.33132      1.7724
  110600     1.37674     1.65936     2.75348
  110700     1.34843     1.64221     2.69686
  110800     1.51257     1.73929     3.02515
  110900     1.98432     1.99214     3.96864
  111000     1.03617     1.43956     2.07233
  111100    0.460826    0.960027    0.921652
  111200    0.605964     1.10088     1.21193
  111300    0.728106     1.20674     1.45621
  111400     1.12309     1.49872     2.24618
  111500     1.12835     1.50223      2.2567
  111600      1.3337     1.63322     2.66741
  111700    0.898679     1.34066     1.79736
  111800     1.25972     1.58727     2.51944
  111900     1.37206     1.65654     2.74413
  112000     2.03397     2.01691     4.06793
  112100     1.67943     1.83272     3.35887
  112200     1.03792     1.44078     2.07584
  112300     1.23748      1.5732     2.47496
  112400    0.922077       1.358     1.84415
  112500    0.925334     1.36039     1.85067
  112600    0.619596     1.11319     1.23919
  112700    0.335235    0.818822     0.67047
  112800    0.378595    0.870167    0.757191
  112900    0.840859     1.29681     1.68172
  113000    0.612196     1.10652     1.22439
  113100     1.03637      1.4397     2.07274
  113200    0.946248     1.37568      1.8925
  113300    0.864492     1.31491     1.72898
  113400    0.736907     1.21401     1.47381
  113500    0.274524    0.740978    0.549048
  113600    0.252222    0.710242    0.504443
  113700    0.226501    0.673055    0.453003
  113800    0.151821    0.551037    0.303642
  113900    0.265549    0.728765    0.531098
  114000    0.344472    0.830027    0.688944
  114100    0.476312    0.976024    0.952623
  114200    0.388285    0.881232    0.776569
  114300    0.204806     0.64001    0.409613
  114400     0.21749     0.65953     0.43498
  114500   0.0314433    0.250772   0.0628867
  114600    0.103693    0.455396    0.207386
  114700   0.0166539    0.182504   0.0333079
  114800    0.155332    0.557372    0.310664
  114900  0.00897001     0.13394     0.01794
  115000 0.000175539   0.0187371 0.000351078
  115100 0.000178497   0.0188943 0.000356995
  115200   0.0928125    0.430842    0.185625
  115300    0.397595    0.891734     0.79519
  115400     1.02383     1.43097     2.04766
  115500    0.781028     1.24982     1.56206
  115600    0.905786     1.34595     1.81157
  115700     0.47374    0.973386     0.94748
  115800    0.499304    0.999303    0.998607
  115900    0.047604    0.308558   0.0952079
  116000   0.0567018    0.336754    0.113404
  116100    0.182112    0.603509    0.364224
  116200 0.000310379   -0.024915 0.000620759
  116300  0.00126698   0.0503384  0.00253395
  116400  0.00598509    0.109408   0.0119702
  116500   0.0661898     0.36384     0.13238
  116600   0.0832458    0.408034    0.166492
  116700   0.0391272     0.27974   0.0782545
  116800   0.0365146    0.270239   0.0730293
  116900    0.204044    0.638818    0.408089
  117000    0.183843    0.606372    0.367687
  117100    0.104139    0.456374    0.208277
  117200   0.0881515    0.419885    0.176303
  117300   0.0293832    0.242418   0.0587664
  117400   0.0477879    0.309153   0.0955757
  117500    0.197744    0.628878    0.395487
  117600    0.225029    0.670863    0.450058
  117700   0.0951715    0.436283    0.190343
  117800    0.355674    0.843414    0.711348
  117900    0.318941    0.798675    0.637882
  118000    0.279043    0.747051    0.558086
  118100    0.178723    0.597869    0.357447
  118200    0.178704    0.597836    0.357408
  118300 1.56253e-06 -0.00176778 3.12506e-06
  118400   0.0157799    0.177651   0.0315598
  118500    0.194836    0.624237    0.389672
  118600    0.339892     0.82449    0.679783
  118700    0.664808     1.15309     1.32962
  118800     1.17962     1.53598     2.35925
  118900     1.34823     1.64209     2.69647
  119000     1.09993     1.48319     2.19987
  119100     1.78733     1.89068     3.57467
  119200     2.16122     2.07905     4.32243
  119300      1.7198     1.85462      3.4396
  119400      1.4114     1.68012      2.8228
  119500     2.54244     2.25497     5.08489
  119600     3.58309     2.67697     7.16617
  119700     2.71701      2.3311     5.43402
  119800     2.31867     2.15345     4.63735
  119900     2.54248     2.25498     5.08495
  120000     3.92566     2.80202     7.85132
  120100     3.85993     2.77846     7.71986
  120200     2.87876     2.39948     5.75751
  120300     2.75808     2.34865     5.51616
  120400     3.29754     2.56809     6.59509
  120500     3.62469     2.69247     7.24938
  120600     2.75818     2.34869     5.51635
  120700     3.11723     2.49689     6.23447
  120800     5.27657     3.24856     10.5531
  120900     5.10747     3.19608     10.2149
  121000     5.66019     3.36458     11.3204
  121100     5.80103     3.40618     11.6021
  121200      4.6105     3.03661       9.221
  121300     4.17723     2.89041     8.35445
  121400     3.56529     2.67031     7.13058
  121500     3.77901     2.74919     7.55802
  121600     4.64284     3.04724     9.28567
  121700     3.30377     2.57051     6.60755
  121800     3.27359     2.55874     6.54717
  121900     3.09904     2.48959     6.19808
  122000     3.17095     2.51831     6.34189
  122100     2.28722     2.13879     4.57444
  122200     1.75993     1.87613     3.51985
  122300     1.73605     1.86336     3.47211
  122400    0.749816     1.22459     1.49963
  122500    0.601832     1.09712     1.20366
  122600    0.995647     1.41113     1.99129
  122700      1.1745     1.53264     2.34899
  122800     1.98165      1.9908      3.9633
  122900     1.81729     1.90646     3.63457
  123000      2.6701     2.31089      5.3402
  123100     3.79467     2.75487     7.58933
  123200      4.9015     3.13097       9.803
  123300     4.39115     2.96349     8.78229
  123400     4.06345     2.85077     8.12691
  123500     3.13735     2.50493      6.2747
  123600     2.87567      2.3982     5.75135
  123700     1.76284     1.87768     3.52567
  123800      2.5243     2.24691     5.04859
  123900      3.2774     2.56023     6.55479
  124000     3.39551     2.60596     6.79103
  124100     4.00941     2.83175     8.01882
  124200     3.15426     2.51168     6.30852
  124300     3.54314     2.66201     7.08629
  124400     3.31042      2.5731     6.62084
  124500     3.04343     2.46716     6.08686
  124600     2.76843     2.35305     5.53685
  124700     3.52569     2.65544     7.05138
  124800     3.13678     2.50471     6.27356
  124900     3.77765     2.74869     7.55529
  125000     4.03944     2.84234     8.07887
  125100     3.58828     2.67891     7.17657
  125200     3.87494     2.78386     7.74988
  125300     4.57541     3.02503     9.15081
  125400     4.13251      2.8749     8.26503
  125500     4.29952     2.93241     8.59905
  125600     3.77979     2.74947     7.55959
  125700     2.21536     2.10493     4.43072
  125800     3.33256     2.58169     6.66512
  125900      3.2748     2.55922     6.54959
  126000     3.30769     2.57204     6.61538
  126100     3.15037     2.51013     6.30074
  126200     2.61476     2.28682     5.22953
  126300     3.35009     2.58847     6.70018
  126400     2.04845     2.02408     4.09689
  126500     1.94076     1.97016     3.88152
  126600     1.13331     1.50553     2.26662
  126700     1.47579     1.71801     2.95157
  126800     1.75092     1.87132     3.50185
  126900     2.01219     2.00609     4.02438
  127000     1.92185     1.96054     3.84371
  127100     1.90423     1.95153     3.80845
  127200     2.73412     2.33843     5.46823
  127300     3.83066     2.76791     7.66131
  127400     3.26953     2.55716     6.53906
  127500     2.62792     2.29256     5.25584
  127600     1.80302     1.89896     3.60604
  127700     1.58534     1.78064     3.17068
  127800     1.33574     1.63447     2.67148
  127900     1.05073     1.44964     2.10145
  128000    0.770996     1.24177     1.54199
  128100    0.850386     1.30414     1.70077
  128200     1.46735     1.71309     2.93469
  128300    0.934335     1.36699     1.86867
  128400     1.70267     1.84536     3.40534
  128500     2.64415     2.29963     5.28829
  128600      1.4908     1.72673     2.98159
  128700     1.29944      1.6121     2.59887
  128800     1.87202     1.93495     3.74404
  128900     2.51595     2.24319      5.0319
  129000     2.54247     2.25498     5.08495
  129100     1.90424     1.95153     3.80849
  129200     3.02009     2.45768     6.04018
  129300      3.6732     2.71043     7.34641
  129400     4.32535     2.94121      8.6507
  129500     5.08268     3.18832     10.1654
  129600     5.01797     3.16795     10.0359
  129700     4.73046     3.07586     9.46091
  129800     5.10642     3.19575     10.2128
  129900     3.26773     2.55646     6.53546
  130000     3.06058      2.4741     6.12116
  130100     3.09907      2.4896     6.19813
  130200     2.40178      2.1917     4.80357
  130300     1.64134     1.81182     3.28268
  130400     1.43067     1.69155     2.86133
  130500     1.24689     1.57917     2.49378
  130600    0.811077     1.27364     1.62215
  130700     1.41556      1.6826     2.83113
  130800     1.53969     1.75482     3.07939
  130900    0.600918     1.09628     1.20184
  131000    0.297167    0.770931    0.594334
  131100     1.14875     1.51575      2.2975
  131200     2.72899     2.33623     5.45799
  131300     3.88407     2.78714     7.76814
  131400     3.17947     2.52169     6.35894
  131500     3.05368     2.47131     6.10736
  131600     2.55743     2.26161     5.11486
  131700     3.78006     2.74957     7.56013
  131800     2.67467     2.31287     5.34935
  131900     2.33232     2.15978     4.66464
  132000     1.61413     1.79674     3.22827
  132100     2.13408     2.06595     4.26817
  132200     1.27324     1.59577     2.54649
  132300    0.656897     1.14621     1.31379
  132400    0.193174    0.621569    0.386349
  132500    0.906501     1.34648       1.813
  132600     1.81243     1.90391     3.62486
  132700     2.49516      2.2339     4.99032
  132800      2.5886     2.27534     5.17719
  132900     3.11607     2.49642     6.23213
  133000     2.47035     2.22277     4.94071
  133100     2.19302     2.09429     4.38604
  133200     2.12836     2.06318     4.25672
  133300     1.60332     1.79071     3.20663
  133400     1.42938     1.69079     2.85876
  133500     1.39111       1.668     2.78222
  133600     1.56257     1.76781     3.12513
  133700     2.43067     2.20484     4.86134
  133800     2.82569     2.37726     5.65138
  133900     3.10789     2.49314     6.21577
  134000     2.90493     2.41037     5.80986
  134100     3.49446     2.64366     6.98892
  134200     4.03441     2.84057     8.06881
  134300      4.1333     2.87517     8.26661
  134400     3.77235     2.74676     7.54469
  134500     3.67245     2.71015     7.34491
  134600      3.8481      2.7742      7.6962
  134700     3.23647      2.5442     6.47294
  134800     3.95177     2.81132     7.90355
  134900     5.06566     3.18297     10.1313
  135000     4.19289     2.89582     8.38577
  135100     3.43256     2.62014     6.86511
  135200     3.37652     2.59866     6.75304
  135300     2.74671      2.3438     5.49342
  135400     3.13718     2.50487     6.27435
  135500     3.65641     2.70422     7.31281
  135600     3.63415     2.69598     7.26831
  135700     3.43626     2.62155     6.87253
  135800     3.36224     2.59316     6.72449
  135900     2.57491     2.26932     5.14981
  136000      2.8547     2.38944      5.7094
  136100      3.5583      2.6677      7.1166
  136200     3.50535     2.64777      7.0107
  136300     2.67359      2.3124     5.34717
  136400     1.97248     1.98619     3.94496
  136500     3.85173     2.77551     7.70346
  136600     3.72911     2.73097     7.45821
  136700     2.99852     2.44889     5.99704
  136800     3.49171     2.64262     6.98341
  136900     2.02023     2.01009     4.04045
  137000     2.40047     2.19111     4.80095
  137100     1.89298     1.94575     3.78596
  137200     1.56944     1.77169     3.13888
  137300    0.826483     1.28568     1.65297
  137400     1.25847     1.58649     2.51694
  137500    0.909788     1.34892     1.81958
  137600    0.508846     1.00881     1.01769
  137700    0.548325     1.04721     1.09665
  137800    0.475325    0.975013    0.950651
  137900    0.355879    0.843657    0.711757
  138000    0.107502    0.463684    0.215003
  138100    0.071517    0.378198    0.143034
  138200    0.308662      0.7857    0.617325
  138300    0.255212    0.714439    0.510424
  138400    0.198184    0.629577    0.396367
  138500    0.182042    0.603394    0.364084
  138600    0.187191    0.611868    0.374382
  138700     0.29915    0.773498    0.598299
  138800    0.294648    0.767656    0.589296
  138900    0.808755     1.27181     1.61751
  139000     1.21579     1.55935     2.43159
  139100    0.685941     1.17127     1.37188
  139200    0.467559    0.967015    0.935119
  139300    0.170203    0.583444    0.340406
  139400    0.229346    0.677268    0.458692
  139500    0.151323    0.550132    0.302645
  139600    0.161533    0.568389    0.323067
  139700    0.135089    0.519787    0.270178
  139800    0.247413    0.703439    0.494827
  139900    0.527894     1.02752     1.05579
  140000     1.12545      1.5003     2.25091
  140100     0.77782     1.24725     1.55564
  140200    0.283454    0.752932    0.566907
  140300    0.545306     1.04432     1.09061
  140400    0.615617     1.10961     1.23123
  140500    0.445555    0.943986    0.891109
  140600    0.418605    0.914992     0.83721
  140700   0.0941961    0.434042    0.188392
  140800    0.244806    0.699722    0.489611
  140900    0.307432    0.784132    0.614864
  141000    0.113067    0.475535    0.226133
  141100    0.039895    0.282471   0.0797899
  141200  0.00104908   0.0458057  0.00209816
  141300 2.65582e-05  -0.0072881 5.31164e-05
  141400   0.0230828   -0.214862   0.0461657
  141500    0.070098   -0.374428    0.140196
  141600   0.0430918     0.29357   0.0861835
  141700   0.0128798   -0.160498   0.0257596
  141800    0.149231   -0.546317    0.298462
  141900    0.192999   -0.621287    0.385997
  142000  0.00013535   -0.016453   0.0002707
  142100    0.077207    0.392955    0.154414
  142200   0.0176102    0.187671   0.0352204
  142300   0.0664866    0.364655    0.132973
  142400   0.0200749   -0.200374   0.0401497
  142500   0.0445616   -0.298535   0.0891231
  142600    0.345137   -0.830827    0.690274
  142700    0.494019   -0.994001    0.988037
  142800    0.592915    -1.08896     1.18583
  142900     1.00568    -1.41822     2.01136
  143000    0.630154    -1.12263     1.26031
  143100    0.496465   -0.996459    0.992931
  143200     1.01261    -1.42311     2.02523
  143300    0.917549    -1.35466      1.8351
  143400    0.478957   -0.978731    0.957913
  143500    0.397233   -0.891328    0.794466
  143600     0.94759    -1.37666     1.89518
  143700    0.903464    -1.34422     1.80693
  143800    0.610768    -1.10523     1.22154
  143900     0.37618   -0.867387     0.75236
  144000    0.303529    -0.77914    0.607059
  144100    0.133594   -0.516901    0.267187
  144200  0.00547728   -0.104664   0.0109546
  144300   0.0717149   -0.378721     0.14343
  144400    0.154165   -0.555275     0.30833
  144500   0.0320649   -0.253239   0.0641298
  144600   0.0210921   -0.205388   0.0421843
  144700  0.00146766   0.0541786  0.00293532
  144800  0.00388818   0.0881837  0.00777636
  144900  0.00411836   0.0907564  0.00823672
  145000   0.0641983   -0.358325    0.128397
  145100     0.15241   -0.552105     0.30482
  145200    0.274772   -0.741312    0.549544
  145300    0.178287   -0.597138    0.356573
  145400    0.395977   -0.889918    0.791955
  145500   0.0356949   -0.267189   0.0713898
  145600   0.0933442   -0.432075    0.186688
  145700    0.115246   -0.480096    0.230492
  145800    0.120442     -0.4908    0.240884
  145900    0.068354    -0.36974    0.136708
  146000    0.038474   -0.277395    0.076948
  146100    0.316181   -0.795212    0.632363
  146200    0.173155   -0.588481     0.34631
  146300 0.000328386   0.0256276 0.000656773
  146400  0.00181178    0.060196  0.00362356
  146500   0.0235442    0.216999   0.0470885
  146600   0.0442716    0.297562   0.0885432
  146700    0.003453   0.0831024  0.00690601
  146800   0.0241142     0.21961   0.0482284
  146900   0.0120691    0.155365   0.0241383
  147000    0.384988    0.877483    0.769976
  147100    0.513739     1.01365     1.02748
  147200    0.976764     1.39769     1.95353
  147300     1.06747     1.46115     2.13494
  147400     1.09522     1.48001     2.19044
  147500     1.37887     1.66064     2.75774
  147600     1.85508     1.92618     3.71016
  147700     1.76114     1.87678     3.52229
  147800      1.6174     1.79856     3.23481
  147900     1.27296     1.59559     2.54592
  148000    0.680768     1.16685     1.36154
  148100    0.840645     1.29665     1.68129
  148200       0.889     1.33342       1.778
  148300      1.1678     1.52827      2.3356
  148400      1.5898     1.78314      3.1796
  148500     1.32326     1.62682     2.64653
  148600     1.25215      1.5825      2.5043
  148700     1.09566     1.48031     2.19132
  148800     1.12505     1.50003      2.2501
  148900    0.976174     1.39726     1.95235
  149000    0.794997     1.26095     1.58999
  149100     1.08858     1.47552     2.17716
  149200     1.16276     1.52496     2.32551
  149300     1.71426     1.85162     3.42851
  149400     2.05974     2.02965     4.11949
  149500     1.59675     1.78703     3.19349
  149600     1.27289     1.59555     2.54577
  149700    0.599191     1.09471     1.19838
  149800     0.62712     1.11993     1.25424
  149900     1.03037     1.43553     2.06074
  150000     1.17617     1.53373     2.35234
  150100     0.78006     1.24905     1.56012
  150200    0.680521     1.16664     1.36104
  150300    0.781993     1.25059     1.56399
  150400    0.755261     1.22903     1.51052
  150500    0.838104     1.29468     1.67621
  150600     1.03611     1.43952     2.07223
  150700    0.705728     1.18805     1.41146
  150800    0.478487     0.97825    0.956973
  150900    0.925032     1.36017     1.85006
  151000     1.06535     1.45969      2.1307
  151100     1.12989     1.50326     2.25978
  151200     1.35573     1.64665     2.71147
  151300    0.846171      1.3009     1.69234
  151400    0.397781    0.891943    0.795563
  151500    0.207654    0.644444    0.415308
  151600    0.323115    0.803885     0.64623
  151700    0.132513    0.514807    0.265026
  151800   0.0401362    0.283324   0.0802724
  151900 0.000336729  -0.0259511 0.000673458
  152000   0.0445887    0.298626   0.0891774
  152100    0.311991    0.789925    0.623981
  152200    0.331516    0.814267    0.663031
  152300    0.465942    0.965342    0.931885
  152400    0.827256     1.28628     1.65451
  152500     0.43792    0.935863     0.87584
  152600    0.800069     1.26497     1.60014
  152700     1.06552     1.45981     2.13104
  152800    0.560221     1.05851     1.12044
  152900    0.950953      1.3791     1.90191
  153000    0.727223       1.206     1.45445
  153100     1.31901      1.6242     2.63803
  153200     1.99794     1.99897     3.99588
  153300     2.47906     2.22668     4.95812
  153400       1.228     1.56717     2.45601
  153500     1.81741     1.90652     3.63483
  153600     2.65867     2.30594     5.31735
  153700     2.41701     2.19864     4.83403
  153800     2.63867     2.29725     5.27735
  153900     3.89229     2.79009     7.78458
  154000     4.03462     2.84064     8.06923
  154100     3.34937     2.58819     6.69874
  154200       3.254     2.55108       6.508
  154300     3.31321     2.57418     6.62643
  154400     3.73528     2.73323     7.47056
  154500     3.31267     2.57397     6.62534
  154600     4.01668     2.83432     8.03336
  154700     4.25258     2.91636     8.50517
  154800     5.13779     3.20555     10.2756
  154900     6.71105     3.66362     13.4221
  155000     7.77216     3.94263     15.5443
  155100     6.81736     3.69252     13.6347
  155200     6.45883     3.59411     12.9177
  155300     6.67606     3.65405     13.3521
  155400     7.10112     3.76859     14.2022
  155500     6.47355     3.59821     12.9471
  155600     5.78311     3.40092     11.5662
  155700     5.57839     3.34018     11.1568
  155800      5.3684     3.27671     10.7368
  155900      4.4183     2.97264     8.83661
  156000     4.87123     3.12129     9.74246
  156100     4.44286     2.98089     8.88571
  156200     4.68522     3.06112     9.37043
  156300     4.42471      2.9748     8.84941
  156400     3.82823     2.76703     7.65646
  156500     3.45089     2.62712     6.90178
  156600     3.89219     2.79005     7.78438
  156700     3.09686     2.48872     6.19373
  156800      2.6921     2.32039      5.3842
  156900      3.8659     2.78061     7.73181
  157000     2.58697     2.27463     5.17394
  157100     2.91934     2.41634     5.83869
  157200     3.01209     2.45442     6.02418
  157300     1.76866     1.88078     3.53732
  157400     1.75959     1.87595     3.51919
  157500     1.23965     1.57458     2.47931
  157600     1.53893     1.75438     3.07785
  157700     1.22751     1.56685     2.45503
  157800     2.27125     2.13131      4.5425
  157900     1.73517     1.86289     3.47035
  158000     2.52676       2.248     5.05352
  158100     1.83197     1.91414     3.66394
  158200     1.54376     1.75714     3.08753
  158300     2.51772     2.24398     5.03544
  158400     3.13025      2.5021      6.2605
  158500     1.90801     1.95347     3.81603
  158600     1.47239     1.71603     2.94477
  158700     3.16812     2.51719     6.33623
  158800     3.99004      2.8249     7.98008
  158900     4.29526     2.93096     8.59051
  159000     4.16314     2.88553     8.32628
  159100       4.903     3.13145     9.80599
  159200     5.08976     3.19054     10.1795
  159300     6.16514     3.51145     12.3303
  159400     7.27793     3.81521     14.5559
  159500     8.20592     4.05115     16.4118
  159600     9.01233     4.24555     18.0247
  159700     8.96633      4.2347     17.9327
  159800     10.4654     4.57502     20.9308
  159900     10.2736     4.53291     20.5472
  160000     9.93798     4.45825      19.876
  160100     7.85906     3.96461     15.7181
  160200      8.2149     4.05337     16.4298
  160300     8.40223     4.09933     16.8045
  160400     6.93468     3.72416     13.8694
  160500     5.95359     3.45068     11.9072
  160600     6.55501     3.62078       13.11
  160700     4.84302     3.11224     9.68603
  160800     4.60109     3.03351     9.20218
  160900     3.97135     2.81828     7.94269
  161000     2.97472     2.43915     5.94944
  161100     2.32588      2.1568     4.65177
  161200     3.54376     2.66224     7.08752
  161300     5.83695     3.41671     11.6739
  161400     5.90388     3.43624     11.8078
  161500     4.70611     3.06794     9.41223
  161600     5.35433     3.27241     10.7087
  161700     6.12915     3.50119     12.2583
  161800     4.14858     2.88048     8.29717
  161900     4.30596     2.93461     8.61191
  162000     3.91804      2.7993     7.83608
  162100      2.8358     2.38151      5.6716
  162200     2.52811      2.2486     5.05622
  162300     2.45264     2.21479     4.90529
  162400     3.28703     2.56399     6.57407
  162500     3.76492     2.74406     7.52984
  162600     3.49612     2.64428     6.99223
  162700     3.67113     2.70966     7.34225
  162800      2.7142     2.32989     5.42839
  162900      1.9918      1.9959      3.9836
  163000     2.85871     2.39111     5.71741
  163100     2.68881     2.31897     5.37761
  163200     3.92883     2.80315     7.85767
  163300     4.02292     2.83652     8.04584
  163400     3.59938     2.68305     7.19876
  163500     3.12803     2.50121     6.25606
  163600     3.44136     2.62349     6.88271
  163700     3.26124     2.55392     6.52249
  163800     2.78588     2.36046     5.57176
  163900      3.2517     2.55018      6.5034
  164000     3.53082     2.65738     7.06165
  164100     3.94919     2.81041     7.89839
  164200     4.81466     3.10312     9.62932
  164300     6.99882     3.74134     13.9976
  164400     6.02182      3.4704     12.0436
  164500     5.31312     3.25979     10.6262
  164600     5.44503     3.30001     10.8901
  164700     4.60163     3.03369     9.20327
  164800     6.13423     3.50264     12.2685
  164900     6.59399     3.63153      13.188
  165000     6.39351     3.57589      12.787
  165100     5.83828      3.4171     11.6766
  165200     7.19371     3.79308     14.3874
  165300     7.21882     3.79969     14.4376
  165400     5.10552     3.19547      10.211
  165500     4.46142     2.98711     8.92283
  165600     3.62006     2.69075     7.24013
  165700     4.99839     3.16177     9.99678
  165800     5.43844     3.29801     10.8769
  165900     5.44558     3.30018     10.8912
  166000     4.85048     3.11464     9.70095
  166100     3.83665     2.77007      7.6733
  166200     5.30448     3.25714      10.609
  166300     5.52117       3.323     11.0423
  166400     4.47561     2.99186     8.95122
  166500     4.32907     2.94247     8.65814
  166600     3.59445     2.68121     7.18889
  166700     3.83084     2.76797     7.66168
  166800      3.4637     2.63199     6.92739
  166900     3.34502     2.58651     6.69003
  167000     3.57502     2.67396     7.15004
  167100     3.92068     2.80024     7.84136
  167200     3.28081     2.56157     6.56163
  167300     3.16496     2.51593     6.32992
  167400     1.90183      1.9503     3.80365
  167500     2.31449      2.1515     4.62897
  167600     2.55491     2.26049     5.10982
  167700     3.79386     2.75458     7.58771
  167800     2.86434     2.39347     5.72868
  167900     2.92016     2.41668     5.84032
  168000     3.39154     2.60444     6.78309
  168100      4.0722     2.85384     8.14439
  168200     6.21346     3.52518     12.4269
  168300     4.88265     3.12495      9.7653
  168400     4.75612     3.08419     9.51223
  168500     3.82136     2.76455     7.64273
  168600     5.59218      3.3443     11.1844
  168700      6.1861     3.51741     12.3722
  168800     6.72779     3.66819     13.4556
  168900     8.17372      4.0432     16.3474
  169000     9.73408     4.41227     19.4682
  169100     7.83951     3.95968      15.679
  169200     6.20797     3.52363     12.4159
  169300     5.99042     3.46133     11.9808
  169400     4.92723     3.13918     9.85447
  169500     4.73547     3.07749     9.47093
  169600     4.79794     3.09772     9.59588
  169700     3.10231     2.49091     6.20463
  169800     2.38164      2.1825     4.76329
  169900     1.80728      1.9012     3.61455
  170000     2.97148     2.43782     5.94297
  170100     3.55306     2.66573     7.10613
  170200     4.16177     2.88505     8.32354
  170300     5.10345     3.19482     10.2069
  170400     5.36674      3.2762     10.7335
  170500     6.87825     3.70898     13.7565
  170600     6.75229     3.67486     13.5046
  170700     7.89119      3.9727     15.7824
  170800     7.83546     3.95865     15.6709
  170900     9.42787     4.34232     18.8557
  171000     9.20024     4.28958     18.4005
  171100     8.33898     4.08387      16.678
  171200     7.53452     3.88189      15.069
  171300     8.22021     4.05468     16.4404
  171400     7.31044     3.82373     14.6209
  171500     6.48976     3.60271     12.9795
  171600     6.41217     3.58111     12.8243
  171700     5.89305     3.43309     11.7861
  171800     7.39428     3.84559     14.7886
  171900     5.61278     3.35046     11.2256
  172000      5.5335     3.32671      11.067
  172100     4.14364     2.87876     8.28727
  172200     4.48238     2.99412     8.96476
  172300     3.92638     2.80228     7.85277
  172400      2.7801     2.35801     5.56019
  172500     1.84118     1.91895     3.68237
  172600     1.16791     1.52834     2.33582
  172700    0.783369     1.25169     1.56674
  172800     0.79808     1.26339     1.59616
  172900    0.734596      1.2121     1.46919
  173000     0.51103     1.01097     1.02206
  173100    0.413053    0.908904    0.826106
  173200    0.273612    0.739746    0.547225
  173300    0.473666     0.97331    0.947332
  173400    0.440394    0.938503    0.880788
  173500    0.357279    0.845315    0.714558
  173600    0.669577     1.15722     1.33915
  173700    0.744763     1.22046     1.48953
  173800     1.08729     1.47465     2.17458
  173900       1.181     1.53688     2.36201
  174000     1.36677     1.65334     2.73353
  174100    0.869246     1.31852     1.73849
  174200    0.601638     1.09694     1.20328
  174300    0.461243    0.960461    0.922485
  174400     1.01124     1.42214     2.02248
  174500    0.875152     1.32299      1.7503
  174600    0.829904     1.28834     1.65981
  174700     1.79625     1.89539     3.59251
  174800     1.60459     1.79142     3.20918
  174900     1.70295     1.84551      3.4059
  175000     1.40776     1.67795     2.81552
  175100     1.47653     1.71844     2.95305
  175200     1.45437      1.7055     2.90873
  175300     1.55293     1.76235     3.10586
  175400     2.17509     2.08571     4.35018
  175500     2.04466     2.02221     4.08932
  175600     2.11028      2.0544     4.22056
  175700      3.0362     2.46422     6.07239
  175800     2.08043     2.03982     4.16085
  175900     2.05302     2.02634     4.10604
  176000     1.92643     1.96287     3.85286
  176100     1.75485     1.87342      3.5097
  176200     2.15636     2.07671     4.31273
  176300     1.99296     1.99648     3.98592
  176400      1.9793     1.98962      3.9586
  176500     1.65095     1.81711     3.30189
  176600     1.17813     1.53501     2.35626
  176700     1.83592      1.9162     3.67184
  176800     1.71052      1.8496     3.42104
  176900     1.58139     1.77842     3.16278
  177000     1.48992     1.72622     2.97984
  177100     1.94497      1.9723     3.88995
  177200     2.48098     2.22755     4.96196
  177300     2.89424     2.40593     5.78849
  177400     2.89213     2.40505     5.78426
  177500     3.38009     2.60003     6.76017
  177600     3.97328     2.81896     7.94655
  177700     3.88832     2.78866     7.77663
  177800     3.70993     2.72394     7.41987
  177900     3.63719     2.69711     7.27438
  178000     4.57123     3.02365     9.14247
  178100     5.49074     3.31383     10.9815
  178200     7.80737     3.95155     15.6147
  178300     7.32606     3.82781     14.6521
  178400     6.74104      3.6718     13.4821
  178500     8.71676     4.17535     17.4335
  178600     8.58017      4.1425     17.1603
  178700     8.42549     4.10499      16.851
  178800     8.18755     4.04662     16.3751
  178900     7.66963     3.91654     15.3393
  179000     8.12379     4.03083     16.2476
  179100     9.25389     4.30207     18.5078
  179200     8.29386      4.0728     16.5877
  179300     6.48322      3.6009     12.9664
  179400     5.92926     3.44362     11.8585
  179500     6.63319      3.6423     13.2664
  179600     5.18758     3.22105     10.3752
  179700     7.29159     3.81879     14.5832
  179800     6.39652     3.57674      12.793
  179900     6.17776     3.51504     12.3555
  180000     6.21887     3.52672     12.4377
  180100     7.10665     3.77005     14.2133
  180200     6.72757     3.66813     13.4551
  180300     5.09193     3.19121     10.1839
  180400     5.62745     3.35483     11.2549
  180500      6.1331     3.50231     12.2662
  180600      4.9737     3.15395      9.9474
  180700     5.92263     3.44169     11.8453
  180800     5.93697     3.44586     11.8739
  180900      7.2568     3.80967     14.5136
  181000     6.72153     3.66648     13.4431
  181100     8.07229     4.01803     16.1446
  181200     5.68071     3.37067     11.3614
  181300     6.23156     3.53031     12.4631
  181400     4.74335     3.08005      9.4867
  181500     5.32198     3.26251      10.644
  181600     5.06759     3.18358     10.1352
  181700     6.17774     3.51504     12.3555
  181800     5.97238     3.45612     11.9448
  181900     5.12944     3.20295     10.2589
  182000     4.87668     3.12304     9.75337
  182100      5.1121     3.19753     10.2242
  182200     6.21477     3.52555     12.4295
  182300     5.25611     3.24225     10.5122
  182400     4.65536     3.05135     9.31072
  182500     4.41488     2.97149     8.82976
  182600     4.00679     2.83083     8.01359
  182700     4.84292     3.11221     9.68585
  182800     5.34506     3.26957     10.6901
  182900     6.50311     3.60641     13.0062
  183000     4.49209     2.99736     8.98417
  183100     4.59558     3.03169     9.19115
  183200     3.74731     2.73763     7.49461
  183300     3.39615      2.6062      6.7923
  183400     2.99904      2.4491     5.99807
  183500     2.00054     2.00027     4.00108
  183600      2.5585     2.26208     5.11699
  183700     2.55601     2.26098     5.11202
  183800     2.44939     2.21332     4.89878
  183900     2.51526     2.24288     5.03052
  184000     3.49295     2.64309     6.98591
  184100     3.92548     2.80196     7.85095
  184200     3.06851      2.4773     6.13703
  184300     3.85572     2.77695     7.71144
  184400     2.94174     2.42559     5.88348
  184500     2.30226     2.14581     4.60451
  184600       1.841     1.91885     3.68199
  184700      1.9449     1.97226      3.8898
  184800      2.6541     2.30395      5.3082
  184900     2.77637     2.35643     5.55275
  185000     3.25434     2.55121     6.50868
  185100       3.198     2.52903       6.396
  185200     3.02109     2.45808     6.04217
  185300     3.27726     2.56018     6.55451
  185400     2.71873     2.33184     5.43747
  185500     2.71109     2.32856     5.42218
  185600      3.0217     2.45833     6.04339
  185700     3.10938     2.49374     6.21876
  185800     2.66382     2.30817     5.32764
  185900     2.59125     2.27651     5.18249
  186000     3.08229     2.48286     6.16459
  186100     1.97999     1.98997     3.95999
  186200     1.39869     1.67254     2.79738
  186300     1.89238     1.94545     3.78476
  186400     2.19627     2.09584     4.39253
  186500     2.49437     2.23355     4.98874
  186600     2.52382     2.24669     5.04763
  186700     2.68272     2.31634     5.36543
  186800     2.60753     2.28365     5.21506
  186900     2.11492     2.05666     4.22984
  187000     2.46251     2.21924     4.92502
  187100     2.41536     2.19789     4.83072
  187200     2.24457     2.11876     4.48915
  187300     2.68548     2.31753     5.37095
  187400     3.10299     2.49118     6.20598
  187500     4.02186     2.83614     8.04371
  187600     4.38739     2.96223     8.77478
  187700     5.05908     3.18091     10.1182
  187800     5.55756     3.33393     11.1151
  187900     5.48392     3.31177     10.9678
  188000     3.82525     2.76596     7.65051
  188100     2.66793     2.30995     5.33585
  188200     1.17471     1.53278     2.34941
  188300     1.47964     1.72026     2.95929
  188400     1.52477     1.74629     3.04954
  188500     1.68151     1.83385     3.36302
  188600    0.849287     1.30329     1.69857
  188700    0.788934     1.25613     1.57787
  188800     1.34738     1.64157     2.69476
  188900     1.54674     1.75883     3.09349
  189000     1.64643     1.81463     3.29286
  189100      1.7453     1.86831     3.49059
  189200     1.68729     1.83701     3.37459
  189300     1.57898     1.77706     3.15795
  189400     1.39646      1.6712     2.79291
  189500     1.16081     1.52369     2.32162
  189600    0.888753     1.33323     1.77751
  189700      1.7273     1.85866     3.45461
  189800     1.48837     1.72533     2.97675
  189900     1.83373     1.91506     3.66746
  190000     2.43723     2.20782     4.87447
  190100     3.43553     2.62127     6.87107
  190200     2.59263     2.27712     5.18525
  190300      1.8615     1.92951       3.723
  190400     2.77871     2.35742     5.55742
  190500     2.31388     2.15122     4.62775
  190600     2.94738     2.42791     5.89476
  190700     3.23616     2.54408     6.47232
  190800     4.13976     2.87742     8.27953
  190900     4.72703     3.07475     9.45406
  191000     4.96034     3.14971     9.92067
  191100     5.29272     3.25353     10.5854
  191200      6.5302     3.61392     13.0604
  191300     6.12342     3.49955     12.2468
  191400     6.44173     3.58935     12.8835
  191500     6.31263      3.5532     12.6253
  191600     5.62264      3.3534     11.2453
  191700     5.51459     3.32102     11.0292
  191800     6.12492     3.49998     12.2498
  191900     5.89844     3.43466     11.7969
  192000     6.81363     3.69151     13.6273
  192100     7.01955     3.74688     14.0391
  192200     5.23242     3.23494     10.4648
  192300     5.24966     3.24027     10.4993
  192400     4.76341     3.08655     9.52682
  192500     3.89013     2.78931     7.78027
  192600     3.43929      2.6227     6.87858
  192700     3.76083     2.74256     7.52166
  192800     3.48986     2.64192     6.97972
  192900     2.06514     2.03231     4.13028
  193000     3.02215     2.45852      6.0443
  193100     2.85071     2.38777     5.70143
  193200     2.83384     2.38069     5.66767
  193300     3.86377     2.77984     7.72754
  193400     3.43689     2.62179     6.87379
  193500     3.33588     2.58297     6.67175
  193600     2.07444     2.03688     4.14889
  193700     1.29875     1.61168      2.5975
  193800     1.01043     1.42157     2.02086
  193900     1.20813     1.55443     2.41625
  194000    0.852247     1.30556     1.70449
  194100     1.03803     1.44085     2.07605
  194200     1.07688     1.46757     2.15376
  194300     1.02199     1.42968     2.04397
  194400     1.09945     1.48287     2.19889
  194500     1.59614     1.78669     3.19228
  194600     1.64823     1.81562     3.29646
  194700    0.876956     1.32435     1.75391
  194800     0.54354     1.04263     1.08708
  194900    0.785785     1.25362     1.57157
  195000    0.887868     1.33257     1.77574
  195100     0.56161     1.05982     1.12322
  195200      1.0882     1.47526      2.1764
  195300    0.812134     1.27447     1.62427
  195400    0.611597     1.10598     1.22319
  195500    0.589547     1.08586     1.17909
  195600    0.640058     1.13142     1.28012
  195700    0.180291    0.600485    0.360582
  195800   0.0140882    0.167858   0.0281764
  195900 0.000346918   0.0263408 0.000693836
  196000    0.223118    0.668008    0.446235
  196100    0.379278    0.870951    0.758556
  196200    0.469374     0.96889    0.938748
  196300    0.601672     1.09697     1.20334
  196400    0.571366     1.06899     1.14273
  196500     1.29096     1.60683     2.58192
  196600    0.885862     1.33106     1.77172
  196700    0.817245     1.27847     1.63449
  196800    0.288224    0.759242    0.576449
  196900    0.130918    0.511699    0.261836
  197000    0.132495    0.514772     0.26499
  197100    0.110113    0.469282    0.220226
  197200     0.68372     1.16938     1.36744
  197300    0.789984     1.25697     1.57997
  197400    0.752249     1.22658      1.5045
  197500    0.336635     0.82053    0.673269
  197600    0.174805    0.591278    0.349609
  197700    0.272451    0.738175    0.544903
  197800    0.336782     0.82071    0.673565
  197900    0.209416    0.647172    0.418832
  198000    0.211289    0.650061    0.422579
  198100    0.569488     1.06723     1.13898
  198200   0.0693996    0.372558    0.138799
  198300  0.00491399   0.0991362  0.00982798
  198400  0.00147083    0.054237  0.00294165
  198500  0.00633222   -0.112536   0.0126644
  198600   0.0730902    0.382335     0.14618
  198700    0.165428    0.575201    0.330856
  198800    0.417186     0.91344    0.834373
  198900    0.436166    0.933987    0.872332
  199000    0.375775     0.86692    0.751551
  199100    0.546994     1.04594     1.09399
  199200    0.498384    0.998382    0.996767
  199300    0.892332     1.33591     1.78466
  199400     1.25558     1.58467     2.51117
  199500     1.18803     1.54145     2.37607
  199600     1.12754     1.50169     2.25509
  199700     1.09664     1.48098     2.19329
  199800    0.480557    0.980364    0.961114
  199900    0.987243     1.40516     1.97449
  200000     1.26586     1.59114     2.53171
