              0    0.000197111      -0.019855    0.000394222
            100      0.0112007       0.149671      0.0224014
            200      0.0208572      -0.204241      0.0417144
            300      0.0250826      -0.223976      0.0501652
            400       0.053374      -0.326723       0.106748
            500       0.139795      -0.528763        0.27959
            600       0.115862      -0.481378       0.231724
            700       0.136515      -0.522522       0.273029
            800       0.410084      -0.905631       0.820167
            900       0.432584      -0.930144       0.865168
           1000       0.401809      -0.896447       0.803617
           1100       0.274237      -0.740591       0.548475
           1200        0.53516       -1.03456        1.07032
           1300       0.427401      -0.924556       0.854803
           1400       0.754892       -1.22873        1.50978
           1500       0.797772       -1.26315        1.59554
           1600       0.954813       -1.38189        1.90963
           1700        1.27714       -1.59821        2.55428
           1800        1.91258        -1.9558        3.82516
           1900        1.68775       -1.83725         3.3755
           2000        1.13411       -1.50606        2.26823
           2100        1.34394       -1.63948        2.68788
           2200        1.91822       -1.95868        3.83643
           2300        2.58023       -2.27167        5.16046
           2400        2.08416       -2.04164        4.16831
           2500         1.5688       -1.77132        3.13759
           2600         1.9395       -1.96952          3.879
           2700        1.59426       -1.78564        3.18852
           2800        1.64902       -1.81605        3.29803
           2900        1.10835       -1.48886        2.21671
           3000       0.574914        -1.0723        1.14983
           3100        0.61829       -1.11202        1.23658
           3200        0.90517       -1.34549        1.81034
           3300       0.837319       -1.29408        1.67464
           3400        0.60953       -1.10411        1.21906
           3500        1.15007       -1.51662        2.30014
           3600          1.268       -1.59248          2.536
           3700         1.2169       -1.56006        2.43379
           3800         1.3083       -1.61759        2.61659
           3900        1.31766       -1.62337        2.63533
           4000        1.69556        -1.8415        3.39112
           4100        1.93826       -1.96889        3.87652
           4200        1.98511       -1.99254        3.97021
           4300        2.16234       -2.07958        4.32467
           4400        2.32626       -2.15697        4.65252
           4500        2.48729       -2.23037        4.97457
           4600         2.5225       -2.24611        5.04501
           4700        2.61848       -2.28844        5.23695
           4800        2.91273        -2.4136        5.82545
           4900        2.73648       -2.33944        5.47297
           5000        2.79768       -2.36545        5.59535
           5100        2.73721       -2.33975        5.47442
           5200         2.5058       -2.23866         5.0116
           5300        2.64709       -2.30091        5.29419
           5400        2.66642        -2.3093        5.33284
           5500        2.42561       -2.20255        4.85122
           5600        2.69194       -2.32032        5.38388
           5700         2.9508       -2.42932        5.90161
           5800         2.6096       -2.28456        5.21919
           5900        2.49369       -2.23325        4.98739
           6000        2.52353       -2.24657        5.04707
           6100         2.0814       -2.04029        4.16279
           6200        2.16005       -2.07848         4.3201
           6300        2.20189       -2.09852        4.40377
           6400        2.14651       -2.07196        4.29302
           6500        1.90101       -1.94987        3.80201
           6600        2.34045       -2.16354         4.6809
           6700        2.53454       -2.25146        5.06909
           6800        2.99299       -2.44663        5.98599
           6900        3.57892       -2.67541        7.15784
           7000        3.93599        -2.8057        7.87198
           7100        5.61761        -3.3519        11.2352
           7200        5.72053       -3.38246        11.4411
           7300        5.96367        -3.4536        11.9273
           7400        6.31605       -3.55417        12.6321
           7500        7.22952        -3.8025         14.459
           7600        7.10366       -3.76926        14.2073
           7700        8.52175       -4.12838        17.0435
           7800        8.36631       -4.09055        16.7326
           7900        7.51531       -3.87694        15.0306
           8000        7.36493       -3.83795        14.7299
           8100        5.78535       -3.40157        11.5707
           8200        6.60428       -3.63436        13.2086
           8300        6.54056       -3.61678        13.0811
           8400        6.21189       -3.52474        12.4238
           8500        7.72068       -3.92955        15.4414
           8600        7.28406       -3.81682        14.5681
           8700        7.02387       -3.74803        14.0477
           8800        6.99677        -3.7408        13.9935
           8900        6.77379        -3.6807        13.5476
           9000        7.68959       -3.92163        15.3792
           9100        7.53686       -3.88249        15.0737
           9200        8.49252       -4.12129         16.985
           9300        7.91828       -3.97952        15.8366
           9400        9.14493       -4.27666        18.2899
           9500        8.21763       -4.05404        16.4353
           9600        8.84196       -4.20523        17.6839
           9700        9.46454       -4.35076        18.9291
           9800        9.80267       -4.42779        19.6053
           9900        10.2527       -4.52828        20.5053
          10000        10.0505       -4.48341        20.1009
          10100        9.56374        -4.3735        19.1275
          10200        10.2103       -4.51892        20.4206
          10300        11.0482       -4.70067        22.0963
          10400        9.59877        -4.3815        19.1975
          10500        10.1484       -4.50521        20.2969
          10600        10.7447       -4.63566        21.4893
          10700         10.049       -4.48307        20.0979
          10800        9.26065       -4.30364        18.5213
          10900        9.20411       -4.29048        18.4082
          11000        8.65126       -4.15963        17.3025
          11100        7.53371       -3.88168        15.0674
          11200        8.51145       -4.12588        17.0229
          11300        8.02285       -4.00571        16.0457
          11400        8.92444       -4.22479        17.8489
          11500        9.46594       -4.35108        18.9319
          11600        8.05798       -4.01447         16.116
          11700        7.41982       -3.85222        14.8396
          11800        8.02196       -4.00549        16.0439
          11900        9.31074       -4.31526        18.6215
          12000         8.6004       -4.14738        17.2008
          12100        6.55804       -3.62161        13.1161
          12200        7.66677       -3.91581        15.3335
          12300        6.92117       -3.72053        13.8423
          12400        8.06249       -4.01559         16.125
          12500        7.81336       -3.95307        15.6267
          12600        7.41596       -3.85122        14.8319
          12700        6.95629       -3.72996        13.9126
          12800        7.46658       -3.86434        14.9332
          12900        5.69428        -3.3747        11.3886
          13000        5.71709       -3.38145        11.4342
          13100        5.65651       -3.36348         11.313
          13200          5.822       -3.41233         11.644
          13300        5.81898       -3.41145         11.638
          13400        6.83585       -3.69753        13.6717
          13500        6.88933       -3.71196        13.7787
          13600        6.56143       -3.62255        13.1229
          13700        6.11947       -3.49842        12.2389
          13800        4.69002       -3.06268        9.38003
          13900          4.494         -2.998          8.988
          14000        4.12336       -2.87171        8.24672
          14100        4.81995       -3.10482         9.6399
          14200        3.90604       -2.79501        7.81207
          14300        4.67113       -3.05651        9.34225
          14400         6.1394       -3.50411        12.2788
          14500        6.55431       -3.62058        13.1086
          14600        4.89599       -3.12921        9.79197
          14700        4.61183       -3.03705        9.22366
          14800        4.66117       -3.05325        9.32234
          14900        5.05034       -3.17816        10.1007
          15000        5.42361       -3.29351        10.8472
          15100        6.07611         -3.486        12.1522
          15200        5.62589       -3.35437        11.2518
          15300         5.3868       -3.28232        10.7736
          15400        5.90143       -3.43553        11.8029
          15500        5.26023       -3.24353        10.5205
          15600        5.20331       -3.22593        10.4066
          15700        5.50958       -3.31951        11.0192
          15800        4.12075        -2.8708         8.2415
          15900        3.87083       -2.78238        7.74165
          16000        2.90065       -2.40859        5.80131
          16100        1.85185        -1.9245         3.7037
          16200        1.05746       -1.45427        2.11492
          16300        1.83624       -1.91637        3.67249
          16400        1.22534       -1.56546        2.45067
          16500       0.968999       -1.39212          1.938
          16600       0.939156       -1.37051        1.87831
          16700       0.745119       -1.22075        1.49024
          16800       0.577407       -1.07462        1.15481
          16900       0.626734       -1.11958        1.25347
          17000       0.600653       -1.09604        1.20131
          17100       0.396786      -0.890826       0.793571
          17200       0.753925       -1.22795        1.50785
          17300       0.932429        -1.3656        1.86486
          17400        1.49584       -1.72965        2.99169
          17500         1.2747       -1.59668         2.5494
          17600        1.40944       -1.67895        2.81887
          17700        1.32409       -1.62733        2.64819
          17800        1.00927       -1.42076        2.01855
          17900       0.887754       -1.33248        1.77551
          18000       0.707983       -1.18994        1.41597
          18100       0.776602       -1.24628         1.5532
          18200       0.468604      -0.968095       0.937208
          18300       0.636998       -1.12871          1.274
          18400       0.517977       -1.01782        1.03595
          18500        0.46061      -0.959802       0.921219
          18600       0.437388      -0.935295       0.874777
          18700       0.526707       -1.02636        1.05341
          18800       0.633203       -1.12535        1.26641
          18900       0.400911      -0.895445       0.801821
          19000       0.609648       -1.10422         1.2193
          19100       0.700051       -1.18326         1.4001
          19200       0.637551        -1.1292         1.2751
          19300       0.615716        -1.1097        1.23143
          19400       0.576895       -1.07415        1.15379
          19500       0.792021       -1.25859        1.58404
          19600       0.715022       -1.19584        1.43004
          19700       0.566159        -1.0641        1.13232
          19800       0.470006      -0.969542       0.940011
          19900       0.219174      -0.662078       0.438347
          20000       0.486157       -0.98606       0.972314
          20100       0.440109        -0.9382       0.880219
          20200       0.299655      -0.774151        0.59931
          20300       0.485217      -0.985106       0.970435
          20400       0.573829       -1.07129        1.14766
          20500       0.570513       -1.06819        1.14103
          20600       0.606708       -1.10155        1.21342
          20700       0.573464       -1.07095        1.14693
          20800       0.937234       -1.36911        1.87447
          20900        1.25273       -1.58286        2.50546
          21000       0.909154       -1.34845        1.81831
          21100        1.27776        -1.5986        2.55551
          21200         1.2346       -1.57137         2.4692
          21300        1.95476       -1.97725        3.90953
          21400        1.97467        -1.9873        3.94935
          21500        1.69004        -1.8385        3.38008
          21600         1.1338       -1.50585        2.26759
          21700       0.747628       -1.22281        1.49526
          21800       0.515941       -1.01582        1.03188
          21900       0.921218       -1.35736        1.84244
          22000        1.03406        -1.4381        2.06812
          22100        0.72668       -1.20555        1.45336
          22200       0.691303       -1.17584        1.38261
          22300       0.989109       -1.40649        1.97822
          22400       0.986564       -1.40468        1.97313
          22500        1.15629       -1.52072        2.31258
          22600        1.20721       -1.55384        2.41442
          22700       0.797096       -1.26261        1.59419
          22800        1.15512       -1.51995        2.31025
          22900        1.41005       -1.67932        2.82011
          23000        1.54716       -1.75907        3.09432
          23100        1.03616       -1.43956        2.07232
          23200        0.93328       -1.36622        1.86656
          23300        1.40539       -1.67654        2.81078
          23400        0.82214        -1.2823        1.64428
          23500       0.738492       -1.21531        1.47698
          23600       0.643476       -1.13444        1.28695
          23700       0.685004       -1.17047        1.37001
          23800        1.44782       -1.70166        2.89564
          23900        1.20646       -1.55336        2.41292
          24000        1.92084       -1.96002        3.84169
          24100        1.77747       -1.88546        3.55495
          24200        1.63715        -1.8095        3.27431
          24300        1.26157       -1.58844        2.52313
          24400        1.67079         -1.828        3.34159
          24500        1.52602       -1.74701        3.05203
          24600        1.49039       -1.72649        2.98078
          24700        1.81158       -1.90346        3.62317
          24800         1.6004       -1.78908         3.2008
          24900        1.93803       -1.96877        3.87605
          25000        1.24862       -1.58026        2.49723
          25100       0.840496       -1.29653        1.68099
          25200       0.919072       -1.35578        1.83814
          25300       0.561217       -1.05945        1.12243
          25400       0.476349      -0.976063       0.952699
          25500        0.45284      -0.951673       0.905681
          25600       0.659827       -1.14876        1.31965
          25700        0.65779       -1.14699        1.31558
          25800       0.351855      -0.838875       0.703711
          25900       0.443415      -0.941717       0.886831
          26000       0.598011       -1.09363        1.19602
          26100       0.869705       -1.31887        1.73941
          26200       0.588712       -1.08509        1.17742
          26300        0.40665      -0.901831       0.813299
          26400        0.25914      -0.719917        0.51828
          26500       0.265359      -0.728504       0.530717
          26600       0.467346      -0.966794       0.934691
          26700       0.324842      -0.806029       0.649683
          26800       0.175886      -0.593104       0.351772
          26900       0.102336      -0.452406       0.204671
          27000       0.198218      -0.629632       0.396436
          27100       0.246402      -0.702001       0.492805
          27200      0.0655188      -0.361991       0.131038
          27300       0.229747       -0.67786       0.459495
          27400       0.124712      -0.499424       0.249424
          27500       0.103429      -0.454815       0.206857
          27600       0.089676        -0.4235       0.179352
          27700      0.0165983       0.182199      0.0331966
          27800     0.00267547      0.0731502     0.00535095
          27900      0.0282276       0.237603      0.0564553
          28000     0.00898297       0.134037      0.0179659
          28100      0.0163654       0.180916      0.0327307
          28200    5.81629e-05      0.0107854    0.000116326
          28300      0.0559707      -0.334576       0.111941
          28400       0.225075      -0.670932        0.45015
          28500       0.148144      -0.544324       0.296289
          28600       0.375865      -0.867023       0.751729
          28700       0.189731      -0.616004       0.379461
          28800       0.284725       -0.75462       0.569451
          28900       0.456517      -0.955528       0.913034
          29000       0.722909       -1.20242        1.44582
          29100       0.545773       -1.04477        1.09155
          29200       0.230173      -0.678489       0.460347
          29300       0.524743       -1.02444        1.04949
          29400       0.498729      -0.998728       0.997457
          29500        0.51321       -1.01312        1.02642
          29600       0.406579      -0.901753       0.813158
          29700       0.233164      -0.682882       0.466327
          29800        0.18076      -0.601266       0.361521
          29900      0.0574625      -0.339006       0.114925
          30000      0.0833579      -0.408308       0.166716
          30100      0.0832619      -0.408073       0.166524
          30200      0.0685522      -0.370276       0.137104
          30300     0.00263102     -0.0725399     0.00526204
          30400     0.00701718      -0.118467      0.0140344
          30500      0.0060764       -0.11024      0.0121528
          30600     0.00522297       0.102205      0.0104459
          30700       0.106163       0.460788       0.212326
          30800      0.0326253       0.255442      0.0652505
          30900      0.0316883       0.251747      0.0633765
          31000     0.00709191       0.119096      0.0141838
          31100       0.175208       0.591959       0.350416
          31200       0.332547       0.815533       0.665094
          31300       0.385967       0.878598       0.771934
          31400       0.980305        1.40022        1.96061
          31500       0.784779        1.25282        1.56956
          31600       0.447753       0.946311       0.895505
          31700       0.334163       0.817512       0.668325
          31800        0.25724       0.717273       0.514481
          31900       0.180263       0.600438       0.360525
          32000       0.225142       0.671031       0.450283
          32100       0.517111        1.01697        1.03422
          32200        1.04004        1.44225        2.08008
          32300       0.672656        1.15988        1.34531
          32400       0.318253       0.797814       0.636507
          32500       0.686883        1.17208        1.37377
          32600       0.846152        1.30089         1.6923
          32700       0.573106        1.07061        1.14621
          32800       0.591474        1.08763        1.18295
          32900       0.609735         1.1043        1.21947
          33000       0.496872       0.996867       0.993745
          33100         1.1289         1.5026         2.2578
          33200        1.11871         1.4958        2.23742
          33300        1.21363        1.55797        2.42726
          33400       0.991494        1.40819        1.98299
          33500        1.11705        1.49469         2.2341
          33600       0.857053        1.30924        1.71411
          33700       0.716991        1.19749        1.43398
          33800       0.794727        1.26074        1.58945
          33900        1.35832        1.64823        2.71665
          34000        1.11105        1.49067         2.2221
          34100        1.28209        1.60131        2.56418
          34200        1.31426        1.62127        2.62851
          34300        1.07411        1.46568        2.14822
          34400       0.653771        1.14348        1.30754
          34500       0.560677        1.05894        1.12135
          34600       0.634615         1.1266        1.26923
          34700       0.292728       0.765151       0.585457
          34800       0.203152        0.63742       0.406304
          34900       0.307217       0.783859       0.614434
          35000       0.301167       0.776101       0.602333
          35100       0.301923       0.777075       0.603846
          35200       0.197071       0.627808       0.394143
          35300       0.122296       0.494562       0.244591
          35400     0.00393487      0.0887116     0.00786975
          35500      0.0103794      -0.144079      0.0207589
          35600      0.0506781      -0.318365       0.101356
          35700       0.088646      -0.421061       0.177292
          35800      0.0627682      -0.354311       0.125536
          35900      0.0660435      -0.363438       0.132087
          36000    2.72726e-06     0.00233549    5.45451e-06
          36100     0.00444327      0.0942685     0.00888654
          36200     0.00656228      -0.114562      0.0131246
          36300      0.0172434      -0.185706      0.0344868
          36400      0.0612228      -0.349922       0.122446
          36500      0.0417307      -0.288897      0.0834614
          36600     0.00327424      0.0809227     0.00654848
          36700      0.0139193       0.166849      0.0278386
          36800     0.00955619       0.138248      0.0191124
          36900      0.0511263        0.31977       0.102253
          37000      0.0458128       0.302697      0.0916255
          37100       0.031801       0.252194       0.063602
          37200      0.0839276       0.409701       0.167855
          37300      0.0976541       0.441937       0.195308
          37400      0.0345541       0.262885      0.0691083
          37500    0.000224232      -0.021177    0.000448464
          37600    0.000976176      0.0441854     0.00195235
          37700       0.005728       0.107033       0.011456
          37800       0.100844       0.449098       0.201689
          37900       0.168365       0.580285        0.33673
          38000       0.024174       0.219882      0.0483479
          38100      0.0519853       0.322445       0.103971
          38200      0.0316968       0.251781      0.0633936
          38300     0.00651672      -0.114164      0.0130334
          38400      0.0331433      -0.257462      0.0662865
          38500      0.0160775      -0.179318       0.032155
          38600     0.00846385      -0.130106      0.0169277
          38700    0.000511916     -0.0319974     0.00102383
          38800     0.00524745      -0.102445      0.0104949
          38900    0.000313534     -0.0250413    0.000627069
          39000     0.00706968       0.118909      0.0141394
          39100      0.0227055       0.213099       0.045411
          39200     0.00238664      0.0690889     0.00477328
          39300      0.0273188       0.233747      0.0546377
          39400      0.0653532       0.361533       0.130706
          39500      0.0851035       0.412561       0.170207
          39600      0.0132901       0.163035      0.0265803
          39700       0.102325       0.452382        0.20465
          39800      0.0266078       0.230685      0.0532155
          39900     0.00115514     -0.0480653     0.00231027
          40000      0.0522769      -0.323348       0.104554
          40100       0.182859      -0.604745       0.365717
          40200        0.24724      -0.703192       0.494479
          40300       0.426886      -0.923998       0.853772
          40400       0.430753      -0.928173       0.861506
          40500       0.524611       -1.02432        1.04922
          40600        0.55188        -1.0506        1.10376
          40700       0.423558      -0.920389       0.847116
          40800       0.605442        -1.1004        1.21088
          40900       0.598229       -1.09383        1.19646
          41000        1.06853       -1.46187        2.13705
          41100        1.03044       -1.43558        2.06088
          41200        1.53336        -1.7512        3.06671
          41300        1.21356       -1.55792        2.42712
          41400         1.2878       -1.60487         2.5756
          41500        1.47855       -1.71962        2.95709
          41600        1.39183       -1.66843        2.78365
          41700        1.76409       -1.87834        3.52818
          41800        2.54567        -2.2564        5.09134
          41900         2.3225       -2.15523          4.645
          42000        1.95267       -1.97619        3.90535
          42100        1.54719       -1.75909        3.09439
          42200        1.45267        -1.7045        2.90534
          42300        2.15274       -2.07497        4.30549
          42400        2.76723       -2.35254        5.53447
          42500        2.46542       -2.22055        4.93084
          42600        3.61868       -2.69023        7.23736
          42700         3.8808       -2.78597        7.76161
          42800         3.3845       -2.60173          6.769
          42900          3.326       -2.57915        6.65201
          43000         3.0445       -2.46759        6.08901
          43100        3.12356       -2.49942        6.24711
          43200        2.26409       -2.12795        4.52818
          43300        2.11121       -2.05485        4.22242
          43400        2.10714       -2.05287        4.21428
          43500        2.08173       -2.04046        4.16347
          43600        2.14925       -2.07328        4.29849
          43700        1.94435       -1.97198        3.88869
          43800        1.56155       -1.76723         3.1231
          43900        1.54859       -1.75988        3.09718
          44000       0.932235       -1.36546        1.86447
          44100       0.773145        -1.2435        1.54629
          44200        1.14716        -1.5147        2.29431
          44300        0.84763       -1.30202        1.69526
          44400        1.48598       -1.72394        2.97197
          44500        1.06532       -1.45967        2.13064
          44600         1.0433       -1.44451         2.0866
          44700       0.684343       -1.16991        1.36869
          44800       0.809824       -1.27265        1.61965
          44900        0.82462       -1.28423        1.64924
          45000        1.05525       -1.45276        2.11051
          45100        1.35541       -1.64646        2.71082
          45200        1.43819       -1.69599        2.87638
          45300        1.22295       -1.56394        2.44589
          45400       0.989974       -1.40711        1.97995
          45500       0.787552       -1.25503         1.5751
          45600       0.417945      -0.914271       0.835891
          45700       0.231987      -0.681156       0.463973
          45800       0.169655      -0.582503        0.33931
          45900       0.396384      -0.890375       0.792767
          46000       0.246857      -0.702647       0.493713
          46100       0.179045      -0.598407       0.358091
          46200       0.161656      -0.568606       0.323313
          46300       0.106242       -0.46096       0.212484
          46400      0.0671844      -0.366564       0.134369
          46500       0.158774      -0.563514       0.317548
          46600       0.126927      -0.503839       0.253854
          46700       0.261871        -0.7237       0.523742
          46800       0.283833      -0.753436       0.567666
          46900       0.242837      -0.696904       0.485675
          47000        0.10004      -0.447302       0.200079
          47100       0.129401      -0.508725       0.258801
          47200      0.0634949      -0.356356        0.12699
          47300      0.0148772       0.172494      0.0297543
          47400     0.00315264     -0.0794058     0.00630527
          47500    0.000463278      0.0304394    0.000926555
          47600     0.00363191       0.085228     0.00726382
          47700     0.00135133     -0.0519872     0.00270267
          47800      0.0919409      -0.428814       0.183882
          47900      0.0300637      -0.245209      0.0601275
          48000      0.0286544      -0.239393      0.0573088
          48100      0.0867317      -0.416489       0.173463
          48200      0.0934416        -0.4323       0.186883
          48300       0.073014      -0.382136       0.146028
          48400      0.0612789      -0.350083       0.122558
          48500       0.182927      -0.604859       0.365854
          48600       0.191429      -0.618756       0.382859
          48700       0.232451      -0.681838       0.464902
          48800       0.155247      -0.557221       0.310495
          48900       0.338663      -0.822998       0.677325
          49000       0.573751       -1.07122         1.1475
          49100       0.871966       -1.32058        1.74393
          49200       0.385072      -0.877579       0.770144
          49300       0.565209       -1.06321        1.13042
          49400       0.471331      -0.970907       0.942661
          49500       0.294474       -0.76743       0.588948
          49600       0.226423      -0.672938       0.452846
          49700        1.08151       -1.47072        2.16302
          49800        1.51297       -1.73952        3.02595
          49900        1.65684       -1.82035        3.31367
          50000        1.81795        -1.9068         3.6359
          50100        1.57502       -1.77483        3.15004
          50200        2.05952       -2.02954        4.11904
          50300        1.71158       -1.85018        3.42317
          50400        1.75184       -1.87181        3.50368
          50500        1.54066       -1.75537        3.08131
          50600        2.04454       -2.02215        4.08907
          50700        1.61518       -1.79732        3.23036
          50800        2.79169       -2.36292        5.58337
          50900        1.93965       -1.96959         3.8793
          51000         1.5992       -1.78841         3.1984
          51100        1.57548       -1.77509        3.15095
          51200        2.03358       -2.01672        4.06715
          51300        1.71857       -1.85395        3.43714
          51400         1.9518       -1.97576        3.90361
          51500        1.92564       -1.96247        3.85128
          51600        2.34518       -2.16572        4.69035
          51700        3.25781       -2.55257        6.51563
          51800         3.1305        -2.5022        6.26099
          51900        2.37895       -2.18126         4.7579
          52000        1.86938       -1.93359        3.73876
          52100        2.53874       -2.25333        5.07748
          52200        2.98467       -2.44322        5.96934
          52300        2.98906       -2.44502        5.97813
          52400        2.17078       -2.08364        4.34156
          52500        2.74017       -2.34101        5.48035
          52600        3.13298       -2.50319        6.26595
          52700        2.84954       -2.38727        5.69907
          52800        2.48738       -2.23042        4.97476
          52900        2.51726       -2.24377        5.03452
          53000        2.75675       -2.34808         5.5135
          53100        2.17712       -2.08668        4.35424
          53200        2.08382       -2.04148        4.16764
          53300        1.86609       -1.93188        3.73217
          53400        1.45233       -1.70431        2.90466
          53500        1.70232       -1.84517        3.40464
          53600        1.62302       -1.80168        3.24605
          53700         1.4496        -1.7027         2.8992
          53800       0.908547         -1.348        1.81709
          53900       0.863075       -1.31383        1.72615
          54000        1.05662        -1.4537        2.11323
          54100       0.502396       -1.00239        1.00479
          54200       0.761207       -1.23386        1.52241
          54300       0.819293       -1.28007        1.63859
          54400       0.807961       -1.27119        1.61592
          54500        0.70427       -1.18682        1.40854
          54600       0.684595       -1.17012        1.36919
          54700       0.951032       -1.37915        1.90206
          54800        1.58442       -1.78012        3.16884
          54900        1.71733       -1.85328        3.43466
          55000        1.69604       -1.84176        3.39208
          55100        1.53981       -1.75488        3.07962
          55200        2.51283        -2.2418        5.02566
          55300        2.81919       -2.37453        5.63838
          55400        2.76212       -2.35037        5.52424
          55500        2.98708       -2.44421        5.97415
          55600         2.9381       -2.42409         5.8762
          55700        2.46489       -2.22031        4.92977
          55800        2.30145       -2.14544         4.6029
          55900        1.38465       -1.66412        2.76929
          56000        1.09305       -1.47855        2.18611
          56100       0.783439       -1.25175        1.56688
          56200        1.01315       -1.42348        2.02631
          56300       0.771114       -1.24186        1.54223
          56400       0.930419       -1.36413        1.86084
          56500       0.593031       -1.08906        1.18606
          56600       0.954756       -1.38185        1.90951
          56700        1.07541       -1.46657        2.15082
          56800        1.02804        -1.4339        2.05608
          56900        1.08559       -1.47349        2.17117
          57000        1.08482       -1.47297        2.16964
          57100         1.0691       -1.46226         2.1382
          57200        1.55559       -1.76386        3.11119
          57300        1.77905       -1.88629         3.5581
          57400        1.38765       -1.66592         2.7753
          57500        1.70827       -1.84839        3.41655
          57600         2.3465       -2.16633          4.693
          57700        2.33683       -2.16186        4.67365
          57800         2.2046       -2.09981         4.4092
          57900        2.49331       -2.23308        4.98663
          58000        1.56228       -1.76764        3.12456
          58100        1.08962       -1.47622        2.17924
          58200        1.31785       -1.62348         2.6357
          58300        1.37251       -1.65681        2.74501
          58400        1.35942       -1.64889        2.71884
          58500         1.2113       -1.55647         2.4226
          58600        1.02754       -1.43355        2.05508
          58700        1.00487       -1.41765        2.00974
          58800         0.8053       -1.26909         1.6106
          58900       0.664789       -1.15307        1.32958
          59000       0.689909       -1.17466        1.37982
          59100       0.905428       -1.34568        1.81086
          59200        1.39682       -1.67142        2.79363
          59300        1.37691       -1.65946        2.75381
          59400        2.50531       -2.23844        5.01061
          59500        2.09932       -2.04906        4.19864
          59600        2.24187       -2.11748        4.48374
          59700        2.01544       -2.00771        4.03088
          59800        1.84453        -1.9207        3.68907
          59900        1.68511       -1.83582        3.37022
          60000        1.52261       -1.74506        3.04523
          60100        1.37605       -1.65894         2.7521
          60200        1.62442       -1.80246        3.24884
          60300        1.53434       -1.75177        3.06868
          60400        1.11149       -1.49097        2.22299
          60500       0.908458       -1.34793        1.81692
          60600        1.13564       -1.50707        2.27127
          60700        1.14323        -1.5121        2.28646
          60800       0.759419       -1.23241        1.51884
          60900        0.93418       -1.36688        1.86836
          61000       0.794658       -1.26068        1.58932
          61100       0.757121       -1.23055        1.51424
          61200       0.529988       -1.02955        1.05998
          61300       0.293893      -0.766671       0.587785
          61400       0.346355      -0.832292        0.69271
          61500       0.574785       -1.07218        1.14957
          61600       0.550479       -1.04926        1.10096
          61700       0.623827       -1.11698        1.24765
          61800       0.626689       -1.11954        1.25338
          61900       0.406533      -0.901702       0.813066
          62000       0.459981      -0.959147       0.919963
          62100       0.354891      -0.842486       0.709783
          62200       0.408589      -0.903979       0.817179
          62300       0.624371       -1.11747        1.24874
          62400       0.644814       -1.13562        1.28963
          62500        1.05731       -1.45418        2.11463
          62600        1.31092       -1.61921        2.62184
          62700        1.56599       -1.76974        3.13198
          62800        1.01529       -1.42498        2.03057
          62900        1.07605       -1.46701         2.1521
          63000       0.902012       -1.34314        1.80402
          63100        1.02573        -1.4323        2.05147
          63200        1.12286       -1.49857        2.24572
          63300        1.77661         -1.885        3.55323
          63400        1.92656       -1.96294        3.85313
          63500        2.30988       -2.14936        4.61975
          63600        2.66883       -2.31034        5.33767
          63700        2.74864       -2.34463        5.49727
          63800        2.82706       -2.37784        5.65411
          63900        2.92791       -2.41988        5.85582
          64000        2.31157       -2.15015        4.62314
          64100         2.3426       -2.16453         4.6852
          64200        2.50761       -2.23947        5.01522
          64300         3.6642        -2.7071        7.32839
          64400        4.29764       -2.93177        8.59527
          64500        3.63532       -2.69641        7.27063
          64600        3.68568       -2.71502        7.37135
          64700        4.46664       -2.98886        8.93329
          64800        4.11212       -2.86779        8.22425
          64900        3.97741       -2.82043        7.95483
          65000        4.18899       -2.89447        8.37798
          65100        4.61818       -3.03914        9.23636
          65200        5.13659       -3.20518        10.2732
          65300        5.05367        -3.1792        10.1073
          65400          4.431       -2.97691          8.862
          65500        5.00442       -3.16367        10.0088
          65600        4.12923       -2.87375        8.25846
          65700        4.18834       -2.89425        8.37667
          65800        3.59464       -2.68128        7.18928
          65900        2.93496       -2.42279        5.86993
          66000        3.53283       -2.65813        7.06566
          66100         2.8939       -2.40579         5.7878
          66200        3.82196       -2.76476        7.64392
          66300        3.78211       -2.75031        7.56423
          66400         3.9923        -2.8257         7.9846
          66500         3.3778       -2.59916        6.75561
          66600        3.90194       -2.79354        7.80387
          66700        3.47141       -2.63492        6.94283
          66800         3.9873       -2.82393         7.9746
          66900        4.06438        -2.8511        8.12875
          67000        4.26758        -2.9215        8.53516
          67100        3.24819        -2.5488        6.49638
          67200        3.73126       -2.73176        7.46252
          67300        4.66806       -3.05551        9.33613
          67400        5.22839       -3.23369        10.4568
          67500        4.96358       -3.15074        9.92716
          67600        4.35944       -2.95277        8.71888
          67700           2.88           -2.4           5.76
          67800        2.93904       -2.42447        5.87807
          67900        3.99519       -2.82673        7.99039
          68000        4.28814       -2.92853        8.57629
          68100        4.70464       -3.06746        9.40929
          68200        5.14151       -3.20672         10.283
          68300        4.95759       -3.14884        9.91517
          68400        4.80125       -3.09879         9.6025
          68500        4.86579       -3.11955        9.73158
          68600        5.19084       -3.22206        10.3817
          68700        4.85836       -3.11716        9.71671
          68800        4.26668       -2.92119        8.53335
          68900        4.01067        -2.8322        8.02133
          69000        3.73978       -2.73488        7.47956
          69100        3.48338       -2.63946        6.96677
          69200        3.28853       -2.56458        6.57706
          69300        2.82824       -2.37834        5.65648
          69400        2.90472       -2.41028        5.80944
          69500        3.67891       -2.71253        7.35782
          69600        3.05748       -2.47285        6.11497
          69700         2.1512       -2.07422        4.30241
          69800         2.7367       -2.33953         5.4734
          69900        2.62042       -2.28929        5.24085
          70000        2.52096       -2.24542        5.04193
          70100        2.80697       -2.36937        5.61393
          70200        2.41196       -2.19634        4.82392
          70300        2.37466        -2.1793        4.74933
          70400        1.98539       -1.99268        3.97078
          70500        2.06246       -2.03099        4.12491
          70600        2.37928       -2.18141        4.75856
          70700         3.2974       -2.56803         6.5948
          70800         2.6606       -2.30677        5.32119
          70900        2.04505        -2.0224         4.0901
          71000        2.40624       -2.19374        4.81249
          71100        1.82854       -1.91235        3.65708
          71200        1.37209       -1.65656        2.74418
          71300        1.74408       -1.86766        3.48815
          71400        1.35254       -1.64471        2.70507
          71500        1.12165       -1.49776         2.2433
          71600        1.35576       -1.64667        2.71152
          71700        1.50253       -1.73351        3.00506
          71800         1.4593       -1.70839         2.9186
          71900        1.45181         -1.704        2.90361
          72000        1.98209       -1.99103        3.96418
          72100        1.90232       -1.95055        3.80464
          72200        1.70801       -1.84825        3.41602
          72300         1.9807       -1.99033        3.96139
          72400        1.80993       -1.90259        3.61987
          72500        1.66682       -1.82582        3.33363
          72600        1.98391       -1.99194        3.96782
          72700        1.65116       -1.81723        3.30232
          72800        1.89718       -1.94791        3.79435
          72900        2.25374       -2.12308        4.50747
          73000        1.58693       -1.78153        3.17386
          73100        2.08078       -2.03999        4.16156
          73200        2.18351       -2.08974        4.36703
          73300        2.44241       -2.21017        4.88483
          73400         2.1292       -2.06359        4.25839
          73500        2.01798       -2.00897        4.03595
          73600        1.71593       -1.85253        3.43187
          73700        1.54701       -1.75898        3.09402
          73800        2.07181       -2.03559        4.14361
          73900        2.32686       -2.15725        4.65373
          74000        3.52291       -2.65439        7.04581
          74100        3.36714       -2.59505        6.73428
          74200        4.02763       -2.83818        8.05525
          74300        3.76055       -2.74246        7.52111
          74400        4.19293       -2.89584        8.38587
          74500        3.69176       -2.71726        7.38351
          74600        3.54266       -2.66183        7.08532
          74700        3.91046       -2.79659        7.82092
          74800        4.70022       -3.06601        9.40044
          74900         4.5074       -3.00247        9.01481
          75000        4.82326       -3.10589        9.64652
          75100        4.85993       -3.11767        9.71985
          75200        4.39728       -2.96556        8.79455
          75300        3.54495       -2.66269        7.08989
          75400         3.4045       -2.60941        6.80901
          75500        4.62746       -3.04219        9.25493
          75600        5.42013       -3.29246        10.8403
          75700        5.28116       -3.24997        10.5623
          75800        5.00697       -3.16448        10.0139
          75900         5.8008       -3.40611        11.6016
          76000        5.30432       -3.25709        10.6086
          76100        5.06168       -3.18172        10.1234
          76200        5.25388       -3.24157        10.5078
          76300        4.91622       -3.13567        9.83243
          76400        5.36334       -3.27516        10.7267
          76500        5.93059       -3.44401        11.8612
          76600        5.12848       -3.20265         10.257
          76700        4.22279       -2.90613        8.44558
          76800        4.16532       -2.88629        8.33065
          76900        4.68014       -3.05946        9.36027
          77000        5.40305       -3.28726        10.8061
          77100        4.11242        -2.8679        8.22484
          77200        4.21655       -2.90398         8.4331
          77300        3.90393       -2.79425        7.80785
          77400        4.06697       -2.85201        8.13394
          77500        3.97535        -2.8197         7.9507
          77600        3.33545       -2.58281        6.67091
          77700        3.54036       -2.66096        7.08072
          77800         4.0197       -2.83538        8.03941
          77900         3.2272       -2.54055         6.4544
          78000        2.03534       -2.01759        4.07068
          78100        2.70336       -2.32524        5.40672
          78200        2.43413       -2.20641        4.86826
          78300        2.78578       -2.36042        5.57156
          78400        3.08679       -2.48467        6.17358
          78500        3.11762       -2.49704        6.23523
          78600        2.96417       -2.43482        5.92834
          78700        3.44896       -2.62639        6.89792
          78800        3.18095       -2.52228        6.36191
          78900        2.91654       -2.41518        5.83309
          79000        3.27128       -2.55784        6.54257
          79100        2.21453       -2.10454        4.42907
          79200        3.08236       -2.48288        6.16472
          79300        3.34117       -2.58502        6.68234
          79400        3.32566       -2.57901        6.65132
          79500        3.76052       -2.74245        7.52103
          79600        3.61948       -2.69053        7.23895
          79700        3.83429       -2.76922        7.66858
          79800         3.3818       -2.60069        6.76359
          79900        3.12819       -2.50128        6.25638
          80000        3.31939       -2.57658        6.63879
          80100        3.84117        -2.7717        7.68235
          80200        4.72349       -3.07359        9.44698
          80300        5.34173       -3.26856        10.6835
          80400        5.52067       -3.32285        11.0413
          80500        4.58724       -3.02894        9.17447
          80600        3.62009       -2.69076        7.24018
          80700        3.56315       -2.66951        7.12629
          80800        3.87717       -2.78466        7.75434
          80900        4.17763       -2.89055        8.35526
          81000          4.159       -2.88409          8.318
          81100        3.97083       -2.81809        7.94166
          81200        4.37976       -2.95965        8.75952
          81300        4.55015       -3.01667         9.1003
          81400        3.49098       -2.64234        6.98197
          81500        3.87124       -2.78253        7.74248
          81600        4.05918       -2.84927        8.11836
          81700         4.4447       -2.98151        8.88939
          81800        4.65598       -3.05155        9.31195
          81900        4.43527       -2.97835        8.87054
          82000        4.97543        -3.1545        9.95087
          82100        5.40442       -3.28768        10.8088
          82200        4.97979       -3.15588        9.95959
          82300        4.97862       -3.15551        9.95723
          82400        5.12719       -3.20225        10.2544
          82500        5.44628       -3.30039        10.8926
          82600        6.23618       -3.53162        12.4724
          82700        5.43845       -3.29802        10.8769
          82800        5.14039       -3.20636        10.2808
          82900        4.19683       -2.89718        8.39366
          83000        4.86187       -3.11829        9.72373
          83100        4.38571       -2.96166        8.77142
          83200        4.50806       -3.00269        9.01612
          83300        4.33633       -2.94494        8.67266
          83400         4.0612       -2.84998         8.1224
          83500        4.69183       -3.06327        9.38365
          83600        4.73856       -3.07849        9.47713
          83700        3.92594       -2.80212        7.85188
          83800        3.37057       -2.59637        6.74115
          83900        3.26296       -2.55459        6.52593
          84000        2.80015        -2.3665         5.6003
          84100        4.04637       -2.84478        8.09275
          84200        4.66363       -3.05405        9.32725
          84300        4.20695       -2.90067        8.41391
          84400        2.99743       -2.44844        5.99486
          84500        2.61095       -2.28515         5.2219
          84600        3.59915       -2.68296         7.1983
          84700        2.93888       -2.42441        5.87776
          84800         2.5726        -2.2683        5.14521
          84900        2.20288       -2.09899        4.40577
          85000        2.73898        -2.3405        5.47795
          85100         3.4601       -2.63063        6.92019
          85200        5.38562       -3.28196        10.7712
          85300        4.88901       -3.12698        9.77802
          85400        4.30177       -2.93318        8.60354
          85500        3.64539       -2.70014        7.29078
          85600        4.31345       -2.93716         8.6269
          85700        4.09213       -2.86082        8.18426
          85800        4.33446        -2.9443        8.66892
          85900        3.94639       -2.80941        7.89278
          86000        4.04594       -2.84462        8.09187
          86100        3.84477         -2.773        7.68954
          86200         4.2119       -2.90238        8.42379
          86300        4.60396       -3.03445        9.20791
          86400        4.88643       -3.12616        9.77286
          86500        4.83275       -3.10894         9.6655
          86600        4.85629        -3.1165        9.71258
          86700        4.92913       -3.13979        9.85825
          86800        4.60839       -3.03592        9.21679
          86900        4.37306       -2.95738        8.74612
          87000        4.75521        -3.0839        9.51043
          87100        4.75806       -3.08482        9.51611
          87200        5.69118       -3.37377        11.3824
          87300        5.11935        -3.1998        10.2387
          87400        4.32258       -2.94026        8.64516
          87500        4.59531        -3.0316        9.19062
          87600        4.88087       -3.12438        9.76173
          87700        4.73423       -3.07709        9.46847
          87800        5.14261       -3.20706        10.2852
          87900        4.87093       -3.12119        9.74185
          88000        4.97682       -3.15494        9.95364
          88100         4.5624       -3.02073         9.1248
          88200        4.65785       -3.05216        9.31571
          88300        5.60318       -3.34759        11.2064
          88400        4.87465       -3.12239         9.7493
          88500        4.82856       -3.10759        9.65712
          88600        4.71142       -3.06966        9.42283
          88700        4.50016       -3.00005        9.00031
          88800        4.01284       -2.83296        8.02567
          88900         4.2318       -2.90923        8.46359
          89000        3.99674       -2.82727        7.99347
          89100        4.30913       -2.93569        8.61827
          89200        4.38198        -2.9604        8.76397
          89300        4.12331       -2.87169        8.24662
          89400        3.88071       -2.78593        7.76142
          89500        3.53735       -2.65983        7.07469
          89600        3.32291       -2.57795        6.64581
          89700        2.48166       -2.22785        4.96331
          89800        2.40707       -2.19411        4.81414
          89900        2.67046       -2.31104        5.34091
          90000        2.58055       -2.27181         5.1611
          90100        2.60345       -2.28186        5.20689
          90200        2.80162       -2.36711        5.60323
          90300        3.61012       -2.68705        7.22024
          90400        2.30251       -2.14593        4.60502
          90500        1.78498       -1.88943        3.56996
          90600        2.61859       -2.28849        5.23717
          90700        3.11211       -2.49484        6.22423
          90800        3.14486       -2.50793        6.28972
          90900         3.9238       -2.80136        7.84759
          91000        3.22146       -2.53829        6.44292
          91100        2.70498       -2.32593        5.40995
          91200        2.61578       -2.28726        5.23156
          91300         3.8461       -2.77348        7.69221
          91400        3.43623       -2.62154        6.87247
          91500        3.76948       -2.74572        7.53896
          91600        4.17555       -2.88983        8.35111
          91700        3.20394       -2.53138        6.40787
          91800        2.99022       -2.44549        5.98044
          91900        2.89954       -2.40813        5.79909
          92000        4.00834       -2.83137        8.01667
          92100        3.88728       -2.78829        7.77456
          92200        4.07211       -2.85381        8.14422
          92300        4.73696       -3.07797        9.47393
          92400        4.56035       -3.02005        9.12071
          92500        4.25374       -2.91676        8.50747
          92600         4.0768       -2.85545         8.1536
          92700        4.50737       -3.00245        9.01473
          92800        4.15048       -2.88114        8.30095
          92900        4.60118       -3.03354        9.20237
          93000        4.11824       -2.86993        8.23649
          93100        4.22831       -2.90803        8.45662
          93200        4.86511       -3.11933        9.73022
          93300        4.60819       -3.03585        9.21639
          93400        4.01091       -2.83228        8.02182
          93500        3.75671       -2.74106        7.51342
          93600        3.31317       -2.57417        6.62634
          93700        3.22756       -2.54069        6.45513
          93800        3.15639       -2.51252        6.31277
          93900        3.04741       -2.46877        6.09481
          94000        2.45568       -2.21616        4.91136
          94100        2.89975       -2.40822        5.79951
          94200         3.6397       -2.69803        7.27939
          94300        3.47539       -2.63643        6.95079
          94400        3.88926         -2.789        7.77851
          94500        4.31216       -2.93672        8.62433
          94600        4.44138        -2.9804        8.88276
          94700        6.08457       -3.48843        12.1691
          94800        6.83581       -3.69752        13.6716
          94900        9.53995       -4.36806        19.0799
          95000        9.86296       -4.44139        19.7259
          95100        10.1844       -4.51319        20.3689
          95200        10.6929       -4.62448        21.3858
          95300        9.00207       -4.24313        18.0041
          95400        9.97285       -4.46606        19.9457
          95500         8.9644       -4.23424        17.9288
          95600        9.55555       -4.37163        19.1111
          95700        8.03064       -4.00765        16.0613
          95800        7.68378       -3.92015        15.3676
          95900        7.13444       -3.77742        14.2689
          96000        7.03078       -3.74987        14.0616
          96100        6.02834       -3.47227        12.0567
          96200        5.09771       -3.19303        10.1954
          96300        4.48114       -2.99371        8.96228
          96400        4.33693       -2.94514        8.67387
          96500        3.90839       -2.79585        7.81678
          96600        4.39503        -2.9648        8.79005
          96700        3.85726        -2.7775        7.71452
          96800        4.19236       -2.89564        8.38472
          96900        4.24869       -2.91503        8.49738
          97000        3.79559       -2.75521        7.59117
          97100        3.10623       -2.49248        6.21245
          97200        3.87936       -2.78545        7.75871
          97300        4.32094       -2.93971        8.64188
          97400        4.86603       -3.11962        9.73205
          97500        5.30298       -3.25668         10.606
          97600        5.45178       -3.30205        10.9036
          97700        5.24957       -3.24024        10.4991
          97800        5.03094       -3.17205        10.0619
          97900        4.63457       -3.04453        9.26914
          98000        5.01207       -3.16609        10.0241
          98100        5.62054       -3.35277        11.2411
          98200        4.94056       -3.14342        9.88111
          98300        4.49511       -2.99837        8.99022
          98400        4.41531       -2.97164        8.83063
          98500        4.21511       -2.90349        8.43023
          98600          4.287       -2.92814          8.574
          98700        3.69314       -2.71777        7.38628
          98800        3.63748       -2.69721        7.27495
          98900        4.04412       -2.84398        8.08824
          99000        4.34558       -2.94808        8.69115
          99100          3.749       -2.73825          7.498
          99200        4.20492       -2.89997        8.40983
          99300        3.29994       -2.56902        6.59988
          99400        2.02032       -2.01013        4.04064
          99500        1.74556       -1.86845        3.49111
          99600        1.70719       -1.84781        3.41439
          99700        1.76296       -1.87774        3.52592
          99800        1.80632        -1.9007        3.61265
          99900        2.11044       -2.05448        4.22089
         100000        2.46722       -2.22136        4.93444
