              0        0.91466      -0.208858      0.0436215
            100       0.787723      -0.335354       0.112462
            200       0.776689      -0.344529         0.1187
            300        48.5652        2.82292        7.96888
            400       0.414953       0.596516       0.355832
            500        0.99512      0.0494263     0.00244296
            600        0.10487        1.15058        1.32384
            700      0.0765956       0.850436       0.723241
            800       0.208235      -0.737341       0.543672
            900        3.35439        1.68271         2.8315
           1000        0.27394       0.690367       0.476607
           1100        1.39689        1.47713         2.1819
           1200       0.821043      -0.306408       0.093886
           1300       0.872255       -1.39066        1.93395
           1400       0.814244      -0.312483      0.0976453
           1500        7.65646       -1.94088        3.76703
           1600       0.977853       0.105524      0.0111353
           1700        13.2395        2.15374        4.63861
           1800        0.74428        1.36481        1.86272
           1900       0.613635       0.465459       0.216652
           2000      0.0117525      -0.944241       0.891591
           2100       0.969255      -0.124469      0.0154925
           2200       0.995498      0.0474703     0.00225343
           2300        23.4422        2.41696        5.84171
           2400       0.596294       0.477283       0.227799
           2500     0.00749055       -1.04238        1.08655
           2600       0.129668       -1.16623        1.36009
           2700        4.65886        -1.7772        3.15844
           2800       0.981761      0.0957144     0.00916124
           2900       0.280931       -1.23694        1.53003
           3000       0.108182       -1.15278        1.32891
           3100       0.367185       -1.26726        1.60596
           3200       0.289463       0.679693       0.461982
           3300       0.242218       0.712631       0.507843
           3400      0.0718401       0.855552        0.73197
           3500       0.964748       0.133357       0.017784
           3600       0.949248         1.4051        1.97429
           3700        4.51419        1.76767        3.12466
           3800      0.0190404       0.928447       0.862013
           3900        9.85022       -2.03433        4.13851
           4000     0.00988866       -1.04854        1.09944
           4100       0.983207     -0.0918266     0.00843213
           4200       0.396153       0.608763       0.370593
           4300      0.0265428       0.914921        0.83708
           4400       0.165211        1.18594        1.40646
           4500       0.628154        1.33887        1.79256
           4600        1.44569        1.48404        2.20237
           4700       0.563721      -0.499186       0.249186
           4800        4.44192        1.76283        3.10759
           4900       0.598659       0.475678       0.226269
           5000       0.993112      0.0587355     0.00344986
           5100     0.00313119        -1.0276        1.05596
           5200        3.77061       -1.71517        2.94181
           5300        0.82129       -1.38067        1.90625
           5400        1.12245        1.43508        2.05946
           5500        4.75281       -1.78328        3.18009
           5600         2.7616        -1.6315        2.66181
           5700     0.00279434       -1.02609        1.05286
           5800     0.00277397          1.026        1.05267
           5900        13.6406       -2.16641        4.69331
           6000       0.549246       0.508811       0.258889
           6100        0.32901      -0.652997       0.426406
           6200       0.999998   -0.000894428    8.00002e-07
           6300        2.12967       -1.56823        2.45934
           6400       0.442523       0.578598       0.334776
           6500      0.0693808        1.12401         1.2634
           6600         1.6506       -1.51154        2.28476
           6700     0.00443669      -0.966122       0.933392
           6800     0.00381653        1.03043        1.06178
           6900      0.0151753        1.05981        1.12319
           7000        2.06966        1.56161        2.43863
           7100        4.47907        1.76533        3.11638
           7200      0.0324873      -0.905405       0.819758
           7300       0.900529      -0.225916       0.051038
           7400       0.636332       0.449773       0.202296
           7500       0.379246        1.27115        1.61583
           7600       0.935638       0.180876      0.0327161
           7700       0.970597      -0.121701      0.0148111
           7800       0.108846      -0.818585       0.670082
           7900       0.213181      -0.733679       0.538285
           8000        0.42516       0.589879       0.347957
           8100       0.272994        1.23389        1.52249
           8200         22.242       -2.39085        5.71614
           8300      0.0791016       0.847791        0.71875
           8400       0.149506       -0.78316        0.61334
           8500         1.5568        1.49924        2.24772
           8600        7.48303       -1.93275        3.73551
           8700       0.108289      -0.819101       0.670927
           8800        4.58711        -1.7725        3.14175
           8900        0.16567        1.18618        1.40703
           9000       0.147578       0.784756       0.615841
           9100      0.0260295        1.07765        1.16134
           9200      0.0547009         1.1108        1.23388
           9300        0.24244       -1.22163        1.49238
           9400        7.43434        1.93044         3.7266
           9500       0.246026        1.22311        1.49601
           9600        11.5322        2.09664        4.39591
           9700       0.897218       0.229748      0.0527841
           9800       0.683691       0.416106       0.173144
           9900       0.269262       -1.23244         1.5189
          10000       0.994701      0.0515085     0.00265313
          10100       0.984271      0.0888569     0.00789554
          10200         2.9018       -1.64422        2.70347
          10300    2.04463e-06      -0.999285        0.99857
          10400        0.22829      -0.722636       0.522203
          10500        1.22995       -1.45225        2.10903
          10600       0.956035      -0.149095      0.0222294
          10700       0.670674       0.425503       0.181053
          10800       0.304774       0.669281       0.447937
          10900         15.685        -2.2272        4.96043
          11000       0.665608       0.429129       0.184152
          11100        0.83906      -0.289824      0.0839979
          11200       0.872588        1.39073        1.93412
          11300        2.30468       -1.58686        2.51812
          11400        10.6523       -2.06489        4.26378
          11500       0.801323       -0.32378       0.104834
          11600       0.960598       0.141064       0.019899
          11700        0.31532       -1.24961        1.56153
          11800        1.22454        1.45141        2.10659
          11900       0.207375        1.20639        1.45538
          12000       0.182394         1.1946        1.42708
          12100       0.592362      -0.479947        0.23035
          12200       0.367663      -0.627414       0.393648
          12300      0.0391772       0.895582       0.802068
          12400       0.449947        1.29259        1.67078
          12500       0.825941      -0.301972      0.0911872
          12600         8.5921       -1.98273        3.93123
          12700        7.72481        1.94406        3.77935
          12800    1.20449e-05       -1.00173        1.00347
          12900      0.0410174         1.0966        1.20253
          13000      0.0316881       -1.08536        1.17801
          13100        1.46768        -1.4871        2.21148
          13200         3.7218       -1.71149         2.9292
          13300       0.820882      -0.306552      0.0939744
          13400      0.0236754       -1.07418        1.15387
          13500        4.76184       -1.78386        3.18216
          13600       0.619845       0.461191       0.212697
          13700       0.963191       0.136297       0.018577
          13800       0.751067       -1.36625        1.86664
          13900        21.8226       -2.38148        5.67147
          14000       0.243808      -0.711499       0.506231
          14100        3.66806        -1.7074        2.91522
          14200        2.36795        1.59337        2.53882
          14300      0.0131576         1.0558        1.11471
          14400        4.13858        1.74194        3.03435
          14500     0.00854739         1.0452        1.09245
          14600        0.21203       0.734529       0.539533
          14700       0.694704        1.35406        1.83349
          14800        12.5261       -2.13055        4.53923
          14900        1.20654       -1.44859        2.09843
          15000      0.0096541      -0.949602       0.901745
          15100     0.00483803       0.964595       0.930444
          15200        2.42619        1.59926        2.55762
          15300       0.999768       0.010778    0.000116166
          15400        2.12633        1.56786        2.45819
          15500       0.716447      -0.391878       0.153568
          15600        2.89232       -1.64338        2.70068
          15700        2.77961       -1.63316        2.66722
          15800       0.458033      -0.568523       0.323218
          15900       0.446407      -0.576076       0.331863
          16000       0.778471       -0.34306        0.11769
          16100        1.76495       -1.52595        2.32852
          16200        3.73988        1.71286        2.93388
          16300       0.502039       0.539864       0.291453
          16400        2.45578        1.60221        2.56709
          16500        7.70598       -1.94318        3.77596
          16600        11.0745       -2.08034        4.32783
          16700     0.00907088        1.04654        1.09524
          16800       0.221373      -0.727666       0.529497
          16900      0.0902479       -1.14036        1.30041
          17000        2.92692       -1.64646        2.71082
          17100       0.875576      -0.253531      0.0642779
          17200       0.238765         1.2201        1.48864
          17300        48.4776        2.82181        7.96259
          17400       0.881023        1.39235        1.93863
          17500       0.793469       -1.37505        1.89077
          17600       0.951441      -0.156786      0.0245818
          17700       0.289467        0.67969       0.461978
          17800        1.48838       -1.48996        2.21999
          17900       0.988484      0.0759909     0.00577461
          18000       0.825344      -0.302516      0.0915158
          18100        4.56601        1.77111        3.13682
          18200       0.999804    -0.00989664    9.79434e-05
          18300         6.2336        1.86995        3.49672
          18400       0.481249       0.553425       0.306279
          18500      0.0542254        1.11034        1.23286
          18600        3.90807        1.72536        2.97688
          18700       0.851379       0.278025      0.0772977
          18800       0.574443      -0.492016        0.24208
          18900        1.66183        1.51298        2.28912
          19000        0.49555      -0.544102       0.296047
          19100        4.67791       -1.77844        3.16285
          19200       0.145048        -1.1751        1.38085
          19300        2.91737        1.64561        2.70803
          19400        0.82399       0.303745      0.0922609
          19500        11.2973        2.08834        4.36115
          19600       0.211291       0.735075       0.540336
          19700       0.779547        -1.3722        1.88292
          19800         0.9302      -0.188497       0.035531
          19900        2.43616        1.60026        2.56082
          20000       0.374828        0.62271       0.387768
          20100       0.801167        1.37662        1.89508
          20200      0.0097491      -0.949348       0.901262
          20300       0.486722       0.549859       0.302345
          20400       0.997727      0.0337214     0.00113713
          20500        2.66492        1.62249        2.63246
          20600       0.877375      -0.251629      0.0633171
          20700        2.12147       -1.56733        2.45653
          20800      0.0805007       -1.13302        1.28373
          20900        1.84814       -1.53605        2.35946
          21000       0.392957      -0.610849       0.373137
          21100        7.02871        -1.9108        3.65117
          21200       0.805446       0.320208       0.102533
          21300        0.48161        1.30153        1.69398
          21400        13.1211        2.14996        4.62231
          21500       0.434833      -0.583593       0.340581
          21600        6.60379        1.88939        3.56978
          21700        6.67036        -1.8928         3.5827
          21800       0.979897       0.100511      0.0101025
          21900        2.94131        1.64773        2.71503
          22000       0.958046       0.145608      0.0212017
          22100       0.676877        0.42104       0.177275
          22200        3.86102        -1.7219        2.96495
          22300        2.27707        1.58398          2.509
          22400       0.164373      -0.771084        0.59457
          22500       0.771079       -1.37044        1.87811
          22600       0.234216       -1.21818        1.48396
          22700        1.68888       -1.51643        2.29957
          22800       0.279228        1.23629        1.52842
          22900       0.842778       -1.38493        1.91803
          23000      0.0202807      -0.926061        0.85759
          23100        17.2603       -2.27036        5.15455
          23200        1.26906       -1.45826        2.12652
          23300       0.999999   -0.000655966    4.30292e-07
          23400       0.735611       0.377257       0.142322
          23500      0.0597298        1.11553         1.2444
          23600        5.17855       -1.80987        3.27564
          23700      0.0896179      -0.837041       0.700638
          23800       0.996244     -0.0433558     0.00187973
          23900       0.970528       0.121844       0.014846
          24000       0.555468         1.3211         1.7453
          24100       0.881033       0.247723      0.0613664
          24200       0.961834      -0.138811      0.0192686
          24300       0.264934       -1.23074        1.51472
          24400        0.15838       0.775906        0.60203
          24500       0.513897       -1.31029        1.71687
          24600       0.976535        1.41003         1.9882
          24700       0.446826       0.575803       0.331549
          24800      0.0170489      -0.932432       0.869429
          24900        1.18007       -1.44441        2.08631
          25000        13.8704       -2.17355         4.7243
          25100      0.0132217      -0.940752       0.885014
          25200        10.0886       -2.04359        4.17626
          25300       0.979714       0.100969      0.0101948
          25400       0.165711         1.1862        1.40708
          25500       0.964582       0.133674      0.0178688
          25600        17.6648         -2.281        5.20295
          25700      0.0808529       0.845963       0.715653
          25800        3.34778       -1.68217        2.82969
          25900      0.0684291       0.859308       0.738411
          26000        3.08059        1.65987        2.75516
          26100     0.00371766      -0.969034       0.939027
          26200        2.67074       -1.62303        2.63424
          26300         5.5397         1.8313        3.35366
          26400       0.619959        1.33693        1.78738
          26500         8.8011        1.99165        3.96667
          26600       0.792971       0.330924       0.109511
          26700        1.82744       -1.53357        2.35183
          26800         2.3824        1.59484         2.5435
          26900        7.54612        1.93572        3.74702
          27000       0.396251        -0.6087       0.370515
          27100        2.63553        -1.6197        2.62343
          27200      0.0921793       -1.14176        1.30361
          27300       0.632598      -0.452371        0.20464
          27400        0.30104        1.24446        1.54867
          27500    0.000174877        1.00659        1.01322
          27600        6.66684        1.89262        3.58202
          27700       0.383566       0.616987       0.380673
          27800        0.98417     -0.0891425     0.00794639
          27900     0.00164799       0.979492       0.959405
          28000        7.86986        1.95072        3.80533
          28100       0.487032       -1.30303        1.69788
          28200       0.410898      -0.599155       0.358986
          28300       0.998546      0.0269671    0.000727225
          28400      0.0250448       0.917466       0.841745
          28500        31.4961        2.57141        6.61214
          28600       0.849862         0.2795      0.0781205
          28700        0.87345       0.255763      0.0654145
          28800         2.2423        1.58033        2.49743
          28900        4.43012        1.76204        3.10478
          29000        0.69171       0.410254       0.168309
          29100     0.00187781      -0.978093       0.956666
          29200        2.85451       -1.63998        2.68953
          29300       0.297677      -0.674094       0.454402
          29400       0.425937       0.589374       0.347362
          29500     0.00878033      -0.951996       0.906297
          29600      0.0139638      -0.939059       0.881832
          29700       0.573652       0.492546       0.242602
          29800       0.349758      -0.639216       0.408597
          29900        3.36125       -1.68326        2.83337
          30000        0.07823      -0.848707       0.720304
          30100      0.0917222      -0.834951       0.697143
          30200       0.173075       -1.18997        1.41602
          30300       0.894525       0.232823      0.0542064
          30400        2.33728        1.59023        2.52882
          30500      0.0279706       0.912555       0.832756
          30600        1.88133           1.54        2.37161
          30700        31.1007        2.56453         6.5768
          30800        7.85836        -1.9502        3.80328
          30900      0.0312659       -1.08481        1.17682
          31000        1.57594       -1.50179        2.25536
          31100      0.0291771       -1.08204        1.17081
          31200        3.79467        1.71697        2.94799
          31300      0.0205969       -1.06935        1.14352
          31400        0.96114       -0.14008      0.0196223
          31500        5.65185        1.83776        3.37736
          31600      0.0197304        1.06793        1.14046
          31700       0.744847      -0.370074       0.136955
          31800        0.69081      -0.410914        0.16885
          31900      0.0837071      -0.843017       0.710678
          32000       0.112034         1.1553        1.33472
          32100       0.951941      -0.155965      0.0243252
          32200       0.942185      -0.171282      0.0293377
          32300        2.77375        1.63262        2.66546
          32400        1.39189        1.47641        2.17979
          32500         5.8737        1.85029        3.42357
          32600        0.92079       -1.39985        1.95958
          32700        5.62985         1.8365        3.37273
          32800        2.23986        1.58007        2.49662
          32900        1.64118        1.51033        2.28109
          33000      0.0419816      -0.891687       0.795106
          33100       0.689711       0.411718       0.169512
          33200     0.00163493       0.979574       0.959566
          33300       0.786982       0.335976        0.11288
          33400       0.774488       0.346338        0.11995
          33500       0.129646       -0.79996       0.639936
          33600       0.334076       -1.25618        1.57799
          33700        3.46324        1.69144        2.86098
          33800        1.06218         -1.425        2.03062
          33900       0.769352       -1.37008        1.87713
          34000       0.729567      -0.381907       0.145853
          34100      0.0305255        1.08384        1.17472
          34200       0.981926      0.0952799     0.00907825
          34300       0.728228      -0.382932       0.146637
          34400      0.0580125       0.871288       0.759142
          34500     0.00484716       0.964561       0.930378
          34600      0.0202915       0.926041       0.857552
          34700       0.560074      -0.501617       0.251619
          34800      0.0873534       0.839312       0.704444
          34900       0.151017       0.781915        0.61139
          35000       0.393742      -0.610337       0.372512
          35100       0.152409      -0.780771       0.609604
          35200       0.998213      0.0299016    0.000894107
          35300       0.964346      -0.134122      0.0179886
          35400      0.0650553       -1.12029        1.25506
          35500        5.23963        1.81357        3.28902
          35600       0.888645      -0.239416      0.0573202
          35700       0.963428      -0.135854      0.0184562
          35800      0.0546152       -1.11072         1.2337
          35900       0.611957       0.466608       0.217723
          36000      0.0850042       0.841692       0.708445
          36100     0.00929987       -1.04711        1.09644
          36200       0.253682        1.22624        1.50367
          36300      0.0419639        1.09766        1.20485
          36400        3.02196         1.6548        2.73838
          36500       0.817766       0.309348      0.0956959
          36600        1.09851       -1.43112         2.0481
          36700        0.15732       0.776766       0.603365
          36800      0.0361343        1.09091        1.19009
          36900      0.0590855       0.870014       0.756925
          37000       0.805443       0.320211       0.102535
          37100       0.991105      0.0667623      0.0044572
          37200     0.00773301        1.04304        1.08794
          37300       0.597831        0.47624       0.226805
          37400     0.00326274        0.97102        0.94288
          37500       0.845834      -0.283386      0.0803078
          37600       0.650895      -0.439567       0.193219
          37700      0.0426194        1.09838        1.20644
          37800        0.25417       0.704164       0.495847
          37900       0.231328       0.720441       0.519035
          38000         4.1232       -1.74085        3.03057
          38100       0.942385       0.170983       0.029235
          38200       0.993479       0.057147     0.00326578
          38300        0.68054      -0.418391       0.175051
          38400    0.000161559        1.00634        1.01271
          38500        1.07748        1.42759        2.03802
          38600       0.142641        1.17375        1.37768
          38700        10.9306       -2.07512        4.30614
          38800        0.23114      -0.720576        0.51923
          38900        1.78961       -1.52897        2.33776
          39000       0.950928       0.157622      0.0248446
          39100       0.715755       0.392399       0.153977
          39200      0.0799348       0.846919       0.717273
          39300       0.293379        1.24163        1.54164
          39400       0.664722      -0.429762       0.184695
          39500         6.2078       -1.86857        3.49155
          39600    0.000546126       -1.01162        1.02337
          39700       0.450427       0.573465       0.328862
          39800         5.4239        1.82453        3.32893
          39900        0.17198        1.18941         1.4147
          40000       0.648851       -1.34369        1.80551
          40100       0.832509         1.3829        1.91242
          40200         10.169        2.04668        4.18888
          40300       0.215678       0.731839       0.535588
          40400      0.0208516      -0.924986       0.855599
          40500        16.5353       -2.25086        5.06636
          40600        3.70723       -1.71039        2.92542
          40700        28.0921        2.51002         6.3002
          40800       0.986862     -0.0811832     0.00659072
          40900       0.213692       -1.20924        1.46227
          41000        2.18593       -1.57432        2.47849
          41100       0.446106        1.29148        1.66791
          41200       0.232476      -0.719612       0.517842
          41300       0.103975       0.823133       0.677548
          41400     0.00552038       0.962133       0.925701
          41500        4.91773        1.79377        3.21759
          41600      0.0943264      -0.832391       0.692874
          41700       0.777114       -1.37169        1.88154
          41800     0.00244586       -1.02443        1.04946
          41900       0.588216       -0.48275       0.233048
          42000       0.775949       0.345138        0.11912
          42100       0.918061       0.204561       0.041845
          42200        3.34734        1.68213        2.82957
          42300       0.974755       0.112708      0.0127032
          42400        0.77014       0.349891       0.122424
          42500       0.325682       0.655221       0.429314
          42600       0.475401        1.29981        1.68949
          42700        5.39791          1.823        3.32334
          42800     0.00580605      -0.961146       0.923803
          42900      0.0634735      -0.864905        0.74806
          43000        3.73191       -1.71225        2.93182
          43100        34.0243       -2.61401        6.83303
          43200       0.986106     -0.0834938     0.00697122
          43300        12.0419        2.11427        4.47015
          43400        0.59433      -0.478615       0.229072
          43500      0.0997791      -0.827116       0.684122
          43600       0.851302        -0.2781      0.0773396
          43700        3.89131        1.72413        2.97264
          43800       0.658391       0.434266       0.188587
          43900        0.31791      -0.660428       0.436165
          44000      0.0549946      -0.874923       0.765491
          44100      0.0317193        -1.0854         1.1781
          44200       0.900803         1.3961        1.94911
          44300       0.757402       0.360155       0.129712
          44400      0.0344149       -1.08881        1.18551
          44500       0.266347      -0.695638       0.483912
          44600      0.0273967       0.913499        0.83448
          44700        9.84408       -2.03409        4.13753
          44800        0.01135       0.945232       0.893464
          44900       0.968901      -0.125189      0.0156723
          45000       0.998343      0.0287899    0.000828857
          45100        8.51431       -1.97938        3.91793
          45200        1.62347       -1.50803        2.27415
          45300        3.04558        1.65685        2.74516
          45400       0.931987      -0.186025      0.0346053
          45500       0.407528      -0.601349       0.361621
          45600         1.4632        1.48648        2.20963
          45700        0.99894      -0.023025    0.000530151
          45800        3.75886       -1.71429        2.93878
          45900       0.541801        -1.3176        1.73607
          46000        3.19267       -1.66937        2.78681
          46100        1.10887       -1.43284        2.05303
          46200       0.375797       0.622075       0.386977
          46300        9.30763        2.01267        4.05084
          46400       0.042848        1.09863          1.207
          46500      0.0482295        1.10436        1.21961
          46600        1.11601        1.43402        2.05641
          46700        2.07009        1.56166        2.43878
          46800       0.949401       0.160087      0.0256278
          46900       0.858539      -0.270972       0.073426
          47000       0.962674       -0.13726      0.0188404
          47100        3.62273       -1.70392        2.90335
          47200       0.676072      -0.421621       0.177764
          47300       0.504092       0.538522       0.290005
          47400        1.94125       -1.54703        2.39329
          47500      0.0226611      -0.921664       0.849464
          47600        4.39559        1.75971        3.09657
          47700        7.64496       -1.94035        3.76495
          47800       0.935459       0.181132      0.0328088
          47900         7.9147        1.95277        3.81331
          48000        0.91974      -0.202408      0.0409692
          48100        13.2983        2.15562        4.64668
          48200       0.306049      -0.668418       0.446783
          48300       0.589796        1.32965        1.76798
          48400         1.1793        1.44428        2.08595
          48500      0.0724159       0.854926       0.730898
          48600       0.131704       -1.16744        1.36291
          48700        4.64371        1.77621        3.15493
          48800       0.883522      -0.245034      0.0600416
          48900        6.64572       -1.89154        3.57793
          49000        1.38751       -1.47578        2.17792
          49100        1.28178        1.46019        2.13216
          49200       0.335755        1.25676        1.57944
          49300        2.33769        1.59027        2.52895
          49400      0.0497809        0.88141       0.776884
          49500       0.591038      -0.480843        0.23121
          49600       0.523591       -1.31286         1.7236
          49700       0.732149      -0.379925       0.144343
          49800       0.206895      -0.738338       0.545143
          49900      0.0734173      -0.853841       0.729044
          50000        1.73603       -1.52236        2.31758
          50100        4.37972        1.75863        3.09278
          50200       0.223906      -0.725819       0.526813
          50300       0.145221      -0.786716       0.618921
          50400        3.59803        1.70201        2.89685
          50500      0.0391151        0.89567       0.802225
          50600        1.22291       -1.45116        2.10585
          50700         3.7261       -1.71181        2.93031
          50800        8.62098       -1.98397        3.93615
          50900       0.158706        1.18253        1.39838
          51000       0.906049      -0.219395      0.0481341
          51100      0.0996876        1.14705        1.31573
          51200        0.89626      -0.230846        0.05329
          51300       0.124907      -0.804101       0.646578
          51400       0.979972       -1.41065        1.98994
          51500      0.0763341        1.12973        1.27629
          51600       0.244722      -0.710849       0.505306
          51700       0.105402      -0.821793       0.675344
          51800       0.981662     -0.0959756     0.00921132
          51900        3.11486        -1.6628         2.7649
          52000       0.295323        1.24235        1.54344
          52100       0.155908       0.777913       0.605149
          52200    0.000865347       0.985182       0.970583
          52300       0.660362       0.432866       0.187373
          52400       0.891669       0.236046      0.0557177
          52500       0.333939       -1.25613        1.57787
          52600        9.42065        2.01725        4.06931
          52700     0.00934932       0.950425       0.903308
          52800        1.51278        -1.4933        2.22995
          52900       0.931116      -0.187234      0.0350566
          53000       0.190892       -1.19871        1.43691
          53100        22.5459       -2.39755        5.74825
          53200        16.4792        2.24932        5.05946
          53300       0.651816        1.34438        1.80735
          53400       0.361454       0.631498        0.39879
          53500        1.15966        1.44114        2.07687
          53600       0.431912      -0.585491         0.3428
          53700     0.00500307       0.963985       0.929268
          53800      0.0879519      -0.838709       0.703433
          53900       0.783592        1.37303        1.88521
          54000       0.999996     0.00140914    1.98567e-06
          54100       0.712123       0.395128       0.156126
          54200        39.4217        -2.6979        7.27867
          54300        3.26229        1.67517        2.80618
          54400        34.3059        2.61861        6.85713
          54500        4.25342       -1.74997        3.06238
          54600      0.0351401       0.901412       0.812543
          54700       0.160287       0.774365       0.599641
          54800    0.000742973      -0.986277       0.972742
          54900       0.989335     -0.0731233     0.00534702
          55000       0.255336      -0.703344       0.494692
          55100       0.109419        -1.1536        1.33079
          55200       0.112682       -1.15572        1.33568
          55300       0.998741     -0.0250894    0.000629478
          55400       0.016394      -0.933788       0.871961
          55500     0.00741925      -0.955963       0.913865
          55600        1.36133        1.47199        2.16676
          55700        6.77224       -1.89799        3.60235
          55800       0.818239        1.38006        1.90457
          55900        0.59247       0.479874       0.230279
          56000       0.869938       0.259413      0.0672953
          56100       0.172968      -0.764268       0.584106
          56200        20.0655        2.34082        5.47946
          56300        8.53048        1.98008         3.9207
          56400       0.176668       0.761368       0.579682
          56500      0.0717287       0.855674       0.732178
          56600        0.80884       0.317245       0.100645
          56700        10.3174        2.05233        4.21208
          56800        1.16124       -1.44139        2.07761
          56900        19.9187        2.33732        5.46304
          57000       0.175259       -1.19107        1.41864
          57100       0.190523       0.750673        0.56351
          57200      0.0772658       0.849725       0.722033
          57300       0.291697         -1.241        1.54009
          57400       0.465354       -1.29698        1.68217
          57500       0.999553     -0.0149438    0.000223318
          57600        1.14037        1.43801        2.06788
          57700    0.000589912       -1.01207        1.02429
          57800       0.722474      -0.387318       0.150015
          57900       0.127706       0.801649        0.64264
          58000       0.864054      -0.265433      0.0704548
          58100       0.232759      -0.719409       0.517549
          58200       0.685883        -1.3521        1.82818
          58300        0.25648      -0.702539       0.493561
          58400       0.988378     -0.0763409     0.00582793
          58500       0.855918        -1.3875        1.92516
          58600      0.0228543      -0.921316       0.848823
          58700        2.32863       -1.58933        2.52598
          58800      0.0418275       -1.09751        1.20452
          58900        0.33531       -1.25661        1.57906
          59000        1.89394       -1.54149         2.3762
          59100       0.996276      -0.043169     0.00186356
          59200       0.085436      -0.841252       0.707706
          59300         3.9244       -1.72656        2.98101
          59400        2.70197       -1.62597        2.64377
          59500        15.0816       -2.20986         4.8835
          59600       0.581997      -0.486942       0.237112
          59700       0.422688      -0.591486       0.349855
          59800     0.00206929       0.976991       0.954511
          59900        3.99895       -1.73197        2.99974
          60000         0.2544        1.22653        1.50438
          60100       0.464996      -0.563998       0.318094
          60200        5.34585       -1.81992        3.31211
          60300       0.507569       0.536247       0.287561
          60400       0.253786       0.704435       0.496228
          60500     0.00262437       -1.02529        1.05123
          60600        5.74319        1.84296        3.39649
          60700       0.707033      -0.398933       0.159147
          60800    0.000324706       0.990949        0.98198
          60900       0.766419       -1.36947        1.87545
          61000       0.180141      -0.758663        0.57557
          61100       0.311934      -0.664446       0.441489
          61200       0.121248       -1.16112        1.34821
          61300       0.390307        0.61258       0.375255
          61400       0.138277      -0.792556       0.628144
          61500        4.82423       -1.78785        3.19641
          61600       0.241179       0.713373       0.508901
          61700        13.5666       -2.16409        4.68328
          61800        5.44525       -1.82579        3.33351
          61900       0.296881       0.674635       0.455132
          62000      0.0967697       -1.14502        1.31108
          62100       0.997853     -0.0327755     0.00107423
          62200        6.32233       -1.87468        3.51442
          62300       0.824165       -1.38124        1.90784
          62400      0.0587166      -0.870451       0.757685
          62500       0.830517        0.29778       0.088673
          62600        8.36812        1.97301        3.89277
          62700     0.00351663       -1.02922         1.0593
          62800        10.6799        2.06592        4.26802
          62900       0.194298      -0.747802       0.559207
          63000      0.0519275       0.878706       0.772124
          63100        0.23062      -0.720951        0.51977
          63200    5.71725e-05      -0.996212       0.992439
          63300       0.102406       -1.14892        1.32001
          63400       0.971433       0.119947      0.0143872
          63500        1.00563        1.41521        2.00281
          63600       0.436877        1.28878        1.66097
          63700         6.0597       -1.86055        3.46165
          63800       0.988303     -0.0765863     0.00586546
          63900      0.0412344      -0.892714       0.796938
          64000       0.498763       -1.30623        1.70623
          64100    0.000345342        1.00925        1.01858
          64200        4.00762        -1.7326         3.0019
          64300        8.13595        1.96274        3.85236
          64400       0.133979      -0.796222       0.633969
          64500       0.390393       0.612524       0.375186
          64600       0.106708        1.15181        1.32666
          64700       0.251137        1.22521        1.50114
          64800       0.930283       0.188383      0.0354883
          64900       0.806362      -0.319411       0.102023
          65000       0.705751        -1.3565        1.84009
          65100     0.00014346       -1.00597        1.01198
          65200       0.976958       0.107649      0.0115884
          65300     0.00292481       -1.02668        1.05408
          65400       0.631493       0.453139       0.205335
          65500       0.961158      -0.140048      0.0196135
          65600       0.966895       0.129197      0.0166918
          65700       0.169478      -0.767022       0.588323
          65800      0.0157328       -1.06086        1.12543
          65900        14.8577        2.20331        4.85457
          66000         4.2062        1.74668         3.0509
          66100       0.795938         0.3284       0.107847
          66200      0.0978633       0.828957       0.687169
          66300       0.518452      -0.529116       0.279964
          66400        0.73794      -0.375454       0.140966
          66500      0.0277043       0.912992       0.833554
          66600       0.478173        1.30058         1.6915
          66700       0.480413      -0.553969       0.306881
          66800       0.982693      0.0932258     0.00869106
          66900        1.22777        1.45191        2.10805
          67000        27.7482       -2.50353        6.26765
          67100      0.0144736       -1.05845        1.12031
          67200       0.174872      -0.762774       0.581824
          67300       0.049659       -1.10582        1.22284
          67400      0.0209185       0.924861       0.855368
          67500       0.576938      -0.490342       0.240435
          67600          1.234        1.45288        2.11086
          67700       0.574804      -0.491774       0.241842
          67800       0.994083      0.0544331     0.00296297
          67900      0.0640152       0.864285       0.746988
          68000        1.29734       -1.46253        2.13901
          68100      0.0275663       -1.07983        1.16603
          68200       0.119696       0.808721       0.654029
          68300       0.875048      -0.254087        0.06456
          68400       0.198692        1.20239        1.44575
          68500        1.30384        1.46351        2.14186
          68600       0.390327       0.612567       0.375238
          68700      0.0573011       0.872137       0.760623
          68800       0.081037        1.13343        1.28467
          68900        5.23795        1.81347        3.28866
          69000        4.33193        1.75537        3.08133
          69100        1.86727       -1.53834        2.36648
          69200       0.541343      -0.514043        0.26424
          69300       0.367705       0.627386       0.393613
          69400       0.981948      0.0952201     0.00906688
          69500     0.00257079      -0.974319       0.949297
          69600        8.47366       -1.97761        3.91095
          69700         15.388       -2.21873        4.92276
          69800        2.19347       -1.57513        2.48104
          69900        15.5295        2.22278        4.94075
          70000       0.134188      -0.796042       0.633683
          70100       0.780265      -0.341576       0.116674
          70200        3.89084         1.7241        2.97252
          70300        9.48535       -2.01986        4.07983
          70400      0.0442278       -1.10014         1.2103
          70500        2.12191       -1.56738        2.45668
          70600       0.240833       0.713619       0.509252
          70700       0.997546      0.0350397     0.00122778
          70800       0.591304       0.480663       0.231037
          70900      0.0766772      -0.850349       0.723094
          71000        4.97739        -1.7975        3.23101
          71100       0.974267       0.113799      0.0129502
          71200       0.728068       0.383054       0.146731
          71300       0.588623       0.482475       0.232782
          71400       0.121166        0.80741        0.65191
          71500    1.21208e-05       0.998258       0.996519
          71600      0.0409352       0.893127       0.797675
          71700       0.988465      0.0760546      0.0057843
          71800       0.355245      -0.635591       0.403975
          71900       0.269754      -0.693269       0.480622
          72000        0.47808       0.555488       0.308567
          72100        2.07791       -1.56253         2.4415
          72200        0.17598       0.761906         0.5805
          72300       0.928689       0.190565      0.0363148
          72400       0.651044        -1.3442        1.80687
          72500       0.348065       0.640336        0.41003
          72600       0.818782        1.38017        1.90487
          72700       0.195903      -0.746586        0.55739
          72800        1.39216        1.47645         2.1799
          72900       0.737859       0.375517       0.141013
          73000       0.410394      -0.599483        0.35938
          73100      0.0379989       0.897255       0.805067
          73200     0.00462846      -0.965384       0.931967
          73300      0.0189686      -0.928587       0.862273
          73400        0.29349      -0.676943       0.458252
          73500        0.68313       0.416513       0.173483
          73600       0.277014      -0.688243       0.473679
          73700      0.0022787        1.02359        1.04774
          73800       0.182507        1.19466        1.42721
          73900        8.05379       -1.95906        3.83792
          74000       0.821638       0.305872      0.0935576
          74100       0.176699       0.761344       0.579645
          74200        1.66522       -1.51342        2.29043
          74300       0.988346     -0.0764478     0.00584427
          74400       0.968392      -0.126217      0.0159308
          74500        10.6378        2.06436        4.26157
          74600        1.31737        1.46553        2.14777
          74700        0.48848        1.30342        1.69891
          74800        4.69155        1.77933          3.166
          74900       0.834033       0.294527       0.086746
          75000       0.862938      -0.266562      0.0710554
          75100       0.991497      0.0652738     0.00426067
          75200       0.800654      -0.324357       0.105207
          75300       0.987672      0.0786338     0.00618328
          75400       0.825217        0.30263      0.0915852
          75500       0.369525        0.62619       0.392114
          75600       0.644611       0.443986       0.197123
          75700      0.0360002       0.900146       0.810263
          75800        0.84939       0.279958      0.0783762
          75900      0.0891229       -1.13953        1.29853
          76000        5.31115        1.81785        3.30459
          76100       0.541502       0.513938       0.264132
          76200       0.471099         1.2986        1.68637
          76300       0.252406       0.705407       0.497599
          76400        1.96107        1.54932        2.40038
          76500       0.274316        -1.2344        1.52375
          76600        0.47294      -0.558832       0.312294
          76700       0.927347      -0.192384      0.0370116
          76800       0.965365       0.132174        0.01747
          76900       0.674958       0.422424       0.178442
          77000       0.752217      -0.364274       0.132696
          77100     0.00879658       -1.04584        1.09379
          77200        28.1785        2.51164        6.30835
          77300        1.16583        1.44213        2.07973
          77400        1.94368       -1.54731        2.39416
          77500        0.50861       0.535566       0.286831
          77600       0.624017      -0.458315       0.210053
          77700        19.6013        2.32966        5.42733
          77800       0.275953      -0.688976       0.474688
          77900        0.12755       0.801785       0.642858
          78000        1.65342         1.5119        2.28585
          78100       0.632776       0.452248       0.204528
          78200       0.348731        1.26116        1.59053
          78300        13.7019        2.16832         4.7016
          78400       0.773958       -1.37104        1.87975
          78500       0.993899      0.0552755     0.00305538
          78600       0.523893      -0.525543       0.276195
          78700        3.96502        1.72952        2.99123
          78800       0.250748       0.706578       0.499253
          78900       0.612633       0.466145       0.217291
          79000      0.0628762      -0.865592       0.749249
          79100      0.0147073         1.0589        1.12127
          79200       0.682502       0.416969       0.173863
          79300       0.013897       0.939209       0.882114
          79400       0.644225      -0.444256       0.197364
          79500         6.1312        1.86444        3.47613
          79600        1.06009        1.42464        2.02961
          79700       0.625862       -1.33833        1.79111
          79800       0.508708       0.535502       0.286763
          79900       0.472794       0.558927         0.3124
          80000      0.0297323      -0.909708       0.827569
          80100        0.69997      -0.404175       0.163358
          80200       0.187784      -0.752768       0.566659
          80300        1.65169        1.51168        2.28518
          80400       0.794595       0.329545         0.1086
          80500       0.200425       0.743176       0.552311
          80600       0.109507        1.15365        1.33092
          80700        0.89966      -0.226928      0.0514962
          80800       0.516368       0.530484       0.281413
          80900    0.000543742        1.01159        1.02332
          81000       0.915743      -0.207498      0.0430556
          81100       0.738396       0.375101       0.140701
          81200       0.997538     -0.0350983     0.00123189
          81300        5.74035        -1.8428         3.3959
          81400        12.5067         2.1299        4.53648
          81500        1.45514        1.48536        2.20629
          81600        3.76781        1.71496        2.94109
          81700       0.417137        1.28291        1.64586
          81800        6.98032        1.90841        3.64203
          81900      0.0960109       0.830749       0.690144
          82000        0.51955       -1.31179         1.7208
          82100      0.0241366       -1.07488        1.15536
          82200       0.670426       -1.34863         1.8188
          82300      0.0829533       0.843791       0.711984
          82400      0.0592626         1.1151        1.24344
          82500       0.487821        1.30324        1.69844
          82600        0.10154      -0.825438       0.681347
          82700        4.83391        1.78847        3.19861
          82800      0.0435606       -1.09941        1.20871
          82900        0.23789       -1.21973        1.48774
          83000       0.994481      -0.052567     0.00276329
          83100        0.68599      -0.414433       0.171755
          83200       0.730684        1.36191         1.8548
          83300        2.47774         1.6044        2.57408
          83400       0.975233       -0.11163      0.0124612
          83500     0.00203402        -1.0223         1.0451
          83600       0.113911        1.15651        1.33751
          83700       0.165479      -0.770201       0.593209
          83800       0.460678        1.29566        1.67873
          83900        0.21952        0.72902        0.53147
          84000       0.432999       0.584785       0.341974
          84100        24.9172         2.4478        5.99172
          84200       0.986531     -0.0822029     0.00675732
          84300       0.610543      -0.467576       0.218628
          84400        10.7468       -2.06839        4.27822
          84500      0.0287614        1.08148        1.16959
          84600       0.987612      0.0788245     0.00621329
          84700     0.00620358        1.03864        1.07876
          84800       0.133706      -0.796456       0.634342
          84900       0.991564     -0.0650165     0.00422715
          85000        5.05774        1.80248        3.24894
          85100       0.760609        1.36826        1.87213
          85200        2.78203       -1.63338        2.66794
          85300       0.157889       0.776304       0.602648
          85400       0.478125        1.30056        1.69147
          85500       0.989742       0.071711     0.00514246
          85600        1.18498       -1.44519        2.08857
          85700       0.448334      -0.574824       0.330423
          85800       0.371264        1.26859        1.60931
          85900       0.438115       -1.28915         1.6619
          86000       0.975445       0.111147      0.0123536
          86100        4.04165        1.73505        3.01039
          86200      0.0765141       0.850522       0.723388
          86300        1.83646        1.53465        2.35516
          86400       0.294722       0.676104       0.457117
          86500        31.4348        2.57035        6.60668
          86600        4.56979        1.77136        3.13771
          86700       0.640222       0.447058       0.199861
          86800       0.224019       0.725736       0.526693
          86900       0.680346      -0.418532       0.175169
          87000        9.14935        2.00619        4.02479
          87100       0.615772       0.463992       0.215289
          87200       0.441235        1.29006        1.66426
          87300    0.000269078       0.991764       0.983596
          87400       0.940082      -0.174419      0.0304219
          87500      0.0856157        0.84107       0.707398
          87600         0.7847      -0.337886       0.114167
          87700       0.358341      -0.633549       0.401384
          87800      0.0192957        0.92795       0.861091
          87900      0.0303037      -0.908802        0.82592
          88000      0.0826602      -0.844093       0.712493
          88100        1.65349       -1.51191        2.28588
          88200        3.12847        1.66396        2.76875
          88300        1.14492       -1.43875        2.07001
          88400        2.30452       -1.58684        2.51806
          88500       0.369416       0.626262       0.392204
          88600       0.997535     -0.0351152     0.00123308
          88700        0.11254       -1.15563        1.33547
          88800       0.107042       -0.82026       0.672827
          88900       0.221896       0.727284       0.528942
          89000       0.355882       -0.63517       0.403441
          89100       0.161315      -0.773537        0.59836
          89200    0.000608799      -0.987586       0.975326
          89300       0.636562      -0.449613       0.202152
          89400      0.0207308        1.06957        1.14398
          89500       0.999239      0.0195058    0.000380477
          89600         24.898         2.4474        5.98979
          89700       0.492876       0.545847       0.297949
          89800       0.204443       0.740167       0.547847
          89900       0.974507      -0.113263      0.0128285
          90000      0.0515721        0.87915       0.772905
          90100       0.503085        0.53918       0.290715
          90200       0.267364       -0.69493       0.482927
          90300        3.18713        1.66891        2.78525
          90400       0.998822      0.0242751    0.000589283
          90500        4.39243       -1.75949        3.09581
          90600        2.58798       -1.61515        2.60872
          90700       0.539511       -1.31701        1.73451
          90800        5.73273       -1.84237        3.39431
          90900       0.554773      -0.505143       0.255169
          91000       0.792434        1.37484        1.89019
          91100       0.169659       0.766878       0.588103
          91200         1.9943       -1.55312         2.4122
          91300       0.224283      -0.725545       0.526415
          91400        1.48968       -1.49014        2.22053
          91500       0.333988      -0.649679       0.422083
          91600        5.65587       -1.83799        3.37821
          91700       0.455587       0.570112       0.325028
          91800       0.102457       0.824567       0.679911
          91900      0.0661049        1.12121        1.25711
          92000       0.933362       0.184102      0.0338935
          92100       0.338201       0.646877        0.41845
          92200      0.0138571        1.05722        1.11772
          92300       0.677843      -0.420342       0.176688
          92400       0.753802      -0.363018       0.131782
          92500       0.813747      -0.312923      0.0979207
          92600     0.00689991        -1.0407        1.08307
          92700       0.721149      -0.388324       0.150795
          92800        6.02067        1.85841        3.45371
          92900       0.135326      -0.795068       0.632133
          93000       0.969041       0.124904       0.015601
          93100         20.381         2.3483        5.51453
          93200       0.117674       -1.15889        1.34304
          93300      0.0587544      -0.870406       0.757607
          93400      0.0411283       -0.89286       0.797199
          93500       0.125412      -0.803657       0.645864
          93600       0.984215     -0.0890171     0.00792404
          93700       0.416889      -0.595257       0.354331
          93800       0.910279       -1.39789        1.95409
          93900        1.28073       -1.46003        2.13169
          94000       0.803012       -0.32232        0.10389
          94100       0.332835      -0.650447       0.423082
          94200        3.62594       -1.70417        2.90419
          94300       0.124386       -0.80456       0.647316
          94400       0.964303       0.134204      0.0180106
          94500       0.446066        1.29146        1.66788
          94600       0.674036      -0.423087       0.179003
          94700        3.29297       -1.67769        2.81466
          94800         0.9792       0.102248      0.0104546
          94900        4.13969        1.74202        3.03462
          95000        0.65791        1.34578        1.81112
          95100        2.32936       -1.58941        2.52622
          95200        9.50526        2.02066        4.08306
          95300       0.138585       0.792294        0.62773
          95400       0.628425       0.455266       0.207267
          95500       0.549624        0.50856       0.258633
          95600        0.61175        1.33497        1.78214
          95700     0.00288041       0.972795       0.946331
          95800       0.582162       0.486831       0.237005
          95900      0.0658234       -1.12096        1.25656
          96000     0.00109948      -0.983281       0.966842
          96100       0.974737       0.112749      0.0127122
          96200       0.106279      -0.820972       0.673995
          96300        13.3889        2.15849        4.65908
          96400      0.0413032       0.892619       0.796768
          96500     0.00241585       0.975115       0.950849
          96600       0.749207       -1.36586        1.86557
          96700        22.3816        2.39393        5.73092
          96800         26.803        2.48539        6.17716
          96900         1.0334        1.42006        2.01656
          97000       0.361203       0.631663       0.398999
          97100       0.485043        1.30248        1.69645
          97200       0.580491       0.487955         0.2381
          97300         2.1575        1.57126        2.46884
          97400       0.900514      -0.225933      0.0510457
          97500        0.65644      -0.435649        0.18979
          97600        6.25763        1.87124        3.50152
          97700        11.3742        2.09107        4.37257
          97800       0.865668       0.263794      0.0695873
          97900       0.822775        1.38097        1.90707
          98000      0.0544081       -0.87564       0.766745
          98100       0.931919       0.186119      0.0346404
          98200         2.6539        1.62144        2.62908
          98300       0.337045        -1.2572        1.58056
          98400      0.0793271       0.847555       0.718349
          98500       0.209455       -1.20734        1.45766
          98600       0.107802       -1.15253        1.32833
          98700         0.4201       0.593168       0.351849
          98800       0.824816      -0.302996      0.0918064
          98900      0.0780397      -0.848908       0.720644
          99000       0.492978        0.54578       0.297876
          99100     0.00714748      -0.956795       0.915457
          99200        26.2734       -2.47503        6.12576
          99300        5.14192        1.80764        3.26758
          99400       0.565731      -0.497844       0.247849
          99500       0.936014       0.180338      0.0325217
          99600       0.725153        0.38528       0.148441
          99700       0.769395      -0.350497       0.122848
          99800       0.432815       0.584904       0.342113
          99900       0.991458      0.0654246     0.00428038
         100000       0.148959        1.17726        1.38595
