              0              1              0              0
            100        15.9864        2.23569         4.9983
            200        13.4839        2.16149        4.67204
            300       0.922555      -0.198753      0.0395029
            400        7.64731        1.94046        3.76538
            500       0.117002        1.15847        1.34206
            600        12.4026        2.12644        4.52173
            700        2.36324       -1.59288        2.53728
            800    9.32755e-05       -1.00482        1.00966
            900        1.92247       -1.54484        2.38653
           1000        1.09735        1.43092        2.04754
           1100       0.266263        1.23126        1.51601
           1200      0.0625053       -1.11804        1.25001
           1300         0.0175       0.931511       0.867712
           1400        2.99394        1.65236         2.7303
           1500        2.25203        1.58135        2.50068
           1600        1.44451       -1.48387        2.20188
           1700       0.878154      -0.250801      0.0629012
           1800        6.19953        1.86812        3.48988
           1900        0.99147     -0.0653757     0.00427399
           2000    0.000482293        1.01092        1.02196
           2100       0.906219       -0.21919      0.0480444
           2200      0.0606968        0.86812       0.753633
           2300        5.96745       -1.85549        3.44284
           2400       0.530482      -0.521208       0.271658
           2500        3.03195       -1.65567        2.74125
           2600         3.6638       -1.70708        2.91411
           2700        14.8005       -2.20162        4.84714
           2800      0.0363741         1.0912        1.19072
           2900        1.91421       -1.54387        2.38355
           3000     0.00397513        1.03104        1.06305
           3100       0.289358        1.24013        1.53792
           3200        4.05866        1.73626        3.01461
           3300        3.96739        1.72969        2.99183
           3400       0.583054       -0.48623        0.23642
           3500      0.0530476        -1.1092        1.23032
           3600        0.29637      -0.674983       0.455601
           3700        2.54536       -1.61103        2.59542
           3800       0.139793        1.17213        1.37389
           3900         8.3083       -1.97038        3.88241
           4000        0.02055       0.925552       0.856647
           4100        4.98856        -1.7982        3.23351
           4200       0.697167       0.406245       0.165035
           4300       0.770918       -1.37041        1.87802
           4400       0.196945       0.745798       0.556215
           4500       0.102354       0.824665       0.680072
           4600        1.18491        1.44518        2.08853
           4700       0.290916        -0.6787       0.460634
           4800        5.34329        1.81977        3.31156
           4900       0.973591      -0.115295       0.013293
           5000        6.33584         1.8754        3.51711
           5100       0.497963      -0.542526       0.294335
           5200       0.592071      -0.480144       0.230538
           5300       0.636966       0.449331       0.201898
           5400       0.336606       0.647937       0.419822
           5500       0.306931       0.667822       0.445986
           5600        20.0831        2.34124        5.48142
           5700      0.0582666      -0.870985       0.758615
           5800        9.32991        2.01358        4.05449
           5900       0.474679      -0.557701        0.31103
           6000        4.41384        1.76094        3.10091
           6100        2.77743       -1.63296        2.66656
           6200         2.2394       -1.58002        2.49646
           6300       0.166044        0.76975       0.592515
           6400     0.00246135       -1.02451        1.04961
           6500        1.86664        1.53826        2.36625
           6600        12.1746        2.11878        4.48922
           6700       0.303546       -1.24537        1.55095
           6800        7.02685        1.91071        3.65082
           6900        1.64934       -1.51138        2.28427
           7000        17.7177       -2.28238        5.20924
           7100       0.463103       0.565229       0.319483
           7200        0.84502      -0.284166      0.0807503
           7300     0.00987501      -0.949014       0.900627
           7400        13.8755         2.1737        4.72498
           7500       0.768668       0.351088       0.123263
           7600       0.451597      -0.572705       0.327991
           7700       0.622519       0.459349       0.211001
           7800       0.546698        -0.5105        0.26061
           7900       0.756843         0.3606       0.130033
           8000       0.997404     -0.0360365     0.00129863
           8100       0.978218      -0.104647       0.010951
           8200       0.973723       0.115004      0.0132259
           8300       0.852617      -0.276817      0.0766276
           8400       0.576401       0.490703        0.24079
           8500        2.12257        1.56745        2.45691
           8600        3.74628        1.71334        2.93553
           8700       0.550716       -1.31989         1.7421
           8800      0.0282656       0.912073       0.831876
           8900      0.0429527      -0.890365        0.79275
           9000        5.56504       -1.83277        3.35903
           9100       0.151208         1.1785        1.38886
           9200       0.943707        0.16898      0.0285544
           9300        9.66749        2.02713        4.10926
           9400        0.78013       0.341688        0.11675
           9500        1.58107        1.50247        2.25741
           9600       0.595198       0.478026       0.228509
           9700        2.28625       -1.58494        2.51203
           9800       0.192994       0.748792       0.560689
           9900       0.686404       0.414132       0.171505
          10000        3.37558        1.68442        2.83727
          10100        14.5122       -2.19306        4.80949
          10200        1.06067       -1.42474        2.02989
          10300       0.656593       0.435541       0.189696
          10400      0.0041818        1.03183        1.06467
          10500         1.9567        1.54881        2.39882
          10600      0.0478101       0.883937       0.781345
          10700     0.00383613      -0.968537       0.938063
          10800       0.964075        1.40779        1.98187
          10900        2.50284        1.60687        2.58204
          11000       0.904838        0.22084      0.0487703
          11100       0.916179       0.206949      0.0428277
          11200       0.819039       -1.38022        1.90501
          11300        4.28193       -1.75194        3.06928
          11400      0.0129351      -0.941418       0.886267
          11500        2.91529       -1.64542        2.70742
          11600       0.295412      -0.675634       0.456482
          11700      0.0177029       -1.06445        1.13305
          11800       0.967888        1.40848        1.98381
          11900       0.386556      -0.615032       0.378264
          12000       0.918846      -0.203558      0.0414357
          12100        1.09876        1.43116        2.04822
          12200         3.7397        1.71284        2.93383
          12300       0.106954       -1.15197        1.32704
          12400       0.235772       0.717242       0.514437
          12500       0.616692       -0.46336       0.214703
          12600       0.549033      -0.508952       0.259032
          12700        0.87635      -0.252713      0.0638641
          12800        7.87134       -1.95079        3.80559
          12900       0.173373        1.19012        1.41638
          13000       0.082857        1.13483        1.28785
          13100        23.8214       -2.42502        5.88071
          13200       0.519304      -0.528557       0.279373
          13300       0.926252      -0.193856      0.0375801
          13400      0.0731807        1.12717        1.27052
          13500       0.405592        0.60261       0.363139
          13600       0.507557         1.3086        1.71243
          13700       0.760774       -1.36829        1.87222
          13800         2.8886        1.64304        2.69959
          13900        4.45113       -1.76345        3.10977
          14000      0.0111881      -0.945635       0.894226
          14100       0.880912      -0.247853      0.0614311
          14200        14.0638       -2.17949        4.75017
          14300       0.974271       -0.11379      0.0129482
          14400        4.90517       -1.79298        3.21476
          14500      0.0134356        0.94026       0.884088
          14600    0.000457691      -0.989245       0.978606
          14700        10.1566         2.0462        4.18695
          14800         5.0431        1.80158        3.24569
          14900       0.627915        0.45562       0.207589
          15000       0.277336       0.688021       0.473373
          15100       0.130257       -1.16658        1.36091
          15200         4.5305        1.76876         3.1285
          15300       0.117781       -1.15896        1.34319
          15400        0.21678      -0.731029       0.534404
          15500       0.929883       0.188932      0.0356955
          15600       0.229144        1.21601        1.47869
          15700        4.47985       -1.76538        3.11657
          15800        0.02317       0.920751       0.847783
          15900       0.795974       0.328369       0.107826
          16000       0.519799      -0.528232       0.279029
          16100        3.35387       -1.68266        2.83136
          16200        1.99182        1.55284        2.41132
          16300         2.7598        1.63134        2.66127
          16400       0.428837       -1.28641        1.65486
          16500        1.49448         1.4908        2.22249
          16600      0.0327664        1.08675        1.18101
          16700       0.708519       0.397824       0.158264
          16800       0.919664       0.202506      0.0410088
          16900      0.0515763       0.879145       0.772896
          17000        1.87606       -1.53938        2.36969
          17100      0.0292605      -0.910463       0.828943
          17200        3.23977        -1.6733        2.79994
          17300     0.00654014       -1.03965        1.08087
          17400        6.43393        1.88056        3.53652
          17500       0.105676        1.15112        1.32508
          17600       0.780511       0.341372       0.116535
          17700        10.5606        2.06148        4.24971
          17800        1.16755        -1.4424        2.08053
          17900        5.66048       -1.83825        3.37918
          18000        40.8969        2.71939        7.39507
          18100        9.92129        2.03711        4.14981
          18200        0.42984       -1.28671        1.65562
          18300        4.06689        1.73685        3.01665
          18400       0.998771      0.0247979    0.000614934
          18500       0.110903      -0.816688       0.666979
          18600       0.448216        1.29209        1.66949
          18700      0.0127641        1.05498        1.11298
          18800        20.7099       -2.35602        5.55082
          18900       0.806316       0.319451       0.102049
          19000       0.952599        1.40571        1.97601
          19100       0.825397      -0.302467      0.0914862
          19200    0.000234063      -0.992321       0.984701
          19300      0.0294131        1.08236         1.1715
          19400      0.0325684        1.08649        1.18047
          19500        2.63221        1.61939        2.62241
          19600       0.277342      -0.688017       0.473368
          19700        13.3888       -2.15849        4.65907
          19800       0.949614       0.159746      0.0255188
          19900        1.05618        1.42398        2.02771
          20000        1.45584        1.48546        2.20658
          20100       0.188064      -0.752553       0.566337
          20200       0.997511      0.0352879     0.00124524
          20300       0.999999   -0.000790143    6.24327e-07
          20400       0.363008      -0.630475       0.397499
          20500        1.83031       -1.53391        2.35289
          20600       0.516092        1.31088         1.7184
          20700       0.340793      -0.645155       0.416225
          20800        3.53123        1.69681        2.87916
          20900       0.535388       -1.31594         1.7317
          21000        21.0577       -2.36408        5.58886
          21100        14.5102          2.193        4.80923
          21200       0.239122        1.22025          1.489
          21300       0.880726       0.248052      0.0615298
          21400       0.137015       0.793627       0.629845
          21500       0.995116      0.0494486     0.00244517
          21600       0.538212      -0.516111        0.26637
          21700        11.0241       -2.07852        4.32025
          21800     0.00114074       -1.01675        1.03377
          21900    0.000489451         -1.011        1.02212
          22000       0.275318       0.689415       0.475292
          22100      0.0331537      -0.904389       0.817919
          22200       0.748753       0.367008       0.134695
          22300       0.146489         1.1759        1.38274
          22400       0.171064       0.765769       0.586402
          22500       0.591315        1.33003        1.76897
          22600        13.0924       -2.14903        4.61835
          22700        1.66915       -1.51392        2.29196
          22800        11.6906       -2.10218        4.41915
          22900       0.543594       0.512554       0.262712
          23000        0.21855       -0.72973       0.532506
          23100      0.0218118      -0.923207       0.852312
          23200       0.122049      -0.806625       0.650644
          23300       0.549687      -0.508519       0.258591
          23400        0.58957       0.481836       0.232166
          23500       0.967189       0.128617      0.0165423
          23600       0.992504        0.06128     0.00375524
          23700       0.317999       0.660368       0.436086
          23800      0.0619627        1.11755        1.24892
          23900       0.709094      -0.397395       0.157923
          24000       0.329789       0.652478       0.425728
          24100     0.00351648      -0.969897         0.9407
          24200       0.103568      -0.823517       0.678181
          24300        0.85158        0.27783      0.0771893
          24400       0.164707      -0.770817       0.594159
          24500       0.838074       0.290751      0.0845359
          24600         1.3704       -1.47331        2.17064
          24700      0.0852352       0.841457       0.708049
          24800       0.276235      -0.688781       0.474419
          24900       0.437594        -0.5818       0.338491
          25000       0.112266       0.815438       0.664938
          25100       0.825727       0.302167       0.091305
          25200       0.869665       0.259696      0.0674419
          25300          7.121       -1.91534        3.66852
          25400         3.6047        1.70253         2.8986
          25500       0.024598      -0.918239       0.843162
          25600       0.990233       -1.41248         1.9951
          25700       0.991004       0.067144     0.00450832
          25800       0.228297       -1.21565         1.4778
          25900     0.00974892      -0.949349       0.901263
          26000       0.136581      -0.793997       0.630431
          26100       0.533224      -0.519402       0.269778
          26200        2.77776       -1.63299        2.66666
          26300      0.0396336        0.89494       0.800918
          26400        1.55059        1.49841        2.24523
          26500       0.688206      -0.412817       0.170418
          26600        1.55392        1.49885        2.24656
          26700       0.939669       0.175028      0.0306349
          26800        8.22025        1.96649         3.8671
          26900       0.447219       0.575548       0.331256
          27000       0.976492       0.108739      0.0118241
          27100      0.0101087       -1.04907        1.10054
          27200         3.1825        1.66852        2.78396
          27300       0.978518      -0.103921      0.0107995
          27400       0.017175      -0.932173       0.868946
          27500        0.26699       -1.23155        1.51671
          27600        0.70553        1.35645        1.83996
          27700       0.575194       0.491512       0.241584
          27800       0.189616         1.1981        1.43545
          27900       0.999928     0.00600708    3.60851e-05
          28000       0.162145        0.77287       0.597328
          28100       0.657564        -1.3457         1.8109
          28200        3.01484       -1.65419        2.73633
          28300       0.936541       0.179581      0.0322493
          28400        1.36208        -1.4721        2.16708
          28500       0.997232      0.0372165     0.00138507
          28600       0.732895      -0.379351       0.143907
          28700       0.925252       0.195191      0.0380996
          28800      0.0289678       0.910934       0.829801
          28900       0.807517       0.318403       0.101381
          29000       0.293756       0.676763       0.458008
          29100       0.567107        1.32403        1.75307
          29200      0.0906941       -0.83597       0.698845
          29300      0.0898858       0.836774        0.70019
          29400       0.618864       -1.33667        1.78668
          29500        4.09224       -1.73866        3.02293
          29600      0.0762948        -1.1297        1.27622
          29700      0.0227966        1.07284        1.15099
          29800       0.675233      -0.422225       0.178274
          29900       0.309546       0.666057       0.443632
          30000       0.718255      -0.390513       0.152501
          30100       0.936969       0.178966      0.0320287
          30200         7.1332        1.91593         3.6708
          30300       0.144883       0.786998       0.619365
          30400       0.990675      0.0683633     0.00467354
          30500       0.278711       0.687073       0.472069
          30600        1.56965        1.50095        2.25286
          30700        13.4125        2.15924        4.66231
          30800        19.6666        2.33124         5.4347
          30900       0.999862    -0.00830306    6.89408e-05
          31000       0.626635       0.456505       0.208397
          31100        7.37075        1.92741        3.71491
          31200      0.0281513       -1.08064        1.16778
          31300       0.738435        0.37507       0.140677
          31400       0.138557      -0.792318       0.627768
          31500       0.969012      -0.124964      0.0156159
          31600        3.05464       -1.65763        2.74775
          31700      0.0782174       -1.13123        1.27967
          31800       0.995044      0.0498092     0.00248095
          31900       0.969463      -0.124045      0.0153871
          32000       0.252021       -1.22557        1.50202
          32100       0.708575        1.35712        1.84177
          32200      0.0364463        1.09129        1.19091
          32300       0.123662      -0.805198       0.648344
          32400        1.78224        1.52807        2.33501
          32500        0.62988      -0.454258        0.20635
          32600        0.50813       -0.53588       0.287168
          32700         2.5146        1.60803        2.58575
          32800       0.975344       -1.40982         1.9876
          32900      0.0306533       0.908251       0.824919
          33000        11.1329        2.08245        4.33661
          33100        10.2622       -2.05024        4.20347
          33200        0.88705       0.241178      0.0581668
          33300        1.34239       -1.46922        2.15862
          33400        1.04021        1.42124        2.01991
          33500     0.00868567        1.04556         1.0932
          33600        1.15766       -1.44081        2.07595
          33700       0.873441      -0.255772      0.0654191
          33800       0.224451      -0.725422       0.526237
          33900       0.970669      -0.121551      0.0147745
          34000        3.38146        -1.6849        2.83887
          34100        5.07573        1.80359        3.25294
          34200        2.11612        1.56674        2.45469
          34300      0.0969282       -0.82986       0.688667
          34400      0.0880117       -1.13871        1.29667
          34500        12.6104        2.13333        4.55111
          34600       0.830536      -0.297763      0.0886628
          34700       0.410958      -0.599116        0.35894
          34800      0.0012257       0.982339        0.96499
          34900       0.355254      -0.635585       0.403968
          35000       0.935811      -0.180629      0.0326267
          35100       0.386027      -0.615377       0.378689
          35200      0.0464555       -1.10251        1.21554
          35300       0.311416        1.24822        1.55805
          35400      0.0104733        1.04992        1.10234
          35500       0.240487      -0.713867       0.509606
          35600       0.462473       0.565638       0.319946
          35700    5.35246e-05       -1.00365        1.00732
          35800        4.44988        1.76337        3.10947
          35900        6.64943        1.89173        3.57865
          36000        0.87858      -0.250347      0.0626739
          36100       0.308588         1.2472        1.55551
          36200       0.644031      -0.444393       0.197485
          36300        12.2382        2.12092        4.49831
          36400       0.938123      -0.177292      0.0314323
          36500       0.467628       -1.29763        1.68383
          36600        14.4574        2.19141        4.80229
          36700       0.959726       0.142633      0.0203442
          36800        5.52594        -1.8305        3.35073
          36900       0.814252      -0.312475      0.0976406
          37000      0.0193667       -1.06732        1.13916
          37100       0.620004        1.33694         1.7874
          37200       0.418095         1.2832         1.6466
          37300        0.47449       0.557824       0.311168
          37400        5.93104       -1.85348        3.43537
          37500       0.192439      -0.749213       0.561321
          37600        1.68452        1.51588        2.29789
          37700       0.203007        0.74124       0.549437
          37800        7.87783        1.95109        3.80675
          37900       0.145691       -1.17546         1.3817
          38000        1.71912       -1.52025        2.31115
          38100        5.42618       -1.82467        3.32942
          38200       0.270768       -1.23303        1.52035
          38300       0.528021      -0.522828       0.273349
          38400     0.00259689        1.02516        1.05096
          38500       0.999995     0.00150667    2.27004e-06
          38600      0.0770095       -1.13027        1.27751
          38700      0.0140416        1.05759         1.1185
          38800        7.77835        1.94653        3.78897
          38900        2.00557        1.55441        2.41618
          39000       0.264889      -0.696654       0.485326
          39100       0.679616       -0.41906       0.175612
          39200        5.69761       -1.84037        3.38697
          39300      0.0533793       0.876904        0.76896
          39400       0.872675       0.256572      0.0658294
          39500     0.00238167      -0.975294       0.951198
          39600      0.0684631        1.12323        1.26165
          39700      0.0764742      -0.850565        0.72346
          39800       0.203421      -0.740931       0.548978
          39900       0.571059       0.494283       0.244316
          40000       0.371328      -0.625006       0.390633
          40100        1.52951       -1.49557        2.23673
          40200        1.71319        -1.5195        2.30889
          40300      0.0129768        0.94132       0.886084
          40400        0.28982       0.679449        0.46165
          40500        11.0847        2.08071        4.32937
          40600       0.102694      -0.824343       0.679541
          40700        0.25609        1.22721        1.50605
          40800       0.875826       0.253268      0.0641445
          40900       0.697911       0.405696       0.164589
          41000        4.85126        1.78957        3.20256
          41100        8.32004        -1.9709        3.88445
          41200        5.21556        1.81212        3.28376
          41300        4.24141       -1.74913        3.05947
          41400       0.686941        0.41374       0.171181
          41500       0.228188        -1.2156        1.47769
          41600       0.631835      -0.452901        0.20512
          41700        6.97642       -1.90822        3.64129
          41800       0.768093      -0.351555       0.123591
          41900       0.709061        0.39742       0.157943
          42000       0.936165      -0.180122      0.0324438
          42100        1.27478       -1.45913        2.12906
          42200        39.6205        2.70083        7.29448
          42300      0.0183769        1.06563        1.13556
          42400      0.0100534       0.948543       0.899733
          42500       0.031431       0.907035       0.822712
          42600       0.440688        -1.2899        1.66384
          42700       0.135056      -0.795299         0.6325
          42800       0.686634       0.413964       0.171366
          42900        0.46718       0.562578       0.316494
          43000      0.0865068       -1.13759        1.29412
          43100       0.551887        1.32019        1.74289
          43200        3.45051        1.69043        2.85756
          43300        3.33076        1.68078        2.82504
          43400         1.3588       -1.47162        2.16568
          43500        2.00492       -1.55433        2.41595
          43600       0.264317        1.23049        1.51412
          43700       0.111853       -1.15518        1.33444
          43800       0.705668       0.399949       0.159959
          43900         5.2664       -1.81518        3.29486
          44000      0.0468427       0.885194       0.783568
          44100     0.00855929      -0.952619       0.907484
          44200        6.08606       -1.86199        3.46699
          44300        8.62021       -1.98394        3.93602
          44400        10.3118        2.05212         4.2112
          44500      0.0720119       -1.12621        1.26835
          44600         1.2665        1.45787        2.12539
          44700       0.778482       0.343051       0.117684
          44800       0.180661       -0.75826       0.574958
          44900       0.474895       -0.55756       0.310873
          45000       0.105722       -1.15115        1.32515
          45100       0.602496      -0.473069       0.223794
          45200       0.962383         0.1378      0.0189888
          45300       0.773966       0.346766       0.120247
          45400       0.633539      -0.451717       0.204049
          45500        26.1148        2.47189        6.11026
          45600    0.000389337       -1.00982        1.01973
          45700        6.47775       -1.88285        3.54514
          45800       0.261173      -0.699249       0.488949
          45900      0.0690127       -0.85866       0.737297
          46000     0.00135547        1.01824        1.03682
          46100       0.215861        1.21021        1.46461
          46200       0.104604      -0.822542       0.676575
          46300       0.369913       0.625935       0.391795
          46400      0.0010279      -0.983839       0.967939
          46500       0.930664       -1.40168        1.96471
          46600      0.0350476       -1.08959        1.18721
          46700       0.903169      -0.222818      0.0496479
          46800        4.20487        1.74659        3.05058
          46900       0.316764       -1.25013        1.56282
          47000         8.1864       -1.96499        3.86119
          47100        13.6396       -2.16637        4.69318
          47200       0.910692       -1.39796         1.9543
          47300      0.0435895      -0.889505       0.791219
          47400       0.542927      -0.512995       0.263164
          47500        2.64207        1.62032        2.62545
          47600        1.36038        1.47185        2.16635
          47700       0.862162       0.267345      0.0714733
          47800        2.24596        1.58071        2.49865
          47900       0.147967       -1.17672        1.38466
          48000         1.4078        1.47869        2.18651
          48100      0.0906184      -0.836045       0.698971
          48200        4.03466        1.73454        3.00865
          48300       0.371395        1.26863        1.60942
          48400        7.05349       -1.91203        3.65584
          48500        1.74735        1.52377        2.32187
          48600       0.974708      -0.112815      0.0127272
          48700     0.00429085        1.03223         1.0655
          48800        9.56731       -2.02314        4.09311
          48900       0.647537       0.441931       0.195303
          49000       0.212447      -0.734221        0.53908
          49100        22.7503       -2.40202        5.76972
          49200       0.430983       0.586095       0.343507
          49300         0.1608        1.18364          1.401
          49400       0.532412       0.519937       0.270334
          49500        4.54715        1.76986        3.13241
          49600       0.018525        1.06588        1.13611
          49700        0.23423        0.71835       0.516027
          49800        4.02512       -1.73386        3.00627
          49900      0.0398907       -0.89458       0.800273
          50000       0.663987       0.430286       0.185146
          50100       0.498709      -0.542039       0.293807
          50200       0.749218      -0.366641       0.134426
          50300      0.0990722       -1.14663        1.31476
          50400       0.280032         1.2366        1.52918
          50500        10.8526        2.07228        4.29433
          50600       0.617818       0.462586       0.213986
          50700        4.63946        1.77593        3.15394
          50800        5.66949        1.83877        3.38107
          50900      0.0145592       -1.05861        1.12066
          51000       0.105191      -0.821991       0.675669
          51100       0.994502     -0.0524655     0.00275263
          51200      0.0396872      -0.894865       0.800784
          51300        3.96023        1.72917        2.99003
          51400        12.7864       -2.13911        4.57581
          51500        4.33025       -1.75526        3.08093
          51600       0.792461      -0.331357       0.109797
          51700       0.782329      -0.339863       0.115507
          51800       0.922553      -0.198756       0.039504
          51900       0.972739       0.117152      0.0137246
          52000       0.820657      -0.306755      0.0940987
          52100      0.0621336        1.11771        1.24927
          52200       0.479504       0.554561       0.307537
          52300      0.0135298      -0.940044       0.883682
          52400       0.176447      -0.761541       0.579945
          52500        2.93555       -1.64722        2.71334
          52600       0.352465       -1.26241        1.59369
          52700       0.082147        1.13429        1.28661
          52800         3.3645        1.68353        2.83426
          52900       0.302412        0.67088        0.45008
          53000        3.04923       -1.65717        2.74621
          53100       0.583347       0.486034       0.236229
          53200        6.18249       -1.86721        3.48646
          53300       0.753823      -0.363001        0.13177
          53400       0.710577       -1.35756        1.84296
          53500       0.988866     -0.0747173     0.00558267
          53600      0.0601136       0.868803       0.754819
          53700        8.07675       -1.96009        3.84196
          53800      0.0102967      -0.947907       0.898528
          53900     0.00292915        -1.0267        1.05412
          54000       0.544037        1.31818        1.73759
          54100       0.660509      -0.432762       0.187283
          54200       0.104814      -0.822344       0.676249
          54300        2.95364       -1.64882        2.71862
          54400      0.0138365        1.05718        1.11763
          54500      0.0269287       -1.07893         1.1641
          54600       0.982584      0.0935226     0.00874648
          54700       0.347414       0.640766       0.410582
          54800        0.99651      0.0417917     0.00174655
          54900       0.123506        1.16251        1.35143
          55000      0.0784524       -1.13141        1.28009
          55100       0.724128       0.386061       0.149043
          55200        7.33411        1.92566        3.70816
          55300       0.825213       0.302634      0.0915874
          55400       0.268718       0.693989        0.48162
          55500        3.53099       -1.69679        2.87909
          55600       0.998713      -0.025371    0.000643689
          55700        7.15126        1.91682        3.67418
          55800       0.998519       0.027216    0.000740711
          55900       0.495544       0.544106       0.296051
          56000       0.443131      -0.578204       0.334319
          56100       0.182929       0.756504       0.572298
          56200       0.487292         1.3031        1.69806
          56300        4.50073        1.76677        3.12149
          56400        7.48931       -1.93304        3.73666
          56500       0.999472      0.0162497    0.000264054
          56600        1.11835        1.43441        2.05752
          56700       0.346432        1.26039        1.58858
          56800      0.0599486       -1.11573        1.24484
          56900       0.372038       -1.26884        1.60995
          57000       0.272001        0.69171       0.478463
          57100        10.4835         2.0586        4.23783
          57200       0.277073       -1.23547        1.52638
          57300        2.71555        1.62724        2.64789
          57400       0.833956       0.294598      0.0867882
          57500        4.96572        1.79677        3.22839
          57600       0.712221        1.35791        1.84393
          57700        1.09459       -1.43046        2.04623
          57800       0.479206        1.30086        1.69225
          57900       0.976001      -0.109875      0.0120726
          58000      0.0192763      -0.927988       0.861161
          58100       0.112624        1.15568         1.3356
          58200    0.000887818        1.01479         1.0298
          58300       0.770579      -0.349533       0.122173
          58400       0.350187       -1.26165        1.59177
          58500       0.581022       0.487598       0.237752
          58600        14.6881        -2.1983        4.83251
          58700       0.573927      -0.492362        0.24242
          58800         1.6575        1.51243        2.28744
          58900      0.0897408      -0.836918       0.700432
          59000        0.11397      -0.813883       0.662406
          59100        28.6083       -2.51966        6.34867
          59200        4.13063       -1.74138        3.03239
          59300         5.4579        1.82653        3.33622
          59400     0.00302292       0.972121       0.945019
          59500        2.86062       -1.64053        2.69134
          59600        0.41541      -0.596219       0.355477
          59700      0.0119177       -1.05317        1.10917
          59800       0.389877       -1.27452         1.6244
          59900       0.927514      -0.192158      0.0369248
          60000        12.5248         2.1305        4.53903
          60100        0.72465       0.385663       0.148736
          60200       0.972418      -0.117846      0.0138876
          60300      0.0301082       -1.08329        1.17352
          60400       0.622309      -0.459494       0.211134
          60500       0.805174       -1.37743        1.89731
          60600     0.00579582       -1.03737        1.07613
          60700       0.920431       0.201518      0.0406093
          60800      0.0230195       -0.92102       0.848278
          60900       0.293266        1.24159        1.54154
          61000      0.0615118       -0.86717       0.751984
          61100       0.750613      -0.365542       0.133621
          61200       0.605174       0.471244       0.222071
          61300       0.606556       0.470301       0.221183
          61400      0.0706104       0.856898       0.734274
          61500       0.116049      -0.811998       0.659341
          61600       0.819839        0.30749      0.0945503
          61700       0.230464       -1.21658        1.48007
          61800        7.59182       -1.93787        3.75533
          61900        4.38226         1.7588        3.09338
          62000        3.11868        1.66312        2.76598
          62100       0.503626      -0.538826       0.290334
          62200       0.699496      -0.404526       0.163641
          62300       0.609266        0.46845       0.219445
          62400       0.602285      -0.473212        0.22393
          62500       0.554603      -0.505256       0.255283
          62600        2.80596       -1.63557         2.6751
          62700       0.966314      -0.130335      0.0169871
          62800       0.229078      -0.722066       0.521379
          62900         1.8828       -1.54018        2.37215
          63000       0.986073      0.0835931      0.0069878
          63100        0.93333      -0.184147        0.03391
          63200       0.776477       0.344704       0.118821
          63300        1.23814       -1.45352        2.11272
          63400        5.43031        1.82491         3.3303
          63500        9.24684       -2.01019        4.04086
          63600       0.164009       -1.18532        1.40498
          63700      0.0496645        1.10583        1.22286
          63800       0.988293      0.0766204     0.00587068
          63900       0.282082       -1.23738        1.53111
          64000       0.248926      -0.707866       0.501075
          64100       0.217238       0.730693       0.533912
          64200        0.28916        -0.6799       0.462264
          64300         1.0102       -1.41601        2.00509
          64400      0.0141617      -0.938614       0.880997
          64500       0.131938       0.797977       0.636767
          64600         8.3477       -1.97212        3.88924
          64700       0.831662       0.296724      0.0880451
          64800        10.3316        2.05287        4.21428
          64900       0.616605        1.33613        1.78524
          65000        0.18368       0.755924       0.571421
          65100        0.30722        1.24671        1.55427
          65200       0.821804       0.305722       0.093466
          65300       0.139531      -0.791493       0.626462
          65400       0.653123       0.437995        0.19184
          65500       0.571593        1.32516        1.75604
          65600       0.150574       0.782279       0.611961
          65700        3.26457        1.67535        2.80681
          65800       0.549386       0.508718       0.258794
          65900       0.396597       0.608474       0.370241
          66000      0.0151597       0.936416       0.876875
          66100        11.8628        2.10814        4.44424
          66200       0.215482       -1.21004         1.4642
          66300        2.25137       -1.58128        2.50046
          66400         30.175        2.54817        6.49317
          66500       0.271767       0.691872       0.478687
          66600       0.622127       0.459619        0.21125
          66700        0.60319       0.472596       0.223347
          66800        2.96118        1.64949        2.72081
          66900        2.15693       -1.57119        2.46865
          67000       0.419748       0.593397        0.35212
          67100        1.47445       -1.48804        2.21427
          67200       0.674997      -0.422396       0.178418
          67300       0.763616        1.36889        1.87385
          67400       0.317661       -1.25045        1.56361
          67500       0.503826        -1.3076        1.70981
          67600       0.283944       0.683474       0.467136
          67700        0.15857      -0.775752       0.601791
          67800         2.8894        1.64311        2.69982
          67900      0.0571184       0.872356       0.761005
          68000       0.138493       -1.17139        1.37215
          68100       0.300875      -0.671922       0.451479
          68200      0.0014366      -0.980866       0.962097
          68300        16.0508       -2.23749        5.00634
          68400      0.0832189      -0.843518       0.711523
          68500       0.372943       0.623947        0.38931
          68600       0.767177       0.352297       0.124113
          68700       0.105885      -0.821341       0.674601
          68800       0.295579       -1.24245        1.54367
          68900       0.199596        1.20281        1.44676
          69000      0.0490836       0.882299       0.778452
          69100       0.235317       -1.21864         1.4851
          69200         9.2511       -2.01036        4.04156
          69300       0.814608       -0.31216      0.0974438
          69400        12.2519       -2.12138        4.50027
          69500       0.935142      -0.181583      0.0329725
          69600       0.133473      -0.796656       0.634661
          69700       0.551576       -1.32011        1.74268
          69800       0.761802       0.356633       0.127187
          69900      0.0657458      -0.862317        0.74359
          70000       0.142034       0.789383       0.623126
          70100         0.6472       0.442168       0.195513
          70200      0.0240546       -1.07475         1.1551
          70300       0.999872     0.00801012    6.41621e-05
          70400       0.332478        1.25563        1.57661
          70500       0.145805       -1.17552        1.38184
          70600       0.923628        1.40038        1.96106
          70700      0.0674495      -0.860401        0.74029
          70800        3.44014        -1.6896        2.85476
          70900      0.0129719       -1.05541        1.11389
          71000       0.279494       -1.23639        1.52867
          71100        0.45154        1.29305        1.67197
          71200         4.6291        1.77526        3.15153
          71300        0.04569         1.1017        1.21375
          71400        20.2774        2.34586        5.50305
          71500       0.228718        1.21583        1.47824
          71600       0.919732       0.202419      0.0409734
          71700       0.020751       0.925175       0.855948
          71800        0.94153      -0.172265      0.0296752
          71900        1.78862        1.52885        2.33739
          72000       0.243098      -0.712004        0.50695
          72100       0.724485        1.36058        1.85117
          72200       0.196315      -0.746274       0.556925
          72300       0.025044      -0.917468       0.841747
          72400       0.999764     -0.0108608    0.000117957
          72500       0.879306       0.249573      0.0622867
          72600      0.0508268      -0.880086       0.774552
          72700       0.453041        1.29348        1.67308
          72800        10.8347        2.07162        4.29161
          72900        0.27892        1.23618        1.52813
          73000        4.00239       -1.73222         3.0006
          73100       0.584155      -0.485489         0.2357
          73200       0.091713        1.14142        1.30284
          73300       0.800788       0.324241       0.105132
          73400        3.66627        1.70726        2.91475
          73500      0.0143026        1.05811        1.11959
          73600        19.6894        -2.3318        5.43728
          73700        7.13467        1.91601        3.67108
          73800       0.823508       0.304181      0.0925263
          73900       0.359015      -0.633104       0.400821
          74000         5.5776       -1.83349        3.36169
          74100      0.0117996        1.05291        1.10863
          74200        2.75992        1.63135         2.6613
          74300       0.900136       0.226373      0.0512449
          74400       0.981673      -0.095947     0.00920582
          74500       0.806536        1.37771        1.89807
          74600       0.594993       -1.33092        1.77136
          74700       0.433873       0.584217        0.34131
          74800       0.565429       0.498046        0.24805
          74900      0.0129347        1.05533        1.11373
          75000        0.64132      -0.446291       0.199176
          75100     0.00043592       -1.01039        1.02088
          75200      0.0652307        1.12045         1.2554
          75300       0.698792       -1.35497        1.83594
          75400        1.12815        1.43602        2.06214
          75500        10.0579         2.0424        4.17141
          75600       0.914342        1.39865        1.95621
          75700       0.223174       0.726352       0.527587
          75800     0.00498058       0.964068       0.929427
          75900     0.00473742       -1.03384        1.06883
          76000        13.1651        2.15137        4.62837
          76100        0.60749       0.469664       0.220584
          76200       0.863989       0.265499      0.0704898
          76300        15.3173       -2.21669        4.91374
          76400       0.818547       0.308649      0.0952642
          76500    0.000353521        1.00936         1.0188
          76600       0.677077        1.35013        1.82285
          76700        1.17899        1.44424        2.08582
          76800       0.585984      -0.484256       0.234504
          76900        12.4555         2.1282        4.52923
          77000        15.3889        2.21875        4.92286
          77100        9.74245        -2.0301        4.12129
          77200       0.890768        -1.3942        1.94381
          77300        12.9885       -2.14568        4.60396
          77400        5.14482        1.80782        3.26822
          77500        10.9442        2.07562        4.30821
          77600        0.22784      -0.722962       0.522674
          77700       0.736915       0.376248       0.141563
          77800       0.441333      -0.579371       0.335671
          77900        1.27074       -1.45852        2.12727
          78000       0.265276        1.23087        1.51505
          78100        2.12247       -1.56744        2.45687
          78200       0.383217      -0.617215       0.380955
          78300        2.00242        1.55405        2.41507
          78400       0.597343      -0.476571        0.22712
          78500       0.965544       0.131829       0.017379
          78600       0.646624      -0.442573        0.19587
          78700       0.933181      -0.184356      0.0339871
          78800       0.109597      -0.817891       0.668946
          78900       0.995245      0.0487892     0.00238039
          79000        16.4439       -2.24836         5.0551
          79100      0.0408097       -1.09636        1.20201
          79200       0.999686      -0.012524     0.00015685
          79300       0.942812       0.170338      0.0290151
          79400        28.9761        2.52645        6.38294
          79500       0.426743        0.58885       0.346744
          79600        2.86414       -1.64085        2.69238
          79700      0.0497362       0.881467       0.776984
          79800        1.74107       -1.52299         2.3195
          79900       0.970942      -0.120979      0.0146359
          80000       0.136966       -0.79367       0.629911
          80100        15.4191       -2.21962        4.92671
          80200       0.020623      -0.925415       0.856393
          80300        4.13654        1.74179        3.03385
          80400       0.988248      0.0767689     0.00589347
          80500         5.8775         1.8505        3.42436
          80600        1.95452       -1.54856        2.39804
          80700        12.6936       -2.13607        4.56281
          80800        3.16593        1.66712        2.77931
          80900    3.96889e-05      -0.996845         0.9937
          81000     0.00163834        1.02004        1.04048
          81100        0.74278       -0.37169       0.138153
          81200        6.66203       -1.89238        3.58109
          81300        1.19446       -1.44669        2.09291
          81400       0.583153       0.486164       0.236355
          81500       0.489158       0.548271       0.300602
          81600        0.15553        1.18084        1.39437
          81700       0.626485      -0.456609       0.208492
          81800        0.65497      -0.436689       0.190698
          81900        8.97063       -1.99877         3.9951
          82000       0.276142      -0.688845       0.474508
          82100       0.206523      -0.738615       0.545552
          82200       0.312371       0.664153       0.441099
          82300       0.227835        1.21545        1.47732
          82400       0.275619       0.689206       0.475006
          82500        5.90325        1.85193        3.42966
          82600        7.01847        -1.9103        3.64924
          82700       0.919036       0.203313      0.0413362
          82800       0.980079       0.100054      0.0100108
          82900        1.08194       -1.42834        2.04016
          83000        2.36655       -1.59322        2.53836
          83100       0.792999        -0.3309       0.109495
          83200        4.74109       -1.78253         3.1774
          83300       0.909867        0.21478      0.0461304
          83400       0.920211       -1.39974        1.95928
          83500       0.437281      -0.582003       0.338727
          83600       0.371628       -0.62481       0.390387
          83700        2.06706        1.56132        2.43773
          83800       0.351844       -1.26221        1.59316
          83900        4.77982        1.78502        3.18628
          84000      0.0241047      -0.919099       0.844743
          84100       0.775316       0.345658        0.11948
          84200      0.0887695        1.13927        1.29794
          84300       0.997628     -0.0344501     0.00118681
          84400       0.048188       0.883449       0.780482
          84500        20.8504       -2.35928        5.56623
          84600       0.176982       0.761123       0.579308
          84700       0.985052      0.0866162     0.00750236
          84800       0.545098      -0.511559       0.261692
          84900        3.73504       -1.71249        2.93262
          85000        4.71523        1.78086        3.17146
          85100       0.931035       0.187346      0.0350984
          85200        3.64977         -1.706        2.91044
          85300       0.993617     -0.0565398     0.00319674
          85400      0.0977405       0.829075       0.687365
          85500       0.514227       -1.31038         1.7171
          85600       0.852737        1.38688        1.92344
          85700       0.691634        1.35338        1.83165
          85800        1.48324        1.48926        2.21788
          85900      0.0737346        1.12763        1.27154
          86000        1.80138       -1.53041        2.34215
          86100        2.76766        1.63206        2.66363
          86200        3.88441        1.72363        2.97089
          86300       0.601023      -0.474071       0.224743
          86400       0.215639      -0.731868        0.53563
          86500      0.0167622        1.06276        1.12947
          86600     0.00574252       0.961364       0.924221
          86700       0.622057       0.459667       0.211294
          86800        18.0759       -2.29163        5.25157
          86900       0.390016       -0.61277       0.375487
          87000       0.076388       -1.12977        1.27638
          87100       0.950564       0.158212      0.0250311
          87200       0.948831       0.160998      0.0259203
          87300       0.018283       -1.06546        1.13521
          87400         1.3831        1.47515        2.17605
          87500        29.9303        2.54379        6.47086
          87600      0.0295578        1.08255        1.17192
          87700      0.0178194       -1.06465        1.13349
          87800    0.000398104       0.989973       0.980047
          87900       0.586284      -0.484054       0.234308
          88000        2.09659        -1.5646        2.44796
          88100       0.128254      -0.801171       0.641874
          88200      0.0258182      -0.916144        0.83932
          88300       0.143865       -1.17443         1.3793
          88400        1.69832        1.51763         2.3032
          88500        1.41587       -1.47983         2.1899
          88600       0.218148       0.730025       0.532937
          88700       0.996912      0.0393118     0.00154542
          88800      0.0390523       0.895759       0.802383
          88900       0.993361      0.0576626     0.00332498
          89000       0.396984       0.608221       0.369933
          89100      0.0189836       -1.06667        1.13778
          89200       0.905292        1.39695        1.95147
          89300       0.425432      -0.589702       0.347749
          89400       0.423326      -0.591071       0.349365
          89500        11.0048        2.07782        4.31734
          89600     0.00141478       0.981013       0.962386
          89700        2.87614       -1.64193        2.69592
          89800       0.116616       0.811486       0.658509
          89900       0.636483      -0.449668       0.202201
          90000       0.396385       -1.27655        1.62959
          90100       0.421372      -0.592341       0.350868
          90200       0.728946      -0.382383       0.146217
          90300        4.06835        1.73696        3.01701
          90400    0.000298282       0.991327       0.982729
          90500        3.66674        -1.7073        2.91487
          90600       0.267012        1.23156        1.51673
          90700       0.354818      -0.635873       0.404334
          90800        14.9385        2.20568        4.86504
          90900       0.384708       -1.27289        1.62025
          91000       0.155688       -1.18092        1.39457
          91100        0.80386       0.321586       0.103418
          91200       0.391819        1.27513        1.62595
          91300       0.216524       0.731217       0.534678
          91400       0.762767       -1.36871        1.87337
          91500        25.3174       -2.45594        6.03164
          91600       0.720178      -0.389059       0.151367
          91700        1.38857       -1.47593        2.17838
          91800        8.00202       -1.95673        3.82878
          91900       0.091695      -0.834978       0.697188
          92000     0.00155785       0.980067        0.96053
          92100         5.3414        1.81966        3.31115
          92200       0.154707        1.18039        1.39333
          92300      0.0722737        0.85508       0.731162
          92400      0.0127558       0.941838       0.887058
          92500       0.640559       -1.34177        1.80035
          92600      0.0186739       -1.06614        1.13665
          92700        3.75028        1.71364        2.93656
          92800       0.762304        0.35623         0.1269
          92900        1.78539       -1.52846        2.33618
          93000       0.497044      -0.543126       0.294986
          93100        1.28195       -1.46022        2.13223
          93200       0.959859       0.142395      0.0202763
          93300       0.150953      -0.781968       0.611473
          93400       0.233855        0.71862       0.516414
          93500    0.000876831         1.0147        1.02961
          93600       0.981712      -0.095844     0.00918607
          93700        2.57746        1.61414        2.60545
          93800        0.44778       0.575184       0.330836
          93900       0.197348       0.745494       0.555761
          94000       0.921137       0.200603      0.0402414
          94100       0.274856       0.689734       0.475733
          94200       0.148782       0.783758       0.614277
          94300        0.33966      -0.645907       0.417196
          94400        0.98301      0.0923658     0.00853144
          94500       0.821998       0.305547       0.093359
          94600      0.0361033        1.09088        1.19001
          94700      0.0352977       0.901179       0.812123
          94800      0.0151876       0.936356       0.876762
          94900       0.456686       -1.29452        1.67579
          95000       0.897117      -0.229863      0.0528372
          95100        21.8966        2.38315        5.67938
          95200        5.54769       -1.83176        3.35535
          95300       0.661218       0.432258       0.186847
          95400       0.113687       -1.15636        1.33717
          95500       0.272722      -0.691211       0.477772
          95600       0.116653      -0.811453       0.658455
          95700       0.173844       0.763579       0.583054
          95800       0.825365       -1.38148         1.9085
          95900       0.648003        -1.3435        1.80499
          96000       0.887883      -0.240259      0.0577244
          96100      0.0459239       0.886398       0.785701
          96200      0.0463899       0.885786       0.784617
          96300       0.965916       -1.40812        1.98281
          96400       0.919371       0.202884      0.0411618
          96500       0.999156     -0.0205415    0.000421953
          96600      0.0127278       0.941904       0.887183
          96700       0.350262       -1.26168        1.59183
          96800    0.000157652       0.993702       0.987444
          96900       0.458727         1.2951        1.67729
          97000       0.111685       -0.81597       0.665807
          97100       0.367619       0.627442       0.393684
          97200       0.119752         1.1602        1.34605
          97300        26.4758        2.47901        6.14547
          97400        5.52578        1.83049         3.3507
          97500       0.245884       -1.22306        1.49587
          97600       0.886494       0.241789      0.0584622
          97700      0.0710743       0.856389       0.733402
          97800       0.586964       -1.32896        1.76614
          97900      0.0538465       -1.10998        1.23205
          98000       0.014281        1.05807         1.1195
          98100       0.185811       -1.19627        1.43106
          98200      0.0907484       -1.14072        1.30124
          98300       0.285887      -0.682141       0.465316
          98400       0.370618      -0.625473       0.391216
          98500       0.912508      -0.211535      0.0447471
          98600        1.83149        1.53405        2.35332
          98700       0.621883       0.459788       0.211405
          98800        1.28841       -1.46119        2.13508
          98900       0.343245      -0.643528       0.414129
          99000       0.157256       -1.18176        1.39655
          99100       0.129642       0.799964       0.639942
          99200        5.08233          1.804         3.2544
          99300       0.709156       0.397349       0.157886
          99400       0.213222       0.733649        0.53824
          99500        1.87559        1.53933        2.36952
          99600       0.363381        0.63023       0.397189
          99700       0.955212        -0.1505      0.0226503
          99800       0.261323       0.699144       0.488803
          99900    1.63143e-05       -1.00202        1.00404
         100000       0.345466       0.642057       0.412237
