              0              0              0              0
            100      0.0530881      -0.325847       0.106176
            200      0.0590766       0.343734       0.118153
            300       0.119089      -0.488034       0.238177
            400      0.0332175        0.25775       0.066435
            500      0.0300881       0.245308      0.0601762
            600      0.0568437      -0.337175       0.113687
            700      0.0641636       0.358228       0.128327
            800      0.0261012       0.228478      0.0522024
            900     0.00191428      0.0618753     0.00382855
           1000     0.00175787      0.0592938     0.00351575
           1100      0.0029704      0.0770766      0.0059408
           1200     0.00262913     -0.0725139     0.00525827
           1300       0.056544       0.336286       0.113088
           1400    1.43634e-05     0.00535975    2.87269e-05
           1500      0.0228614       0.213829      0.0457227
           1600      0.0430583       0.293456      0.0861165
           1700      0.0525378       0.324154       0.105076
           1800      0.0139463       0.167011      0.0278925
           1900      0.0846986       0.411579       0.169397
           2000      0.0366819       0.270858      0.0733639
           2100      0.0481542      -0.310336      0.0963084
           2200     0.00877765      -0.132496      0.0175553
           2300      0.0769071       0.392191       0.153814
           2400      0.0178116      -0.188741      0.0356231
           2500      0.0286433       0.239346      0.0572866
           2600     0.00514181      -0.101408      0.0102836
           2700      0.0319594       0.252822      0.0639189
           2800     0.00655209      -0.114474      0.0131042
           2900       0.191074      -0.618182       0.382149
           3000     0.00509589       0.100954      0.0101918
           3100      0.0160493       0.179161      0.0320986
           3200      0.0147665       0.171851      0.0295329
           3300      0.0175156       0.187166      0.0350312
           3400      0.0238745      -0.218515      0.0477489
           3500       0.067344       0.366999       0.134688
           3600    0.000621482     -0.0352557     0.00124296
           3700      0.0837755       -0.40933       0.167551
           3800     0.00707184       0.118927      0.0141437
           3900      0.0363133      -0.269493      0.0726267
           4000       0.156919       0.560212       0.313838
           4100      0.0214701        0.20722      0.0429403
           4200       0.025769       -0.22702      0.0515381
           4300     0.00507541      -0.100751      0.0101508
           4400    0.000587466      0.0342773     0.00117493
           4500     0.00234911     -0.0685436     0.00469823
           4600      0.0750926      -0.387537       0.150185
           4700       0.062114        0.35246       0.124228
           4800      0.0370992      -0.272394      0.0741984
           4900      0.0402255       0.283639       0.080451
           5000    0.000128249      0.0160155    0.000256497
           5100      0.0183806      -0.191732      0.0367613
           5200       0.102046      -0.451766       0.204092
           5300     0.00290688      0.0762481     0.00581377
           5400      0.0157026       0.177215      0.0314053
           5500        0.29228      -0.764565        0.58456
           5600      0.0606185      -0.348191       0.121237
           5700      0.0019221     -0.0620016     0.00384419
           5800      0.0432818      -0.294217      0.0865635
           5900    1.75894e-06     -0.0018756    3.51787e-06
           6000      0.0531513      -0.326041       0.106303
           6100    3.30709e-05     0.00813276    6.61418e-05
           6200      0.0111583       0.149387      0.0223165
           6300     0.00401137      0.0895698     0.00802275
           6400     6.4256e-05      0.0113363    0.000128512
           6500      0.0735212       0.383461       0.147042
           6600     0.00284396      0.0754183     0.00568793
           6700     0.00158804      0.0563567     0.00317608
           6800      0.0603493      -0.347417       0.120699
           6900      0.0814666       -0.40365       0.162933
           7000      0.0473872       0.307854      0.0947744
           7100      0.0346587       0.263282      0.0693175
           7200    0.000169104      0.0183904    0.000338207
           7300       0.026354      -0.229582      0.0527079
           7400    1.42832e-06     0.00169016    2.85663e-06
           7500      0.0380728      -0.275945      0.0761457
           7600      0.0171032       -0.18495      0.0342064
           7700      0.0255987       0.226268      0.0511974
           7800      0.0934808       0.432391       0.186962
           7900      0.0458712       -0.30289      0.0917423
           8000    0.000229008     -0.0214013    0.000458016
           8100       0.128923       0.507785       0.257845
           8200      0.0278156      -0.235863      0.0556312
           8300      0.0913428       0.427417       0.182686
           8400      0.0231434      -0.215144      0.0462868
           8500     0.00902612      -0.134359      0.0180522
           8600      0.0618349       0.351667        0.12367
           8700      0.0155675       0.176451      0.0311349
           8800      0.0338352      -0.260135      0.0676703
           8900      0.0120937       0.155523      0.0241874
           9000     0.00766555       0.123819      0.0153311
           9100       0.103935       0.455927       0.207869
           9200     0.00364244     -0.0853515     0.00728488
           9300      0.0335771      -0.259141      0.0671541
           9400      0.0473498      -0.307733      0.0946997
           9500       0.414261      -0.910232       0.828522
           9600      0.0260728       0.228354      0.0521455
           9700      0.0228186       0.213628      0.0456371
           9800      0.0253239      -0.225051      0.0506479
           9900       0.152023       0.551404       0.304046
          10000      0.0116429       0.152597      0.0232857
          10100      0.0094023        0.13713      0.0188046
          10200      0.0190278       0.195078      0.0380556
          10300      0.0356217       0.266915      0.0712435
          10400     0.00769912        0.12409      0.0153982
          10500    0.000148403     -0.0172281    0.000296807
          10600       0.144738       -0.53803       0.289476
          10700      0.0298835       0.244473       0.059767
          10800      0.0255391       0.226005      0.0510783
          10900    0.000877057     -0.0418821     0.00175411
          11000       0.261783       0.723578       0.523565
          11100      0.0015985      -0.056542     0.00319699
          11200      0.0197235       0.198613       0.039447
          11300    0.000662006       0.036387     0.00132401
          11400      0.0146772      -0.171332      0.0293545
          11500     0.00261188     -0.0722756     0.00522376
          11600       0.146507       0.541308       0.293014
          11700       0.119265      -0.488396        0.23853
          11800    3.58136e-06    -0.00267633    7.16272e-06
          11900      0.0557966      -0.334056       0.111593
          12000    0.000483793      -0.031106    0.000967585
          12100     0.00753358      -0.122748      0.0150672
          12200      0.0189905      -0.194887      0.0379809
          12300      0.0973695       0.441292       0.194739
          12400      0.0889412       0.421761       0.177882
          12500     0.00653742      -0.114345      0.0130748
          12600     0.00574954      -0.107234      0.0114991
          12700      0.0245204      -0.221451      0.0490407
          12800      0.0065184      -0.114179      0.0130368
          12900        0.09585       0.437836         0.1917
          13000      0.0596317      -0.345345       0.119263
          13100      0.0752591      -0.387967       0.150518
          13200      0.0551307      -0.332056       0.110261
          13300      0.0276672       0.235233      0.0553344
          13400      0.0123204       0.156974      0.0246408
          13500      0.0232109       0.215457      0.0464218
          13600     0.00264055     -0.0726711     0.00528109
          13700       0.028858       0.240242      0.0577161
          13800    3.74822e-05     -0.0086582    7.49645e-05
          13900      0.0325153       0.255011      0.0650307
          14000       0.127183      -0.504347       0.254366
          14100        0.13685      -0.523163       0.273699
          14200    0.000610717      -0.034949     0.00122143
          14300       0.127954       0.505874       0.255909
          14400     0.00307406       -0.07841     0.00614813
          14500       0.112601       0.474555       0.225202
          14600       0.163712      -0.572209       0.327424
          14700    3.61111e-05     0.00849837    7.22223e-05
          14800      0.0309307        0.24872      0.0618614
          14900       0.023343      -0.216069       0.046686
          15000     0.00138223     -0.0525781     0.00276446
          15100    0.000379209      0.0275394    0.000758419
          15200     0.00300717      0.0775522     0.00601434
          15300      0.0393648      -0.280588      0.0787296
          15400      0.0437889       0.295935      0.0875778
          15500     0.00374677     -0.0865653     0.00749355
          15600       0.121259      -0.492461       0.242518
          15700       0.004163     -0.0912469     0.00832599
          15800    0.000461458      0.0303795    0.000922916
          15900      0.0293237       0.242172      0.0586475
          16000      0.0253914      -0.225351      0.0507829
          16100      0.0305086      -0.247017      0.0610172
          16200      0.0666239      -0.365031       0.133248
          16300      0.0830928       0.407659       0.166186
          16400      0.0969147       -0.44026       0.193829
          16500       0.089005      -0.421912        0.17801
          16600      0.0269438       0.232137      0.0538877
          16700      0.0138932       0.166693      0.0277865
          16800      0.0294367       0.242639      0.0588735
          16900      0.0234026       0.216345      0.0468053
          17000      0.0195589      -0.197782      0.0391177
          17100       0.024067       0.219395       0.048134
          17200     0.00573016      -0.107053      0.0114603
          17300       0.136026       0.521586       0.272052
          17400      0.0252424      -0.224688      0.0504848
          17500     0.00109642      0.0468278     0.00219285
          17600        0.01954      -0.197687      0.0390801
          17700    0.000141829      0.0168422    0.000283658
          17800    0.000249567     -0.0223413    0.000499134
          17900    0.000464871      0.0304917    0.000929742
          18000      0.0152452      -0.174615      0.0304905
          18100      0.0553515       0.332721       0.110703
          18200    0.000593555      0.0344544     0.00118711
          18300       0.205017      -0.640338       0.410033
          18400       0.100919       0.449263       0.201838
          18500     0.00307404     -0.0784097     0.00614808
          18600       0.001636      0.0572015     0.00327201
          18700        0.02056      -0.202781        0.04112
          18800       0.106988       0.462575       0.213975
          18900       0.114034      -0.477566       0.228069
          19000     0.00118448      -0.048672     0.00236896
          19100      0.0403571       0.284103      0.0807143
          19200      0.0434878       0.294916      0.0869755
          19300    2.09284e-05     0.00646968    4.18568e-05
          19400     0.00605451      -0.110041       0.012109
          19500      0.0210302       0.205086      0.0420605
          19600     0.00753703      -0.122776      0.0150741
          19700     0.00259261      0.0720084     0.00518521
          19800     0.00923342      -0.135893      0.0184668
          19900    0.000895517      0.0423206     0.00179103
          20000       0.135865      -0.521277       0.271729
          20100       0.144294      -0.537204       0.288588
          20200       0.161047      -0.567533       0.322094
          20300      0.0306286       0.247502      0.0612572
          20400      0.0132226        0.16262      0.0264451
          20500         0.2185       -0.66106          0.437
          20600      0.0587244       0.342708       0.117449
          20700     0.00570437       0.106812      0.0114087
          20800     0.00606717       0.110156      0.0121343
          20900     0.00637517       0.112917      0.0127503
          21000      0.0108814       0.147522      0.0217627
          21100       0.020955      -0.204719      0.0419101
          21200      0.0576879       -0.33967       0.115376
          21300       0.011777       0.153473      0.0235541
          21400     0.00122138      0.0494243     0.00244276
          21500      0.0686325      -0.370493       0.137265
          21600      0.0315187       0.251072      0.0630374
          21700      0.0729211       0.381893       0.145842
          21800      0.0390086       0.279316      0.0780172
          21900     0.00180223     -0.0600372     0.00360446
          22000      0.0328886       0.256471      0.0657773
          22100      0.0150909      -0.173729      0.0301818
          22200      0.0949659       0.435812       0.189932
          22300    0.000152423     -0.0174598    0.000304846
          22400    4.02097e-05     0.00896769    8.04194e-05
          22500    0.000669768      0.0365997     0.00133954
          22600      0.0548606       0.331242       0.109721
          22700     0.00537949      -0.103725       0.010759
          22800      0.0229236      -0.214119      0.0458471
          22900       0.409219       0.904676       0.818438
          23000      0.0143553       0.169442      0.0287107
          23100     0.00307185      0.0783818     0.00614371
          23200      0.0652806      -0.361333       0.130561
          23300      0.0986608       0.444209       0.197322
          23400      0.0602763       0.347207       0.120553
          23500      0.0101023       0.142143      0.0202046
          23600      0.0175076       0.187123      0.0350151
          23700      0.0151234      -0.173916      0.0302469
          23800    9.48671e-06    -0.00435585    1.89734e-05
          23900       0.156631      -0.559698       0.313262
          24000      0.0884668      -0.420635       0.176934
          24100       0.354629       0.842174       0.709257
          24200    0.000111411      0.0149272    0.000222821
          24300      0.0745558       -0.38615       0.149112
          24400       0.253676       0.712286       0.507352
          24500      0.0341787       0.261453      0.0683575
          24600      0.0450052       0.300017      0.0900104
          24700      0.0484424      -0.311263      0.0968848
          24800        0.18725      -0.611964       0.374499
          24900     0.00151172      0.0549859     0.00302345
          25000    0.000327648      0.0255988    0.000655296
          25100      0.0355419      -0.266616      0.0710839
          25200      0.0887886      -0.421399       0.177577
          25300      0.0109303       0.147854      0.0218607
          25400       0.176005       0.593305       0.352011
          25500      0.0690001      -0.371484          0.138
          25600      0.0131503       0.162175      0.0263007
          25700    0.000168738     -0.0183705    0.000337477
          25800     0.00642591       0.113366      0.0128518
          25900     0.00706663      -0.118883      0.0141333
          26000     0.00134216      0.0518105     0.00268432
          26100       0.136573      -0.522634       0.273146
          26200      0.0828658       0.407102       0.165732
          26300       0.224492      -0.670062       0.448983
          26400      0.0495014      -0.314647      0.0990028
          26500      0.0250105       0.223654      0.0500209
          26600    0.000132406       0.016273    0.000264811
          26700      0.0373692      -0.273383      0.0747385
          26800    4.35673e-05    -0.00933459    8.71346e-05
          26900       0.115307       0.480222       0.230613
          27000      0.0707043      -0.376043       0.141409
          27100      0.0507397       0.318558       0.101479
          27200     0.00294225      0.0767105      0.0058845
          27300      0.0222492      -0.210947      0.0444985
          27400      0.0936869      -0.432867       0.187374
          27500       0.152849        -0.5529       0.305699
          27600      0.0566641      -0.336642       0.113328
          27700      0.0484365      -0.311244       0.096873
          27800     0.00702669      -0.118547      0.0140534
          27900      0.0232995       0.215868      0.0465989
          28000      0.0162664      -0.180369      0.0325328
          28100    3.67312e-05     0.00857102    7.34623e-05
          28200     0.00466997      0.0966434     0.00933995
          28300      0.0193371       0.196657      0.0386741
          28400    3.63408e-05     0.00852535    7.26816e-05
          28500      0.0524135        0.32377       0.104827
          28600      0.0141745       0.168372      0.0283491
          28700      0.0500629      -0.316427       0.100126
          28800        0.16669       -0.57739        0.33338
          28900      0.0410472       0.286521      0.0820945
          29000      0.0436389       0.295428      0.0872779
          29100      0.0227284      -0.213206      0.0454569
          29200       0.171982      -0.586484       0.343964
          29300     0.00110876      0.0470905     0.00221752
          29400        0.13194       0.513693       0.263881
          29500      0.0668112      -0.365544       0.133622
          29600       0.041048       0.286524       0.082096
          29700      0.0464314      -0.304734      0.0928628
          29800      0.0207068       0.203503      0.0414136
          29900     0.00399356     -0.0893707     0.00798712
          30000      0.0781309         0.3953       0.156262
          30100       0.192058       0.619772       0.384117
          30200       0.115396       0.480409       0.230793
          30300      0.0149995       0.173202      0.0299989
          30400    0.000327808       0.025605    0.000655616
          30500       0.013125      -0.162019        0.02625
          30600      0.0118431      -0.153903      0.0236862
          30700      0.0203839        0.20191      0.0407677
          30800      0.0143452      -0.169382      0.0286904
          30900      0.0206041       0.202998      0.0412082
          31000    8.08425e-05     -0.0127155    0.000161685
          31100        0.13366        0.51703        0.26732
          31200     0.00155454      0.0557591     0.00310908
          31300     0.00191472     -0.0618825     0.00382944
          31400    0.000331798     -0.0257604    0.000663597
          31500       0.148652       0.545256       0.297304
          31600     0.00611393       -0.11058      0.0122279
          31700      0.0551443       0.332097       0.110289
          31800     0.00819989       0.128062      0.0163998
          31900      0.0131234       0.162009      0.0262468
          32000     0.00725921       0.120492      0.0145184
          32100       0.272352      -0.738041       0.544704
          32200      0.0716366      -0.378515       0.143273
          32300      0.0560243       0.334737       0.112049
          32400       0.154702      -0.556241       0.309404
          32500      0.0323854       0.254501      0.0647708
          32600       0.107661      -0.464027       0.215321
          32700      0.0321887      -0.253727      0.0643775
          32800      0.0496529       0.315128      0.0993058
          32900       0.066262      -0.364038       0.132524
          33000      0.0238667       -0.21848      0.0477334
          33100      0.0559745       0.334588       0.111949
          33200      0.0269563       0.232191      0.0539127
          33300       0.228297      -0.675717       0.456593
          33400      0.0330712       0.257182      0.0661424
          33500       0.292272      -0.764555       0.584544
          33600     0.00201703      0.0635142     0.00403405
          33700      0.0069246      -0.117683      0.0138492
          33800      0.0282785       0.237817      0.0565569
          33900      0.0174413      -0.186769      0.0348826
          34000       0.191755      -0.619283       0.383511
          34100      0.0198901        0.19945      0.0397802
          34200      0.0777765      -0.394402       0.155553
          34300      0.0538314       -0.32812       0.107663
          34400       0.435029      -0.932769       0.870058
          34500      0.0159966       0.178866      0.0319932
          34600       0.073943       0.384559       0.147886
          34700      0.0170976       0.184919      0.0341951
          34800     0.00286959     -0.0757574     0.00573918
          34900      0.0369676        0.27191      0.0739352
          35000       0.105247      -0.458796       0.210494
          35100      0.0691584       -0.37191       0.138317
          35200    1.44886e-08    0.000170227    2.89773e-08
          35300    0.000723252     -0.0380329      0.0014465
          35400      0.0597119       0.345577       0.119424
          35500       0.032293      -0.254138       0.064586
          35600      0.0291642      -0.241513      0.0583284
          35700     0.00658599      -0.114769       0.013172
          35800     0.00567829      -0.106567      0.0113566
          35900      0.0107206       0.146428      0.0214411
          36000      0.0297386      -0.243879      0.0594772
          36100      0.0414481      -0.287917      0.0828962
          36200     0.00993091       0.140932      0.0198618
          36300       0.143531      -0.535782       0.287063
          36400    0.000114098      0.0151061    0.000228196
          36500       0.293067       0.765594       0.586135
          36600     0.00749895       0.122466      0.0149979
          36700       0.123867        0.49773       0.247735
          36800     0.00847066      -0.130159      0.0169413
          36900      0.0183215       0.191424      0.0366431
          37000      0.0322195      -0.253848      0.0644389
          37100     0.00213608     -0.0653617     0.00427216
          37200       0.165486      -0.575302       0.330973
          37300     0.00347393      0.0833538     0.00694786
          37400      0.0257161       0.226787      0.0514323
          37500       0.111578       0.472394       0.223156
          37600      0.0449644      -0.299881      0.0899288
          37700      0.0164264      -0.181253      0.0328528
          37800      0.0066974       0.115736      0.0133948
          37900    0.000464899      0.0304926    0.000929797
          38000       0.252898      -0.711194       0.505797
          38100      0.0201979      -0.200987      0.0403959
          38200    0.000334109      0.0258499    0.000668217
          38300       0.105175        0.45864        0.21035
          38400      0.0674971       0.367416       0.134994
          38500     0.00929467       0.136343      0.0185893
          38600       0.106504       0.461528       0.213008
          38700     0.00247829     -0.0704029     0.00495657
          38800      0.0672737      -0.366807       0.134547
          38900     0.00804253       0.126827      0.0160851
          39000      0.0158627      -0.178116      0.0317253
          39100       0.277016      -0.744333       0.554032
          39200      0.0339699      -0.260653      0.0679398
          39300     0.00080515     -0.0401285      0.0016103
          39400      0.0528619      -0.325152       0.105724
          39500      0.0411328        0.28682      0.0822656
          39600     0.00130753     -0.0511376     0.00261505
          39700      0.0742294      -0.385304       0.148459
          39800      0.0647569        0.35988       0.129514
          39900      0.0459552       0.303167      0.0919103
          40000     0.00508388       0.100835      0.0101678
          40100     0.00452454     -0.0951266     0.00904908
          40200      0.0555768       0.333397       0.111154
          40300      0.0296525      -0.243526       0.059305
          40400      0.0314046      -0.250618      0.0628092
          40500     0.00521071       0.102085      0.0104214
          40600       0.225376        0.67138       0.450752
          40700      0.0140499       -0.16763      0.0280998
          40800      0.0146676      -0.171275      0.0293352
          40900      0.0492104      -0.313721      0.0984207
          41000       0.211338       0.650136       0.422677
          41100      0.0141618      -0.168296      0.0283235
          41200       0.208756       0.646152       0.417513
          41300      0.0521338       0.322905       0.104268
          41400     0.00387549      0.0880397     0.00775099
          41500      0.0648205       0.360057       0.129641
          41600       0.266791      -0.730467       0.533582
          41700     0.00109985     -0.0469009     0.00219969
          41800      0.0131011       0.161871      0.0262023
          41900      0.0942534       0.434174       0.188507
          42000      0.0349166       -0.26426      0.0698332
          42100       0.196223      -0.626455       0.392446
          42200      0.0991052      -0.445208        0.19821
          42300       0.140722      -0.530514       0.281445
          42400     0.00214409      0.0654841     0.00428817
          42500     0.00738472       -0.12153      0.0147694
          42600     0.00432866      0.0930447     0.00865732
          42700      0.0110078      -0.148376      0.0220156
          42800     0.00373463     -0.0864249     0.00746926
          42900      0.0143452       0.169383      0.0286905
          43000      0.0657215      -0.362551       0.131443
          43100      0.0481879       0.310445      0.0963759
          43200      0.0907432       0.426012       0.181486
          43300     0.00320843     -0.0801053     0.00641685
          43400      0.0178658       0.189028      0.0357316
          43500     0.00134157       0.051799     0.00268314
          43600      0.0223652      -0.211496      0.0447305
          43700       0.428881      -0.926155       0.857762
          43800      0.0468155      -0.305992       0.093631
          43900       0.139553      -0.528304       0.279105
          44000      0.0264425       0.229967      0.0528849
          44100      0.0080825       0.127142       0.016165
          44200     0.00154445     -0.0555779      0.0030889
          44300      0.0152655       0.174731      0.0305309
          44400       0.020286      -0.201425       0.040572
          44500       0.145037      -0.538586       0.290075
          44600      0.0376349       0.274354      0.0752699
          44700      0.0537237      -0.327792       0.107447
          44800       0.119241      -0.488346       0.238481
          44900    0.000350454      0.0264747    0.000700908
          45000    0.000348962      0.0264182    0.000697924
          45100      0.0174368      -0.186745      0.0348735
          45200      0.0177041      -0.188171      0.0354082
          45300      0.0575354       0.339221       0.115071
          45400    4.36088e-06    -0.00295326    8.72175e-06
          45500      0.0166984      -0.182748      0.0333968
          45600      0.0335709       0.259117      0.0671418
          45700      0.0138307      -0.166317      0.0276614
          45800     0.00616753       0.111063      0.0123351
          45900      0.0614146       -0.35047       0.122829
          46000     0.00349727     -0.0836334     0.00699454
          46100      0.0248496      -0.222933      0.0496991
          46200      0.0846974      -0.411576       0.169395
          46300      0.0557451       0.333901        0.11149
          46400      0.0141983       0.168513      0.0283965
          46500      0.0258607       0.227423      0.0517214
          46600    0.000230764      0.0214832    0.000461528
          46700     0.00121892     -0.0493744     0.00243783
          46800      0.0216948      -0.208302      0.0433896
          46900     0.00121362      -0.049267     0.00242723
          47000     0.00807389      -0.127074      0.0161478
          47100     0.00688816      -0.117373      0.0137763
          47200      0.0135251      -0.164469      0.0270501
          47300     0.00119212      0.0488286     0.00238424
          47400      0.0141815      -0.168413      0.0283629
          47500     0.00184737      0.0607844     0.00369475
          47600     0.00112303      0.0473927     0.00224606
          47700     0.00401117     -0.0895675     0.00802234
          47800      0.0859401      -0.414584        0.17188
          47900     0.00317761     -0.0797196     0.00635522
          48000    8.60505e-05      0.0131187    0.000172101
          48100       0.160237       0.566104       0.320474
          48200     0.00815164      -0.127684      0.0163033
          48300        0.12182        -0.4936       0.243641
          48400     0.00156697      0.0559816     0.00313394
          48500     0.00178132      0.0596879     0.00356265
          48600      0.0238006      -0.218177      0.0476013
          48700    7.80428e-05      0.0124934    0.000156086
          48800     0.00809519       0.127241      0.0161904
          48900      0.0587285       -0.34272       0.117457
          49000    0.000426219     -0.0291966    0.000852439
          49100       0.155085       -0.55693       0.310171
          49200     0.00422685      -0.091944      0.0084537
          49300     0.00787499       0.125499        0.01575
          49400      0.0627319       0.354209       0.125464
          49500     0.00400247     -0.0894703     0.00800494
          49600       0.027814       0.235856       0.055628
          49700       0.152611       0.552469       0.305222
          49800    0.000260288      0.0228161    0.000520577
          49900      0.0574704       0.339029       0.114941
          50000     0.00113562      0.0476576     0.00227124
          50100       0.160246       -0.56612       0.320492
          50200      0.0437147       0.295685      0.0874295
          50300       0.173852       0.589664       0.347703
          50400      0.0769094       0.392197       0.153819
          50500       0.025875      -0.227486        0.05175
          50600      0.0912405       0.427178       0.182481
          50700       0.125619       0.501236       0.251238
          50800    0.000585572      -0.034222     0.00117114
          50900     2.8776e-05     0.00758631    5.75521e-05
          51000      0.0395016       0.281075      0.0790031
          51100     0.00172245      0.0586933     0.00344491
          51200       0.138717       0.526721       0.277435
          51300    0.000160412      0.0179116    0.000320825
          51400      0.0718489      -0.379075       0.143698
          51500     0.00551314      -0.105006      0.0110263
          51600      0.0170446      -0.184633      0.0340893
          51700      0.0125404      -0.158369      0.0250808
          51800      0.0259536      -0.227831      0.0519072
          51900      0.0398442      -0.282291      0.0796884
          52000       0.159494       -0.56479       0.318988
          52100       0.255356      -0.714641       0.510712
          52200       0.045213       0.300709       0.090426
          52300    0.000661545      0.0363743     0.00132309
          52400      0.0506907       0.318404       0.101381
          52500      0.0504069       0.317512       0.100814
          52600       0.219925      -0.663212        0.43985
          52700       0.170713      -0.584316       0.341426
          52800     0.00712402       0.119365       0.014248
          52900     0.00066982     -0.0366011     0.00133964
          53000      0.0146354      -0.171087      0.0292708
          53100        0.34386       0.829289        0.68772
          53200     0.00164476      0.0573543     0.00328951
          53300      0.0199494      -0.199747      0.0398987
          53400      0.0704682      -0.375415       0.140936
          53500      0.0761893       0.390357       0.152379
          53600       0.114627       0.478804       0.229253
          53700      0.0496393       0.315085      0.0992787
          53800     0.00898387      -0.134044      0.0179677
          53900      0.0144815       0.170185      0.0289631
          54000       0.114242          0.478       0.228484
          54100       0.356091      -0.843909       0.712183
          54200      0.0311189      -0.249475      0.0622378
          54300       0.054504      -0.330164       0.109008
          54400     0.00379335      0.0871016      0.0075867
          54500       0.234431      -0.684734       0.468861
          54600      0.0122284      -0.156386      0.0244567
          54700      0.0234719      -0.216665      0.0469438
          54800     0.00726557       0.120545      0.0145311
          54900       0.157933      -0.562019       0.315866
          55000      0.0685996      -0.370404       0.137199
          55100     0.00800618        0.12654      0.0160124
          55200    0.000362461      0.0269244    0.000724921
          55300      0.0380561      -0.275884      0.0761122
          55400     0.00633142       0.112529      0.0126628
          55500     0.00436251      0.0934079     0.00872503
          55600      0.0381109      -0.276083      0.0762218
          55700       0.144896       0.538323       0.289792
          55800     0.00218575     -0.0661174     0.00437151
          55900     0.00544628       0.104367      0.0108926
          56000      0.0969895       -0.44043       0.193979
          56100      0.0526438       0.324481       0.105288
          56200      0.0329138       0.256569      0.0658277
          56300       0.143023      -0.534832       0.286046
          56400    9.33073e-05     -0.0136607    0.000186615
          56500      0.0490964       0.313357      0.0981928
          56600       0.013536       0.164536      0.0270721
          56700     0.00562354      -0.106052      0.0112471
          56800     0.00181835      -0.060305      0.0036367
          56900      0.0752019       0.387819       0.150404
          57000      0.0067401       0.116104      0.0134802
          57100       0.253757        -0.7124       0.507514
          57200    0.000826841     -0.0406655     0.00165368
          57300    0.000975284     -0.0441652     0.00195057
          57400     0.00371251     -0.0861686     0.00742502
          57500     0.00815935      -0.127745      0.0163187
          57600     0.00875893       0.132355      0.0175179
          57700        0.13234       -0.51447        0.26468
          57800    1.99007e-05     0.00630883    3.98013e-05
          57900      0.0245819       0.221729      0.0491638
          58000      0.0383374      -0.276902      0.0766749
          58100      0.0279085       0.236256       0.055817
          58200     0.00978963      -0.139926      0.0195793
          58300      0.0593323      -0.344477       0.118665
          58400      0.0302678        0.24604      0.0605357
          58500     0.00572795       0.107032      0.0114559
          58600      0.0055761      -0.105604      0.0111522
          58700    2.96011e-08   -0.000243315    5.92022e-08
          58800    0.000490169     -0.0313103    0.000980337
          58900     0.00171646     -0.0585912     0.00343293
          59000     0.00232212     -0.0681487     0.00464425
          59100      0.0063838       0.112994      0.0127676
          59200    0.000435159      0.0295012    0.000870318
          59300      0.0608154      -0.348756       0.121631
          59400     0.00589767       0.108606      0.0117953
          59500      0.0195332      -0.197652      0.0390664
          59600       0.034753       -0.26364      0.0695061
          59700    0.000351998      0.0265329    0.000703996
          59800     0.00788774         0.1256      0.0157755
          59900     0.00300594      0.0775364     0.00601189
          60000       0.025717       -0.22679      0.0514339
          60100    0.000879315      -0.041936     0.00175863
          60200     0.00658521      -0.114762      0.0131704
          60300     0.00182806      0.0604659     0.00365612
          60400       0.017893      -0.189172       0.035786
          60500     0.00136436     -0.0522372     0.00272873
          60600      0.0179858      -0.189662      0.0359716
          60700      0.0506858       0.318389       0.101372
          60800     0.00129373      0.0508671     0.00258746
          60900      0.0784821      -0.396187       0.156964
          61000       0.128535      -0.507022       0.257071
          61100     0.00258741     -0.0719362     0.00517481
          61200    8.20012e-05     -0.0128063    0.000164002
          61300      0.0337238      -0.259707      0.0674477
          61400     0.00933776       0.136658      0.0186755
          61500      0.0123962      -0.157456      0.0247923
          61600     0.00507749       0.100772       0.010155
          61700      0.0023196     -0.0681117      0.0046392
          61800      0.0441335       0.297098       0.088267
          61900      0.0354613       0.266313      0.0709226
          62000      0.0321273      -0.253485      0.0642546
          62100     0.00638384       0.112994      0.0127677
          62200       0.024423       0.221011      0.0488459
          62300      0.0476051       0.308562      0.0952103
          62400    0.000577494      0.0339851     0.00115499
          62500    3.92811e-05     0.00886353    7.85622e-05
          62600       0.248664       0.705215       0.497328
          62700    0.000103362      0.0143779    0.000206723
          62800      0.0237552       0.217969      0.0475104
          62900     0.00371521      0.0861999     0.00743043
          63000    0.000346749     -0.0263344    0.000693499
          63100     0.00571199       0.106883       0.011424
          63200     0.00580945      -0.107791      0.0116189
          63300      0.0466693       0.305514      0.0933386
          63400      0.0154068       0.175538      0.0308135
          63500      0.0013208      0.0513966     0.00264161
          63600       0.122274       0.494519       0.244549
          63700      0.0492154      -0.313737      0.0984307
          63800       0.470663        0.97022       0.941326
          63900      0.0685109       0.370165       0.137022
          64000       0.108484      -0.465798       0.216968
          64100     0.00484491      0.0984369     0.00968982
          64200     0.00141025     -0.0531084      0.0028205
          64300      0.0055838       0.105677      0.0111676
          64400     0.00766962      -0.123852      0.0153392
          64500      0.0145216      -0.170421      0.0290432
          64600    1.90773e-05    -0.00617695    3.81547e-05
          64700      0.0685215       0.370193       0.137043
          64800      0.0159676       0.178704      0.0319352
          64900      0.0738696      -0.384369       0.147739
          65000       0.396638       -0.89066       0.793275
          65100       0.136285      -0.522082       0.272569
          65200      0.0604766       0.347783       0.120953
          65300      0.0118462      -0.153924      0.0236925
          65400      0.0135814       0.164812      0.0271629
          65500      0.0311014       0.249405      0.0622028
          65600     0.00916348      -0.135377       0.018327
          65700     0.00690938      -0.117553      0.0138188
          65800     0.00969311      -0.139234      0.0193862
          65900      0.0554085       0.332892       0.110817
          66000        0.11681       0.483343       0.233621
          66100      0.0196196       0.198089      0.0392393
          66200     0.00354405     -0.0841909     0.00708811
          66300      0.0711703        0.37728       0.142341
          66400      0.0285987       -0.23916      0.0571975
          66500       0.139526      -0.528254       0.279052
          66600     0.00149176     -0.0546216     0.00298352
          66700      0.0209391      -0.204641      0.0418781
          66800     0.00140985     -0.0531008      0.0028197
          66900      0.0189287        0.19457      0.0378575
          67000      0.0839104       0.409659       0.167821
          67100      0.0019247     -0.0620436     0.00384941
          67200      0.0357833      -0.267519      0.0715666
          67300    0.000908618      -0.042629     0.00181724
          67400    0.000645171      0.0359213     0.00129034
          67500     0.00164005     -0.0572721     0.00328009
          67600       0.231367      -0.680245       0.462734
          67700      0.0177242       0.188277      0.0354483
          67800      0.0152629       0.174716      0.0305257
          67900      0.0975349       0.441667        0.19507
          68000       0.154439      -0.555767       0.308877
          68100     7.3498e-06     0.00383401    1.46996e-05
          68200       0.145588       0.539607       0.291176
          68300     0.00225351     -0.0671343     0.00450701
          68400     0.00422076     -0.0918777     0.00844151
          68500      0.0505218       0.317874       0.101044
          68600    0.000452091      0.0300696    0.000904182
          68700     0.00204329      0.0639263     0.00408657
          68800      0.0210478      -0.205172      0.0420957
          68900     0.00132286     -0.0514365     0.00264571
          69000        0.15256      -0.552377        0.30512
          69100      0.0879381      -0.419376       0.175876
          69200       0.154588       0.556036       0.309176
          69300      0.0197799       0.198896      0.0395597
          69400     0.00613515      -0.110771      0.0122703
          69500      0.0356734       0.267108      0.0713468
          69600     0.00618652       0.111234       0.012373
          69700     0.00836797       0.129367      0.0167359
          69800      0.0127067      -0.159416      0.0254133
          69900      0.0565149       0.336199        0.11303
          70000      0.0166487      -0.182476      0.0332974
          70100     0.00519279        0.10191      0.0103856
          70200     0.00144068      0.0536784     0.00288137
          70300      0.0522706       0.323328       0.104541
          70400     5.6581e-06    -0.00336396    1.13162e-05
          70500      0.0940591       0.433726       0.188118
          70600         0.0872      -0.417612         0.1744
          70700      0.0436963      -0.295622      0.0873925
          70800      0.0637927      -0.357191       0.127585
          70900      0.0443366       0.297781      0.0886733
          71000     0.00862776       -0.13136      0.0172555
          71100      0.0111911      -0.149607      0.0223823
          71200      0.0101346        0.14237      0.0202691
          71300    0.000308699      0.0248475    0.000617398
          71400      0.0548813      -0.331304       0.109763
          71500     0.00830374        0.12887      0.0166075
          71600      0.0296536       0.243531      0.0593073
          71700      0.0123886      -0.157408      0.0247771
          71800     0.00402094      0.0896765     0.00804187
          71900       0.112795       0.474962       0.225589
          72000      0.0379931      -0.275656      0.0759863
          72100     0.00568191      -0.106601      0.0113638
          72200      0.0128933      -0.160582      0.0257866
          72300       0.115814      -0.481278       0.231628
          72400      0.0043071     -0.0928127      0.0086142
          72500     0.00636213       0.112802      0.0127243
          72600    9.26607e-05     -0.0136133    0.000185321
          72700      0.0162659       0.180366      0.0325318
          72800     0.00316548     -0.0795673     0.00633096
          72900     0.00311998      0.0789934     0.00623996
          73000      0.0319021       0.252595      0.0638041
          73100       0.159391       0.564608       0.318782
          73200     0.00620037      -0.111359      0.0124007
          73300      0.0587166      -0.342685       0.117433
          73400      0.0128068       0.160043      0.0256137
          73500    0.000678742      -0.036844     0.00135748
          73600    0.000164361     -0.0181307    0.000328723
          73700     0.00633973       0.112603      0.0126795
          73800      0.0116392      -0.152572      0.0232783
          73900      0.0686474      -0.370533       0.137295
          74000      0.0224169        0.21174      0.0448339
          74100       0.023757      -0.217977      0.0475141
          74200      0.0733493      -0.383012       0.146699
          74300       0.169549      -0.582321       0.339098
          74400    6.85984e-06    -0.00370401    1.37197e-05
          74500       0.367633       0.857477       0.735267
          74600      0.0622025      -0.352711       0.124405
          74700     0.00784814       0.125285      0.0156963
          74800     0.00101731      0.0451067     0.00203462
          74900       0.185101      -0.608442       0.370202
          75000      0.0606369       0.348244       0.121274
          75100    0.000360429      0.0268488    0.000720859
          75200     0.00657149       0.114643       0.013143
          75300    0.000590598      0.0343685      0.0011812
          75400       0.146582       0.541447       0.293165
          75500    0.000349447     -0.0264366    0.000698895
          75600       0.130854       0.511574       0.261708
          75700     0.00551345      -0.105009      0.0110269
          75800      0.0135786       0.164794      0.0271572
          75900       0.194849       0.624258       0.389698
          76000      0.0113783      -0.150853      0.0227566
          76100      0.0797564       0.399391       0.159513
          76200      0.0192191      -0.196056      0.0384381
          76300       0.104333      -0.456801       0.208667
          76400      0.0114017       0.151008      0.0228034
          76500    0.000555221      0.0333233     0.00111044
          76600      0.0583104       0.341498       0.116621
          76700      0.0346607       -0.26329      0.0693214
          76800     0.00721262      -0.120105      0.0144252
          76900      0.0698526       0.373772       0.139705
          77000      0.0285505      -0.238958      0.0571009
          77100       0.284147      -0.753852       0.568293
          77200     0.00775327       0.124525      0.0155065
          77300      0.0876717       -0.41874       0.175343
          77400      0.0146159       0.170973      0.0292318
          77500       0.148916       0.545739       0.297831
          77600       0.111409      -0.472036       0.222818
          77700       0.161507      -0.568342       0.323013
          77800     0.00208482     -0.0645727     0.00416963
          77900    0.000171284      0.0185086    0.000342568
          78000     0.00160961      0.0567382     0.00321922
          78100     0.00159822      0.0565371     0.00319644
          78200     0.00773878      -0.124409      0.0154776
          78300    5.41506e-05     -0.0104068    0.000108301
          78400      0.0834057       0.408425       0.166811
          78500      0.0498377      -0.315714      0.0996754
          78600      0.0326175       0.255411      0.0652349
          78700      0.0510408      -0.319502       0.102082
          78800    1.00921e-06     0.00142071    2.01843e-06
          78900     0.00140845      0.0530745      0.0028169
          79000      0.0449694       0.299898      0.0899387
          79100      0.0269594       0.232204      0.0539187
          79200       0.061906      -0.351869       0.123812
          79300     0.00392693      -0.088622     0.00785386
          79400      0.0156046      -0.176661      0.0312092
          79500      0.0250994       0.224051      0.0501989
          79600    0.000121947     -0.0156171    0.000243895
          79700      0.0227256       0.213193      0.0454511
          79800     0.00486099      0.0986001     0.00972198
          79900      0.0216961       0.208308      0.0433923
          80000      0.0172819      -0.185914      0.0345639
          80100      0.0213736       0.206754      0.0427471
          80200      0.0356901      -0.267171      0.0713802
          80300      0.0242184      -0.220083      0.0484367
          80400     0.00432683      -0.093025     0.00865366
          80500      0.0190347      -0.195114      0.0380694
          80600      0.0144369      -0.169923      0.0288738
          80700     0.00521296       0.102107      0.0104259
          80800      0.0747057       0.386538       0.149411
          80900      0.0275934       0.234919      0.0551868
          81000       0.023559       0.217067      0.0471181
          81100      0.0089813      -0.134025      0.0179626
          81200    0.000865216      0.0415985     0.00173043
          81300     0.00186244      0.0610318     0.00372488
          81400      1.149e-05     0.00479374    2.29799e-05
          81500      0.0773066       0.393209       0.154613
          81600      0.0215564      -0.207636      0.0431129
          81700     0.00123946      0.0497887     0.00247892
          81800     0.00464452     -0.0963797     0.00928904
          81900       0.358484        0.84674       0.716968
          82000      0.0052761      -0.102724      0.0105522
          82100     0.00819895      -0.128054      0.0163979
          82200      0.0246833       0.222186      0.0493666
          82300      0.0666956       0.365227       0.133391
          82400      0.0784618       0.396136       0.156924
          82500       0.070927      -0.376635       0.141854
          82600    0.000353219     -0.0265789    0.000706439
          82700    0.000371687      0.0272649    0.000743374
          82800      0.0363887       0.269773      0.0727773
          82900      0.0547129       0.330796       0.109426
          83000      0.0732505      -0.382755       0.146501
          83100      0.0087355      -0.132178       0.017471
          83200    0.000410606     -0.0286568    0.000821212
          83300     0.00213782     -0.0653884     0.00427565
          83400     0.00596264       0.109203      0.0119253
          83500        0.40937       0.904843       0.818741
          83600     0.00956822      -0.138335      0.0191364
          83700       0.016014       0.178964      0.0320281
          83800    0.000224319      0.0211811    0.000448638
          83900      0.0354305      -0.266197       0.070861
          84000     0.00214918      0.0655619     0.00429836
          84100      0.0325802      -0.255265      0.0651604
          84200      0.0772168       -0.39298       0.154434
          84300     0.00241944       0.069562     0.00483888
          84400     0.00224548      0.0670146     0.00449096
          84500      0.0525189      -0.324095       0.105038
          84600    4.84521e-05       0.009844    9.69043e-05
          84700      0.0376726       0.274491      0.0753452
          84800      0.0415529       0.288281      0.0831058
          84900    2.13567e-05    -0.00653554    4.27133e-05
          85000      0.0546964       0.330746       0.109393
          85100        0.03633       0.269555        0.07266
          85200      0.0362704      -0.269334      0.0725408
          85300     0.00530616       0.103016      0.0106123
          85400      0.0164001       0.181108      0.0328002
          85500      0.0347338       0.263567      0.0694675
          85600      0.0944611       0.434652       0.188922
          85700      0.0047954      0.0979327      0.0095908
          85800       0.176693      -0.594463       0.353386
          85900      0.0159958       0.178862      0.0319916
          86000    0.000106106     -0.0145675    0.000212212
          86100       0.229606      -0.677651       0.459211
          86200      0.0718607      -0.379106       0.143721
          86300    0.000898224     -0.0423845     0.00179645
          86400       0.056806       0.337064       0.113612
          86500     0.00484065      0.0983936     0.00968131
          86600      0.0330541       0.257115      0.0661081
          86700     0.00125129      0.0500259     0.00250259
          86800     0.00747687       0.122285      0.0149537
          86900     0.00169379      -0.058203     0.00338759
          87000     0.00383979     -0.0876332     0.00767957
          87100      0.0218172       0.208889      0.0436345
          87200     0.00178183     -0.0596963     0.00356365
          87300     0.00811136       0.127368      0.0162227
          87400      0.0102943      -0.143487      0.0205886
          87500      0.0131935      -0.162441      0.0263869
          87600     0.00319978     -0.0799973     0.00639956
          87700      0.0753418       -0.38818       0.150684
          87800    0.000123451      0.0157131    0.000246902
          87900     0.00249455      0.0706335     0.00498909
          88000      0.0116553      -0.152678      0.0233105
          88100        0.11117       0.471529       0.222339
          88200       0.244822       0.699746       0.489644
          88300    1.49908e-05    -0.00547555    2.99816e-05
          88400      0.0957626      -0.437636       0.191525
          88500       0.233032       0.682689       0.466064
          88600      0.0311443      -0.249577      0.0622886
          88700     0.00100184      0.0447624     0.00200367
          88800     0.00153751      0.0554529     0.00307502
          88900       0.148415      -0.544821        0.29683
          89000      0.0209784      -0.204834      0.0419569
          89100       0.101643       0.450873       0.203286
          89200       0.010467      -0.144686       0.020934
          89300      0.0200588      -0.200294      0.0401176
          89400      0.0123579       0.157213      0.0247159
          89500      0.0284296      -0.238452      0.0568593
          89600      0.0704888        0.37547       0.140978
          89700      0.0478448      -0.309337      0.0956896
          89800     0.00196009     -0.0626114     0.00392019
          89900      0.0410427      -0.286506      0.0820855
          90000      0.0197512      -0.198752      0.0395025
          90100      0.0499448       0.316053      0.0998896
          90200      0.0967016       0.439776       0.193403
          90300     0.00120062     -0.0490025     0.00240124
          90400    0.000159311        0.01785    0.000318623
          90500       0.082449      -0.406076       0.164898
          90600    4.45043e-06    -0.00298343    8.90086e-06
          90700     0.00150466      0.0548572     0.00300931
          90800     0.00956603      -0.138319      0.0191321
          90900      0.0166311       0.182379      0.0332622
          91000     0.00792969      -0.125934      0.0158594
          91100      0.0480752       0.310081      0.0961503
          91200      0.0452815      -0.300937       0.090563
          91300       0.025244      -0.224695       0.050488
          91400      0.0125015      -0.158123      0.0250029
          91500      0.0344899        0.26264      0.0689799
          91600     0.00264247     -0.0726976     0.00528494
          91700      0.0393374        0.28049      0.0786749
          91800      0.0982599      -0.443306        0.19652
          91900    0.000648833      0.0360231     0.00129767
          92000      0.0659531       0.363189       0.131906
          92100      0.0060109      -0.109644      0.0120218
          92200       0.117377      -0.484514       0.234754
          92300    7.91397e-06     0.00397844    1.58279e-05
          92400     0.00086097      0.0414963     0.00172194
          92500       0.027905       0.236241        0.05581
          92600      0.0501856      -0.316814       0.100371
          92700        0.05005       0.316386         0.1001
          92800       0.102494      -0.452757       0.204989
          92900     0.00330959      0.0813584     0.00661918
          93000    0.000137329     -0.0165728    0.000274658
          93100     0.00878574       0.132557      0.0175715
          93200      0.0752276      -0.387886       0.150455
          93300       0.100177       0.447609       0.200354
          93400      0.0426915       0.292204      0.0853829
          93500      0.0131708      -0.162301      0.0263416
          93600       0.108428      -0.465678       0.216856
          93700     0.00614282      -0.110841      0.0122856
          93800      0.0183083       0.191355      0.0366166
          93900      0.0109231       0.147804      0.0218462
          94000      0.0411338      -0.286823      0.0822676
          94100       0.161986      -0.569185       0.323972
          94200      0.0235998      -0.217255      0.0471996
          94300     0.00223851     -0.0669105     0.00447702
          94400      0.0158211      -0.177883      0.0316423
          94500      0.0218217        0.20891      0.0436435
          94600    0.000377182     -0.0274657    0.000754363
          94700     0.00940254      -0.137132      0.0188051
          94800     0.00267072     -0.0730852     0.00534144
          94900      0.0196434      -0.198209      0.0392868
          95000       0.176783      -0.594614       0.353566
          95100      0.0417116      -0.288831      0.0834232
          95200    7.35926e-07     -0.0012132    1.47185e-06
          95300     0.00254308      0.0713174     0.00508617
          95400     0.00100597      0.0448547     0.00201194
          95500    0.000669277      0.0365863     0.00133855
          95600     0.00192404      0.0620328     0.00384807
          95700       0.141109      -0.531243       0.282219
          95800     0.00066114     -0.0363632     0.00132228
          95900     0.00244008      0.0698582     0.00488017
          96000      0.0171108       0.184991      0.0342216
          96100     0.00103261     -0.0454448     0.00206523
          96200      0.0115395       0.151917      0.0230789
          96300      0.0449613      -0.299871      0.0899227
          96400      0.0292085       0.241696       0.058417
          96500      0.0764463       0.391015       0.152893
          96600      0.0106737       0.146107      0.0213473
          96700      0.0148014       0.172055      0.0296029
          96800      0.0376235       0.274312      0.0752469
          96900       0.100888      -0.449195       0.201776
          97000      0.0392353       0.280126      0.0784706
          97100     0.00878516       0.132553      0.0175703
          97200     0.00374972      0.0865993     0.00749945
          97300      0.0209865       0.204873      0.0419729
          97400      0.0022321      0.0668147      0.0044642
          97500      0.0629497       0.354823       0.125899
          97600    0.000215972     -0.0207833    0.000431945
          97700      0.0788767       0.397182       0.157753
          97800       0.199796       0.632133       0.399593
          97900    0.000139283      0.0166903    0.000278566
          98000      0.0173011      -0.186017      0.0346022
          98100      0.0053075       0.103029       0.010615
          98200      0.0354964      -0.266445      0.0709929
          98300      0.0707686       0.376214       0.141537
          98400      0.0136837      -0.165431      0.0273674
          98500      0.0949716       0.435825       0.189943
          98600      0.0276906       0.235332      0.0553812
          98700    0.000317184     -0.0251867    0.000634367
          98800      0.0759098       -0.38964        0.15182
          98900       0.237253       0.688845       0.474507
          99000     0.00208482      0.0645728     0.00416964
          99100    0.000352856      0.0265652    0.000705712
          99200      0.0614228       0.350493       0.122846
          99300      0.0430551       0.293446      0.0861103
          99400        0.22454      -0.670135       0.449081
          99500      0.0153319       0.175111      0.0306637
          99600       0.073755       -0.38407        0.14751
          99700      0.0105448       0.145223      0.0210897
          99800    0.000638803      0.0357436     0.00127761
          99900      0.0287793      -0.239914      0.0575586
         100000     0.00875784      -0.132347      0.0175157
