              0      0.0252816      -0.224863      0.0505632
            100     0.00274619     -0.0741106     0.00549238
            200      0.0143184       0.169224      0.0286368
            300       0.193671       0.622368       0.387341
            400       0.141472      -0.531924       0.282943
            500      0.0616112      -0.351031       0.123222
            600    2.76704e-06     0.00235246    5.53408e-06
            700       0.202934      -0.637077       0.405867
            800    0.000612809      0.0350088     0.00122562
            900      0.0589173       0.343271       0.117835
           1000       0.189155       0.615069        0.37831
           1100       0.019137       0.195637      0.0382739
           1200     0.00683938       0.116956      0.0136788
           1300      0.0647602      -0.359889        0.12952
           1400       0.404944      -0.899938       0.809888
           1500       0.117411      -0.484584       0.234822
           1600      0.0475814       0.308485      0.0951627
           1700      0.0642881      -0.358575       0.128576
           1800      0.0293746       0.242382      0.0587492
           1900    0.000102273     -0.0143019    0.000204546
           2000    2.03919e-06      0.0020195    4.07838e-06
           2100    1.58979e-06     0.00178314    3.17958e-06
           2200       0.012299      -0.156837      0.0245979
           2300      0.0119951      -0.154888      0.0239902
           2400      0.0119758       0.154763      0.0239516
           2500      0.0607342      -0.348523       0.121468
           2600      0.0373172      -0.273193      0.0746344
           2700      0.0111838      -0.149558      0.0223676
           2800      0.0258228      -0.227256      0.0516455
           2900      0.0443925       0.297968       0.088785
           3000       0.178323      -0.597199       0.356646
           3100        0.21408       -0.65434       0.428161
           3200      0.0248473      -0.222923      0.0496945
           3300      0.0160727      -0.179291      0.0321453
           3400     0.00376118      0.0867315     0.00752235
           3500       0.013585       0.164834      0.0271701
           3600      0.0249393      -0.223335      0.0498786
           3700      0.0018427     -0.0607075      0.0036854
           3800       0.179795       0.599659       0.359591
           3900       0.113789      -0.477052       0.227579
           4000       0.135469       0.520517       0.270938
           4100    0.000652736     -0.0361313     0.00130547
           4200      0.0095356      -0.138099      0.0190712
           4300       0.036651      -0.270743       0.073302
           4400       0.106745        0.46205        0.21349
           4500      0.0679496       0.368645       0.135899
           4600      0.0281325       0.237203      0.0562651
           4700      0.0254709       0.225703      0.0509418
           4800     0.00169335      0.0581954     0.00338671
           4900     0.00970716       0.139335      0.0194143
           5000        0.22124      -0.665191       0.442479
           5100      0.0124773       0.157971      0.0249547
           5200    0.000146726      0.0171304    0.000293452
           5300     0.00139383     -0.0527982     0.00278765
           5400      0.0660029       0.363326       0.132006
           5500      0.0731667       0.382535       0.146333
           5600      0.0307739       0.248088      0.0615479
           5700    0.000142078      0.0168569    0.000284156
           5800      0.0751675       0.387731       0.150335
           5900     0.00140887      0.0530824     0.00281774
           6000       0.129468      -0.508858       0.258937
           6100     0.00867068      -0.131687      0.0173414
           6200    0.000313651       0.025046    0.000627303
           6300      0.0152012      -0.174363      0.0304025
           6400    0.000278798     -0.0236135    0.000557595
           6500       0.186893        0.61138       0.373785
           6600      0.0573318        0.33862       0.114664
           6700      0.0667135       0.365277       0.133427
           6800      0.0145504        0.17059      0.0291008
           6900     0.00768068      -0.123941      0.0153614
           7000     0.00859953      -0.131145      0.0171991
           7100     0.00200039     -0.0632517     0.00400078
           7200      0.0303047       -0.24619      0.0606095
           7300       0.103636       -0.45527       0.207271
           7400       0.267315       0.731184        0.53463
           7500       0.171197       0.585145       0.342395
           7600       0.155993      -0.558557       0.311986
           7700     0.00827462       0.128644      0.0165492
           7800      0.0245002       0.221361      0.0490005
           7900        0.11825       0.486313         0.2365
           8000      0.0353544      -0.265911      0.0707087
           8100     0.00410155      0.0905709     0.00820309
           8200      0.0240321      -0.219236      0.0480643
           8300     0.00117929      0.0485651     0.00235857
           8400     0.00674845      -0.116176      0.0134969
           8500     0.00339809      0.0824389     0.00679618
           8600       0.046071      -0.303549      0.0921419
           8700    0.000654479     -0.0361795     0.00130896
           8800      0.0217585      -0.208607      0.0435169
           8900      0.0766913       0.391641       0.153383
           9000      0.0498839        0.31586      0.0997678
           9100      0.0602494       0.347129       0.120499
           9200      0.0013188      0.0513575      0.0026376
           9300    0.000293715      -0.024237    0.000587431
           9400       0.120039       0.489977       0.240078
           9500    0.000746258     -0.0386331     0.00149252
           9600        0.02498       0.223517        0.04996
           9700      0.0400845      -0.283141      0.0801691
           9800      0.0705738       0.375696       0.141148
           9900      0.0578582      -0.340171       0.115716
          10000      0.0343345      -0.262048       0.068669
          10100      0.0523329      -0.323521       0.104666
          10200      0.0815552      -0.403869        0.16311
          10300     0.00797995      -0.126333      0.0159599
          10400      0.0359674      -0.268207      0.0719349
          10500      0.0114152       0.151098      0.0228305
          10600      0.0017712       0.059518     0.00354239
          10700     0.00324956     -0.0806172     0.00649913
          10800       0.154862      -0.556529       0.309725
          10900       0.166887      -0.577731       0.333774
          11000      0.0351832      -0.265267      0.0703664
          11100      0.0176751      -0.188017      0.0353503
          11200    0.000151745     -0.0174209    0.000303489
          11300      0.0353916      -0.266051      0.0707833
          11400      0.0528483       -0.32511       0.105697
          11500      0.0869144       0.416928       0.173829
          11600     0.00333845     -0.0817122     0.00667689
          11700      0.0776157       0.393994       0.155231
          11800     0.00343924      0.0829366     0.00687849
          11900      0.0398897       0.282452      0.0797794
          12000    4.85636e-05    -0.00985531    9.71272e-05
          12100      0.0311714      -0.249685      0.0623428
          12200      0.0579562       0.340459       0.115912
          12300      0.0180855      -0.190187       0.036171
          12400      0.0288996       0.240415      0.0577993
          12500      0.0431794      -0.293869      0.0863588
          12600     0.00180489      0.0600814     0.00360978
          12700       0.255909      -0.715415       0.511819
          12800      0.0062149       0.111489      0.0124298
          12900     0.00308978     -0.0786101     0.00617955
          13000     0.00338743     -0.0823095     0.00677485
          13100      0.0444348        0.29811      0.0888696
          13200     0.00831078      -0.128925      0.0166216
          13300       0.123006      -0.495995       0.246011
          13400       0.207001        0.64343       0.414002
          13500      0.0267699       0.231387      0.0535397
          13600     0.00688166      -0.117317      0.0137633
          13700       0.262901      -0.725122       0.525802
          13800       0.142373       0.533616       0.284746
          13900      0.0374317      -0.273612      0.0748635
          14000       0.291911      -0.764082       0.583822
          14100      0.0518576      -0.322049       0.103715
          14200      0.0794695      -0.398672       0.158939
          14300      0.0574158      -0.338868       0.114832
          14400    0.000642556     -0.0358485     0.00128511
          14500       0.253483      -0.712016       0.506967
          14600       0.188971       -0.61477       0.377942
          14700      0.0121366       0.155798      0.0242731
          14800     0.00619101       0.111274       0.012382
          14900      0.0308008       0.248197      0.0616017
          15000      0.0773773       0.393389       0.154755
          15100     0.00876035       0.132366      0.0175207
          15200      0.0160101       0.178942      0.0320202
          15300      0.0388407       0.278714      0.0776813
          15400       0.324209      -0.805245       0.648419
          15500      0.0169278      -0.183999      0.0338555
          15600     0.00303922     -0.0779644     0.00607844
          15700      0.0595019       0.344969       0.119004
          15800     0.00392636      0.0886156     0.00785272
          15900       0.029972      -0.244835       0.059944
          16000     0.00529598      -0.102917       0.010592
          16100      0.0379869       0.275634      0.0759739
          16200      0.0172236         0.1856      0.0344472
          16300      0.0700906      -0.374408       0.140181
          16400       0.157554      -0.561345       0.315108
          16500      0.0338895       0.260344      0.0677791
          16600      0.0486331       0.311875      0.0972661
          16700     0.00626603       0.111947      0.0125321
          16800      0.0737505      -0.384059       0.147501
          16900       0.164402       0.573414       0.328803
          17000     0.00106039     -0.0460519     0.00212078
          17100     0.00578648      -0.107578       0.011573
          17200       0.227972       0.675236       0.455943
          17300      0.0143179      -0.169221      0.0286359
          17400      0.0235342       0.216953      0.0470684
          17500       0.045619      -0.302056       0.091238
          17600    0.000150482      0.0173483    0.000300963
          17700      0.0813876       0.403454       0.162775
          17800       0.253498      -0.712037       0.506997
          17900       0.141109       0.531241       0.282217
          18000      0.0444697       0.298227      0.0889394
          18100       0.275018       0.741644       0.550036
          18200    0.000531553      0.0326053     0.00106311
          18300    1.35005e-07   -0.000519624    2.70009e-07
          18400      0.0717842       0.378904       0.143568
          18500      0.0493232        0.31408      0.0986464
          18600      0.0144098       0.169763      0.0288196
          18700     0.00154691      0.0556222     0.00309383
          18800      0.0198911      -0.199455      0.0397821
          18900      0.0779174       0.394759       0.155835
          19000     0.00066605     -0.0364979      0.0013321
          19100     0.00337206      0.0821226     0.00674411
          19200    0.000400578      0.0283047    0.000801157
          19300      0.0127038       0.159397      0.0254075
          19400    0.000622197       0.035276     0.00124439
          19500     0.00700545      -0.118368      0.0140109
          19600       0.192354      -0.620249       0.384708
          19700       0.010878       0.147499      0.0217561
          19800       0.016774      -0.183161       0.033548
          19900      0.0240262       0.219209      0.0480524
          20000     0.00832359      -0.129024      0.0166472
          20100      0.0597203       0.345602       0.119441
          20200      0.0200647       0.200323      0.0401294
          20300      0.0768962       0.392164       0.153792
          20400      0.0335675       0.259104       0.067135
          20500      0.0147346      -0.171666      0.0294692
          20600      0.0391001      -0.279643      0.0782002
          20700      0.0918246      -0.428543       0.183649
          20800      0.0377763      -0.274868      0.0755525
          20900      0.0355744      -0.266737      0.0711489
          21000     0.00406698      0.0901885     0.00813397
          21100       0.162187      -0.569539       0.324374
          21200      0.0657771      -0.362704       0.131554
          21300       0.114438      -0.478411       0.228877
          21400      0.0705501       0.375633         0.1411
          21500      0.0226915      -0.213033      0.0453831
          21600      0.0106173      -0.145721      0.0212345
          21700      0.0132406       0.162731      0.0264812
          21800       0.175084       -0.59175       0.350168
          21900    0.000263507     -0.0229568    0.000527015
          22000     0.00419373      0.0915831     0.00838746
          22100      0.0922784      -0.429601       0.184557
          22200       0.110065      -0.469181       0.220131
          22300      0.0307959      -0.248177      0.0615917
          22400      0.0884893       0.420688       0.176979
          22500      0.0917441      -0.428355       0.183488
          22600      0.0139518       0.167044      0.0279035
          22700      0.0741892      -0.385199       0.148378
          22800      0.0235617       0.217079      0.0471235
          22900      0.0468939       0.306248      0.0937878
          23000      0.0189839      -0.194853      0.0379678
          23100       0.029921       0.244626       0.059842
          23200      0.0138075      -0.166178      0.0276151
          23300       0.023232       0.215555       0.046464
          23400      0.0154349      -0.175698      0.0308697
          23500    0.000571438      0.0338064     0.00114288
          23600      0.0522173       0.323163       0.104435
          23700       0.110424       0.469945       0.220848
          23800       0.100894       0.449209       0.201789
          23900    0.000932377     -0.0431828     0.00186475
          24000      0.0791404      -0.397845       0.158281
          24100    1.27412e-05    -0.00504801    2.54824e-05
          24200      0.0613605       0.350315       0.122721
          24300      0.0463911      -0.304602      0.0927822
          24400    0.000505585      0.0317989     0.00101117
          24500      0.0125157       0.158213      0.0250314
          24600     0.00269273     -0.0733857     0.00538547
          24700      0.0486204       0.311835      0.0972409
          24800       0.151725      -0.550863       0.303451
          24900       0.171428      -0.585539       0.342856
          25000       0.035548      -0.266638       0.071096
          25100      0.0099823      -0.141296      0.0199646
          25200      0.0207043      -0.203491      0.0414086
          25300      0.0290718       -0.24113      0.0581436
          25400     0.00131517     -0.0512868     0.00263034
          25500      0.0213953       0.206859      0.0427907
          25600      0.0583127       0.341505       0.116625
          25700      0.0111385       0.149254      0.0222769
          25800      0.0162215       0.180119      0.0324429
          25900       0.144102       0.536847       0.288205
          26000      0.0109722      -0.148136      0.0219443
          26100      0.0128394       0.160246      0.0256788
          26200       0.192677       0.620768       0.385353
          26300      0.0166402      -0.182429      0.0332804
          26400      0.0018163       0.060271     0.00363259
          26500     0.00265001      0.0728012     0.00530002
          26600      0.0185606       0.192669      0.0371212
          26700        0.01129       0.150266        0.02258
          26800      0.0376662      -0.274468      0.0753324
          26900       0.126846      -0.503679       0.253693
          27000       0.114831      -0.479232       0.229663
          27100     0.00573887      -0.107134      0.0114777
          27200      0.0187232       0.193511      0.0374465
          27300      0.0335576       0.259066      0.0671152
          27400     0.00997143       0.141219      0.0199429
          27500     0.00343377     -0.0828706     0.00686753
          27600      0.0802236      -0.400559       0.160447
          27700      0.0698815       0.373849       0.139763
          27800     0.00684251       0.116983       0.013685
          27900      0.0245218      -0.221458      0.0490435
          28000       0.099627       0.446379       0.199254
          28100      0.0198791      -0.199395      0.0397583
          28200       0.087396       0.418081       0.174792
          28300     0.00146632      0.0541539     0.00293264
          28400      0.0557488      -0.333913       0.111498
          28500       0.130214       0.510321       0.260427
          28600    0.000218069      0.0208839    0.000436138
          28700         0.1737      -0.589407         0.3474
          28800     0.00745133       0.122076      0.0149027
          28900     0.00904393       0.134491      0.0180879
          29000      0.0239739        0.21897      0.0479477
          29100     0.00620782      -0.111425      0.0124156
          29200       0.181624      -0.602701       0.363248
          29300       0.029096       -0.24123       0.058192
          29400      0.0552186      -0.332321       0.110437
          29500      0.0207919      -0.203921      0.0415837
          29600    7.83506e-05       0.012518    0.000156701
          29700    6.66511e-05     -0.0115457    0.000133302
          29800      0.0279355        0.23637       0.055871
          29900    0.000896263      0.0423382     0.00179253
          30000       0.262693      -0.724835       0.525385
          30100     0.00375513      0.0866618     0.00751026
          30200    0.000456232      -0.030207    0.000912465
          30300       0.142732      -0.534289       0.285464
          30400    0.000778628     -0.0394621     0.00155726
          30500       0.113016       0.475429       0.226033
          30600      0.0179783      -0.189622      0.0359565
          30700      0.0193606       0.196777      0.0387211
          30800       0.129361      -0.508647       0.258722
          30900      0.0699539      -0.374042       0.139908
          31000      0.0419415       0.289625      0.0838829
          31100     0.00225196      0.0671112     0.00450392
          31200      0.0491244      -0.313447      0.0982487
          31300      0.0352377      -0.265472      0.0704753
          31400      0.0652883      -0.361354       0.130577
          31500      0.0178345       0.188862       0.035669
          31600     0.00959753      -0.138546      0.0191951
          31700       0.013237      -0.162709      0.0264741
          31800      0.0045314      0.0951987     0.00906279
          31900     0.00322961     -0.0803693     0.00645923
          32000     7.1218e-05      0.0119347    0.000142436
          32100     0.00488103      0.0988032     0.00976207
          32200     0.00349494     -0.0836055     0.00698988
          32300      0.0156825      -0.177102      0.0313649
          32400      0.0278194       0.235879      0.0556387
          32500       0.437747      -0.935678       0.875493
          32600      0.0142385       0.168751      0.0284769
          32700      0.0731657       0.382533       0.146331
          32800     0.00411814       0.090754     0.00823628
          32900       0.142599      -0.534039       0.285197
          33000      0.0171056      -0.184963      0.0342112
          33100      0.0431939      -0.293918      0.0863879
          33200    0.000484319       0.031123    0.000968639
          33300     6.8769e-07    -0.00117277    1.37538e-06
          33400      0.0103972       0.144202      0.0207944
          33500      0.0116323       0.152527      0.0232646
          33600     0.00806187       0.126979      0.0161237
          33700    0.000293681      0.0242356    0.000587362
          33800     0.00854555       0.130733      0.0170911
          33900     0.00810484      -0.127317      0.0162097
          34000      0.0326186      -0.255416      0.0652372
          34100      0.0782542      -0.395611       0.156508
          34200      0.0156284      -0.176796      0.0312569
          34300     0.00457801     -0.0956871     0.00915601
          34400     0.00667276       0.115523      0.0133455
          34500    1.65426e-05    -0.00575198    3.30852e-05
          34600      0.0042658      0.0923667      0.0085316
          34700     0.00583445       0.108023      0.0116689
          34800      0.0584974       0.342045       0.116995
          34900      0.0889347       0.421746       0.177869
          35000      0.0487545       0.312264      0.0975091
          35100    6.84725e-06     0.00370061    1.36945e-05
          35200       0.083208       0.407941       0.166416
          35300       0.270374      -0.735356       0.540748
          35400    0.000232942     -0.0215844    0.000465885
          35500    8.84535e-06     0.00420603    1.76907e-05
          35600     0.00782586      -0.125107      0.0156517
          35700      0.0225796       0.212507      0.0451592
          35800       0.137681       -0.52475       0.275362
          35900     0.00358345     -0.0846575      0.0071669
          36000     0.00664964       0.115322      0.0132993
          36100     0.00237147       0.068869     0.00474293
          36200      0.0823741       0.405892       0.164748
          36300    3.56699e-05    -0.00844629    7.13398e-05
          36400      0.0299337       0.244678      0.0598675
          36500      0.0911316      -0.426923       0.182263
          36600      0.0766058      -0.391422       0.153212
          36700      0.0446746       0.298913      0.0893493
          36800      0.0786133       0.396518       0.157227
          36900       0.121114       0.492167       0.242228
          37000     0.00940729       0.137166      0.0188146
          37100      0.0671316       0.366419       0.134263
          37200       0.123338       0.496664       0.246675
          37300      0.0804447       -0.40111       0.160889
          37400     0.00523973       0.102369      0.0104795
          37500      0.0165914      -0.182161      0.0331828
          37600       0.194446      -0.623612       0.388892
          37700      0.0362916       0.269413      0.0725832
          37800      0.0545985        0.33045       0.109197
          37900       0.174591       0.590917       0.349182
          38000       0.150518       0.548667       0.301035
          38100      0.0305462      -0.247169      0.0610925
          38200      0.0637769      -0.357147       0.127554
          38300      0.0684467      -0.369991       0.136893
          38400      0.0203858       -0.20192      0.0407716
          38500      0.0312161      -0.249864      0.0624321
          38600      0.0909089      -0.426401       0.181818
          38700       0.125969       0.501934       0.251938
          38800     0.00958137        0.13843      0.0191627
          38900     0.00795266      -0.126116      0.0159053
          39000       0.267242       0.731084       0.534483
          39100     0.00145967     -0.0540309     0.00291934
          39200       0.707473        1.18952        1.41495
          39300      0.0427894      -0.292539      0.0855788
          39400     0.00930461      -0.136416      0.0186092
          39500       0.138944      -0.527151       0.277888
          39600     0.00535728       0.103511      0.0107146
          39700       0.186248       0.610324       0.372496
          39800     0.00307782     -0.0784579     0.00615564
          39900       0.224966        0.67077       0.449933
          40000    0.000896028      0.0423327     0.00179206
          40100       0.163085      -0.571112       0.326169
          40200      0.0167964      -0.183283      0.0335928
          40300      0.0177873      -0.188612      0.0355746
          40400      0.0868569       -0.41679       0.173714
          40500     0.00387238      0.0880043     0.00774475
          40600       0.154071       0.555105       0.308141
          40700      0.0413492       0.287573      0.0826983
          40800      0.0017089      -0.058462     0.00341781
          40900      0.0561614       0.335146       0.112323
          41000     0.00673939      -0.116098      0.0134788
          41100       0.373581      -0.864386       0.747163
          41200      0.0840281       0.409947       0.168056
          41300      0.0028707      -0.075772      0.0057414
          41400     0.00428632      0.0925885     0.00857264
          41500       0.092922      -0.431096       0.185844
          41600      0.0161969      -0.179983      0.0323937
          41700      0.0794013         0.3985       0.158803
          41800    0.000518439      0.0322006     0.00103688
          41900     0.00715388      -0.119615      0.0143078
          42000       0.301002       0.775889       0.602004
          42100     0.00370234     -0.0860505     0.00740469
          42200      0.0636861      -0.356892       0.127372
          42300    0.000356453     -0.0267003    0.000712907
          42400      0.0559094       0.334393       0.111819
          42500      0.0451844      -0.300614      0.0903688
          42600       0.016421      -0.181224      0.0328421
          42700       0.285519        0.75567       0.571037
          42800      0.0533296       0.326587       0.106659
          42900      0.0192301      -0.196113      0.0384601
          43000      0.0465369       -0.30508      0.0930737
          43100     1.2672e-05     0.00503428     2.5344e-05
          43200       0.020774       0.203833      0.0415481
          43300     0.00118751      0.0487342     0.00237502
          43400      0.0112137      -0.149758      0.0224275
          43500      0.0556783       0.333702       0.111357
          43600      0.0262517       0.229136      0.0525034
          43700      0.0464757      -0.304879      0.0929513
          43800       0.114659       0.478872       0.229319
          43900      0.0172501       0.185742      0.0345003
          44000       0.190276        0.61689       0.380553
          44100       0.193169      -0.621561       0.386338
          44200     0.00183664     -0.0606076     0.00367328
          44300      0.0361417       0.268856      0.0722833
          44400     0.00426903     -0.0924016     0.00853806
          44500     0.00613971       0.110813      0.0122794
          44600     0.00416947      0.0913178     0.00833894
          44700    4.77399e-05     0.00977138    9.54798e-05
          44800      0.0293636       0.242337      0.0587273
          44900       0.245572       0.700816       0.491144
          45000      0.0307602       0.248033      0.0615204
          45100       0.208649      -0.645987       0.417299
          45200     0.00557645       0.105607      0.0111529
          45300      0.0209598       0.204743      0.0419196
          45400       0.144482       0.537555       0.288965
          45500      0.0736077       0.383687       0.147215
          45600     0.00323489      -0.080435     0.00646979
          45700     0.00430804      0.0928229     0.00861608
          45800      0.0217658       0.208642      0.0435316
          45900      0.0147429       0.171714      0.0294859
          46000     0.00660504      -0.114935      0.0132101
          46100     0.00954463      -0.138164      0.0190893
          46200       0.112697      -0.474756       0.225393
          46300     0.00407934     -0.0903254     0.00815868
          46400    0.000265575     -0.0230467     0.00053115
          46500      0.0267231      -0.231184      0.0534462
          46600      0.0215262      -0.207491      0.0430524
          46700       0.023105      -0.214965        0.04621
          46800     0.00150986       0.054952     0.00301972
          46900      0.0156841       0.177111      0.0313682
          47000        0.09602       0.438224        0.19204
          47100      0.0403083       0.283931      0.0806167
          47200      0.0997543      -0.446664       0.199509
          47300    0.000436662      0.0295521    0.000873324
          47400      0.0868556      -0.416787       0.173711
          47500     0.00450054     -0.0948741     0.00900109
          47600     0.00653277       0.114305      0.0130655
          47700       0.014813      -0.172122       0.029626
          47800    3.67582e-05     0.00857417    7.35164e-05
          47900       0.163781        0.57233       0.327562
          48000      0.0379972       0.275671      0.0759945
          48100     0.00180027     -0.0600044     0.00360053
          48200       0.017767       0.188505       0.035534
          48300       0.011338      -0.150586       0.022676
          48400     0.00179016     -0.0598358     0.00358032
          48500      0.0896696      -0.423485       0.179339
          48600     0.00272867      0.0738738     0.00545734
          48700     0.00300458     -0.0775187     0.00600916
          48800     0.00203944      0.0638662     0.00407889
          48900       0.020948      -0.204685       0.041896
          49000      0.0183834       0.191747      0.0367667
          49100       0.167109      -0.578116       0.334218
          49200       0.014293       0.169074       0.028586
          49300    8.30277e-05      0.0128862    0.000166055
          49400      0.0606276      -0.348217       0.121255
          49500    0.000717263      0.0378751     0.00143453
          49600      0.0594135       0.344713       0.118827
          49700    0.000249467      0.0223369    0.000498935
          49800       0.341943      -0.826974       0.683885
          49900      0.0169204       0.183959      0.0338409
          50000      0.0290901      -0.241206      0.0581802
          50100     0.00700879      -0.118396      0.0140176
          50200      0.0178544      -0.188967      0.0357087
          50300        0.08868       0.421141        0.17736
          50400       0.129178      -0.508288       0.258356
          50500      0.0272169       0.233311      0.0544338
          50600      0.0536722      -0.327635       0.107344
          50700        0.22629       0.672741       0.452581
          50800        0.18423       0.607009        0.36846
          50900      0.0475757      -0.308466      0.0951513
          51000      0.0356195      -0.266906       0.071239
          51100      0.0138105       0.166196      0.0276209
          51200       0.176112      -0.593485       0.352225
          51300      0.0215269       0.207494      0.0430538
          51400      0.0828296      -0.407012       0.165659
          51500      0.0256498       0.226494      0.0512996
          51600      0.0520202       0.322553        0.10404
          51700    2.21412e-06     0.00210434    4.42825e-06
          51800    0.000180657      0.0190083    0.000361314
          51900    0.000182061      -0.019082    0.000364121
          52000     0.00717806      -0.119817      0.0143561
          52100      0.0337252       0.259712      0.0674504
          52200     0.00480637      0.0980446     0.00961274
          52300      0.0170326      -0.184567      0.0340651
          52400     0.00915092      -0.135284      0.0183018
          52500      0.0212852       0.206326      0.0425703
          52600      0.0206681      -0.203313      0.0413362
          52700      0.0208939       0.204421      0.0417878
          52800      0.0124431       0.157753      0.0248862
          52900       0.138007       0.525371       0.276014
          53000       0.016469       0.181488       0.032938
          53100      0.0611832       0.349809       0.122366
          53200    0.000400763     -0.0283112    0.000801525
          53300       0.286333       0.756747       0.572666
          53400    0.000168925     -0.0183807     0.00033785
          53500    0.000505537      0.0317974     0.00101107
          53600      0.0733902       0.383119        0.14678
          53700    0.000586696     -0.0342548     0.00117339
          53800     0.00130202      0.0510297     0.00260403
          53900       0.255271      -0.714522       0.510542
          54000      0.0807158       0.401786       0.161432
          54100     0.00586744      -0.108328      0.0117349
          54200       0.098737        0.44438       0.197474
          54300     0.00732909       0.121071      0.0146582
          54400      0.0290654      -0.241103      0.0581307
          54500    0.000541643     -0.0329133     0.00108329
          54600     0.00552409        0.10511      0.0110482
          54700      0.0242971       0.220441      0.0485942
          54800      0.0376316      -0.274341      0.0752632
          54900     0.00775828       0.124565      0.0155166
          55000       0.096123       0.438459       0.192246
          55100     0.00748941       0.122388      0.0149788
          55200      0.0545349       0.330257        0.10907
          55300       0.020177       0.200883      0.0403541
          55400      0.0195268        0.19762      0.0390537
          55500       0.258709       0.719317       0.517418
          55600      0.0134095       0.163765      0.0268191
          55700      0.0045052      0.0949232     0.00901041
          55800      0.0118822       0.154157      0.0237643
          55900    0.000775444      0.0393813     0.00155089
          56000       0.144938       0.538402       0.289877
          56100     0.00454793     -0.0953722     0.00909585
          56200      0.0219902       0.209715      0.0439803
          56300      0.0274918       0.234486      0.0549836
          56400      0.0121314      -0.155765      0.0242629
          56500     0.00719562      -0.119963      0.0143912
          56600      0.0503232      -0.317248       0.100646
          56700    0.000240315      0.0219233    0.000480629
          56800       0.102189       0.452082       0.204378
          56900       0.004805      0.0980306     0.00960999
          57000      0.0228368      -0.213714      0.0456736
          57100     0.00117318      0.0484393     0.00234636
          57200      0.0323737      -0.254455      0.0647474
          57300       0.003241      0.0805109       0.006482
          57400     0.00429894     -0.0927248     0.00859788
          57500     0.00652759       0.114259      0.0130552
          57600      0.0243661      -0.220754      0.0487323
          57700     0.00161772      -0.056881     0.00323544
          57800      0.0136244       0.165072      0.0272487
          57900     0.00536455      -0.103581      0.0107291
          58000      0.0148681       0.172442      0.0297361
          58100      0.0109397      -0.147917      0.0218793
          58200     0.00280451      0.0748934     0.00560903
          58300    1.06724e-06     0.00146098    2.13447e-06
          58400      0.0601803       -0.34693       0.120361
          58500      0.0158446      -0.178014      0.0316891
          58600       0.215071       0.655853       0.430143
          58700     0.00615883      -0.110985      0.0123177
          58800        0.01613        0.17961      0.0322599
          58900    1.60009e-05     0.00565701    3.20017e-05
          59000    9.96231e-05      0.0141155    0.000199246
          59100       0.118462      -0.486748       0.236924
          59200      0.0113369      -0.150578      0.0226737
          59300       0.066922       0.365847       0.133844
          59400      0.0875855      -0.418534       0.175171
          59500     0.00419993     -0.0916507     0.00839986
          59600      0.0516654      -0.321451       0.103331
          59700      0.0767057       0.391678       0.153411
          59800      0.0379175       0.275382       0.075835
          59900       0.123711       0.497415       0.247422
          60000       0.172315      -0.587052        0.34463
          60100       0.101607       0.450792       0.203213
          60200      0.0155101      -0.176125      0.0310201
          60300     0.00422893     -0.0919667     0.00845787
          60400       0.225399       0.671415       0.450798
          60500     0.00992126      -0.140863      0.0198425
          60600    0.000765138     -0.0391188     0.00153028
          60700     0.00784301       0.125244       0.015686
          60800       0.194951       0.624422       0.389903
          60900      0.0936133       0.432697       0.187227
          61000      0.0975221      -0.441638       0.195044
          61100       0.017664       0.187958      0.0353281
          61200      0.0137599       0.165891      0.0275199
          61300       0.191269      -0.618496       0.382537
          61400      0.0293587       0.242317      0.0587173
          61500    0.000423417     -0.0291004    0.000846834
          61600     0.00438691      0.0936686     0.00877382
          61700      0.0565327       0.336252       0.113065
          61800    8.83751e-05     -0.0132947     0.00017675
          61900      0.0898171       0.423833       0.179634
          62000      0.0187778      -0.193793      0.0375556
          62100    5.14903e-05      0.0101479    0.000102981
          62200      0.0645285       0.359245       0.129057
          62300      0.0605511       0.347997       0.121102
          62400      0.0542309      -0.329335       0.108462
          62500     0.00940652       0.137161       0.018813
          62600     0.00283065      0.0752416      0.0056613
          62700      0.0177675      -0.188507       0.035535
          62800     0.00361019     -0.0849728     0.00722037
          62900      0.0966737       0.439713       0.193347
          63000       0.113766      -0.477003       0.227532
          63100       0.353306      -0.840602       0.706612
          63200      0.0508483       0.318899       0.101697
          63300      0.0686311       0.370489       0.137262
          63400      0.0135586       0.164673      0.0271172
          63500      0.0475675        0.30844       0.095135
          63600     0.00430111     -0.0927482     0.00860222
          63700      0.0127221      -0.159512      0.0254441
          63800      0.0984139       0.443653       0.196828
          63900     0.00483924      0.0983792     0.00967847
          64000       0.028084      -0.236998      0.0561681
          64100      0.0120853       0.155469      0.0241707
          64200      0.0940452      -0.433694        0.18809
          64300      0.0157832        0.17767      0.0315665
          64400     0.00232636      0.0682108     0.00465272
          64500      0.0013434      0.0518344     0.00268681
          64600     0.00292263     -0.0764544     0.00584527
          64700      0.0498597       0.315784      0.0997195
          64800       0.128959       0.507856       0.257917
          64900     0.00455691     -0.0954663     0.00911382
          65000     0.00051107     -0.0319709     0.00102214
          65100      0.0290566       0.241067      0.0581132
          65200      0.0691781      -0.371963       0.138356
          65300      0.0272496      -0.233451      0.0544992
          65400      0.0312625        0.25005      0.0625249
          65500      0.0119513      -0.154605      0.0239027
          65600      0.0165738       0.182065      0.0331477
          65700    0.000286172      0.0239237    0.000572343
          65800      0.0117568      -0.153342      0.0235137
          65900       0.127753      -0.505477       0.255507
          66000      0.0453193      -0.301062      0.0906385
          66100       0.118503      -0.486834       0.237007
          66200      0.0720856      -0.379699       0.144171
          66300      0.0082813      -0.128696      0.0165626
          66400       0.113995      -0.477483        0.22799
          66500      0.0123591        0.15722      0.0247182
          66600      0.0020129     -0.0634492      0.0040258
          66700    0.000914543      0.0427678     0.00182909
          66800       0.126651       0.503292       0.253302
          66900       0.059668       -0.34545       0.119336
          67000       0.275264       0.741976       0.550529
          67100       0.274212      -0.740557       0.548425
          67200      0.0106025      -0.145619      0.0212049
          67300       0.018884       -0.19434       0.037768
          67400      0.0172992       0.186007      0.0345985
          67500      0.0173659      -0.186365      0.0347318
          67600      0.0238478      -0.218393      0.0476957
          67700      0.0516022       0.321255       0.103204
          67800      0.0477967       0.309182      0.0955933
          67900      0.0325073        0.25498      0.0650146
          68000      0.0241071      -0.219577      0.0482142
          68100     0.00524038      -0.102376      0.0104808
          68200       0.233711       0.683683       0.467422
          68300      0.0451017      -0.300339      0.0902034
          68400    2.10881e-05     0.00649432    4.21762e-05
          68500      0.0814996       0.403732       0.162999
          68600      0.0992378      -0.445506       0.198476
          68700      0.0395188      -0.281136      0.0790376
          68800      0.0189604      -0.194732      0.0379207
          68900     0.00758276      -0.123148      0.0151655
          69000    7.99943e-05     -0.0126487    0.000159989
          69100      0.0358766       0.267868      0.0717533
          69200      0.0399067       0.282513      0.0798135
          69300     0.00450788      0.0949514     0.00901576
          69400      0.0115141        0.15175      0.0230282
          69500      0.0189857      -0.194862      0.0379714
          69600    5.42743e-06    -0.00329467    1.08549e-05
          69700     0.00103612      0.0455219     0.00207224
          69800      0.0131382        -0.1621      0.0262763
          69900     0.00182292      0.0603808     0.00364585
          70000      0.0170056       0.184421      0.0340112
          70100      0.0555798       0.333406        0.11116
          70200    0.000135933      0.0164884    0.000271866
          70300      0.0251875       0.224444       0.050375
          70400      0.0419675      -0.289715       0.083935
          70500      0.0361115       0.268743       0.072223
          70600      0.0444367       0.298116      0.0888733
          70700      0.0435639      -0.295174      0.0871278
          70800      0.0404125       0.284297      0.0808251
          70900      0.0497463      -0.315425      0.0994926
          71000     0.00222851      0.0667609     0.00445702
          71100       0.014063       0.167708       0.028126
          71200    0.000847163      0.0411622     0.00169433
          71300      0.0151772      -0.174225      0.0303545
          71400      0.0513977      -0.320617       0.102795
          71500      0.0685385       0.370239       0.137077
          71600     0.00668661       0.115643      0.0133732
          71700      0.0285484      -0.238949      0.0570967
          71800     0.00342067     -0.0827123     0.00684133
          71900     0.00206912     -0.0643291     0.00413823
          72000      0.0530004       0.325578       0.106001
          72100      0.0950884      -0.436093       0.190177
          72200      0.0692342       0.372114       0.138468
          72300      0.0188559      -0.194196      0.0377119
          72400     0.00911753       0.135037      0.0182351
          72500      0.0937328      -0.432973       0.187466
          72600     0.00183002      0.0604982     0.00366003
          72700     0.00342151     -0.0827226     0.00684303
          72800      0.0143838       -0.16961      0.0287676
          72900    1.74638e-05    -0.00590995    3.49275e-05
          73000    2.02849e-05    -0.00636944    4.05697e-05
          73100      0.0059242        0.10885      0.0118484
          73200    0.000736733     -0.0383858     0.00147347
          73300      0.0585515      -0.342203       0.117103
          73400     0.00205031       0.064036     0.00410061
          73500        0.12078      -0.491488        0.24156
          73600       0.001074      0.0463465       0.002148
          73700     0.00991168       0.140795      0.0198234
          73800     0.00113633      0.0476723     0.00227265
          73900    6.45562e-05     -0.0113628    0.000129112
          74000     0.00106047     -0.0460537     0.00212094
          74100     0.00292654      0.0765055     0.00585309
          74200        0.16766       0.579067       0.335319
          74300      0.0177458      -0.188392      0.0354915
          74400       0.444755      -0.943138        0.88951
          74500      0.0490539       0.313221      0.0981077
          74600      0.0112676       0.150117      0.0225352
          74700      0.0231716       0.215275      0.0463431
          74800    0.000131573      0.0162218    0.000263146
          74900     0.00557002      -0.105546        0.01114
          75000     0.00752656       0.122691      0.0150531
          75100     0.00298365      0.0772482     0.00596729
          75200    0.000833963     -0.0408402     0.00166793
          75300     0.00371955     -0.0862502      0.0074391
          75400      0.0709679      -0.376744       0.141936
          75500    5.21161e-07     0.00102094    1.04232e-06
          75600     0.00778129       -0.12475      0.0155626
          75700      0.0921756      -0.429361       0.184351
          75800    0.000158367      -0.017797    0.000316734
          75900      0.0700458       0.374288       0.140092
          76000     0.00467004      0.0966441     0.00934008
          76100      0.0115974       0.152298      0.0231948
          76200     0.00719426       0.119952      0.0143885
          76300      0.0457967       0.302644      0.0915933
          76400      0.0207321      -0.203627      0.0414641
          76500    0.000127426      0.0159641    0.000254852
          76600      0.0245844       -0.22174      0.0491688
          76700      0.0299205      -0.244624      0.0598411
          76800       0.020583      -0.202894       0.041166
          76900      0.0868266       0.416717       0.173653
          77000    0.000540251      -0.032871      0.0010805
          77100      0.0562336      -0.335361       0.112467
          77200       0.151033      -0.549605       0.302066
          77300       0.332182       0.815085       0.664364
          77400       0.224312      -0.669794       0.448625
          77500     0.00554455       0.105305      0.0110891
          77600     0.00189322      0.0615341     0.00378645
          77700      0.0237835       0.218099       0.047567
          77800     0.00316197     -0.0795231     0.00632393
          77900     0.00260919      0.0722384     0.00521839
          78000      0.0338202       0.260078      0.0676405
          78100    0.000249514     -0.0223389    0.000499027
          78200        0.02201       0.209809      0.0440199
          78300      0.0637901      -0.357184        0.12758
          78400      0.0790802      -0.397694        0.15816
          78500       0.191509       0.618884       0.383017
          78600     0.00234766     -0.0685224     0.00469532
          78700      0.0387419       0.278359      0.0774837
          78800      0.0462428      -0.304114      0.0924855
          78900       0.454897      -0.953831       0.909793
          79000    0.000107558     -0.0146668    0.000215116
          79100      0.0330597      -0.257137      0.0661193
          79200    5.25676e-08    0.000324246    1.05135e-07
          79300       0.124474      -0.498947       0.248948
          79400      0.0671574       -0.36649       0.134315
          79500     0.00366237      0.0855846     0.00732473
          79600       0.006205        -0.1114        0.01241
          79700      0.0533808      -0.326744       0.106762
          79800      0.0370011      -0.272033      0.0740022
          79900      0.0167415      -0.182983       0.033483
          80000      0.0804092      -0.401022       0.160818
          80100      0.0154028       0.175515      0.0308056
          80200      0.0149284      -0.172791      0.0298568
          80300      0.0369203       0.271736      0.0738407
          80400      0.0013999     -0.0529131      0.0027998
          80500       0.021632         -0.208      0.0432641
          80600      0.0634774       0.356307       0.126955
          80700     0.00654125      -0.114379      0.0130825
          80800     0.00155716     -0.0558061     0.00311432
          80900      0.0181912      -0.190742      0.0363823
          81000      0.0425494       0.291717      0.0850987
          81100    0.000147488      0.0171748    0.000294975
          81200      0.0580828      -0.340831       0.116166
          81300     0.00739647       0.121626      0.0147929
          81400    0.000153354      0.0175131    0.000306709
          81500      0.0199454       0.199727      0.0398908
          81600      0.0528011       0.324965       0.105602
          81700       0.177629      -0.596035       0.355258
          81800      0.0157388      -0.177419      0.0314776
          81900       0.116221       0.482122       0.232441
          82000      0.0183338      -0.191488      0.0366676
          82100      0.0477429       0.309008      0.0954858
          82200       0.162206      -0.569572       0.324412
          82300       0.092305      -0.429663        0.18461
          82400      0.0537971       0.328016       0.107594
          82500       0.179685       0.599475       0.359371
          82600      0.0808978       0.402238       0.161796
          82700      0.0461656      -0.303861      0.0923312
          82800       0.176613      -0.594328       0.353225
          82900    0.000866538     -0.0416302     0.00173308
          83000     0.00137108      0.0523656     0.00274216
          83100      0.0154444       0.175752      0.0308887
          83200      0.0471801      -0.307181      0.0943602
          83300     0.00294591     -0.0767581     0.00589181
          83400      0.0548119       0.331095       0.109624
          83500      0.0589807      -0.343455       0.117961
          83600       0.023288       0.215815      0.0465761
          83700      0.0588789       0.343159       0.117758
          83800     0.00969048       0.139215       0.019381
          83900     0.00336604      0.0820493     0.00673208
          84000      0.0385276      -0.277588      0.0770553
          84100      0.0398627       0.282357      0.0797254
          84200       0.108766       0.466403       0.217532
          84300       0.087347      -0.417964       0.174694
          84400    7.08744e-05      0.0119058    0.000141749
          84500      0.0673547      -0.367028       0.134709
          84600       0.107489       0.463658       0.214979
          84700      0.0211204       0.205526      0.0422409
          84800       0.536208       -1.03558        1.07242
          84900      0.0053163      -0.103115      0.0106326
          85000       0.129553       0.509025       0.259106
          85100      0.0723112       0.380293       0.144622
          85200     0.00143317      0.0535383     0.00286635
          85300     0.00310076      0.0787497     0.00620152
          85400      0.0784741      -0.396167       0.156948
          85500     0.00250476       0.070778     0.00500953
          85600        0.18088      -0.601464        0.36176
          85700      0.0190928      -0.195411      0.0381855
          85800    0.000168064      0.0183338    0.000336128
          85900      0.0117051       0.153004      0.0234102
          86000     0.00417728     -0.0914033     0.00835457
          86100    0.000252379     -0.0224668    0.000504757
          86200      0.0658385      -0.362873       0.131677
          86300      0.0660989       -0.36359       0.132198
          86400      0.0674019      -0.367156       0.134804
          86500      0.0172405      -0.185691       0.034481
          86600       0.116964       -0.48366       0.233927
          86700    0.000873965     -0.0418082     0.00174793
          86800       0.051819      -0.321929       0.103638
          86900      0.0650184       0.360606       0.130037
          87000       0.162753      -0.570531       0.325505
          87100     0.00219033      0.0661866     0.00438066
          87200    6.51847e-07     0.00114179    1.30369e-06
          87300      0.0661015      -0.363597       0.132203
          87400       0.299954       0.774537       0.599908
          87500      0.0595159       -0.34501       0.119032
          87600      0.0556784      -0.333702       0.111357
          87700     0.00928037      -0.136238      0.0185607
          87800       0.029699      -0.243717       0.059398
          87900      0.0967577       0.439904       0.193515
          88000      0.0322373       0.253918      0.0644745
          88100      0.0106095      -0.145668       0.021219
          88200      0.0365427      -0.270343      0.0730855
          88300    8.80541e-06    -0.00419652    1.76108e-05
          88400     0.00569023      -0.106679      0.0113805
          88500      0.0606308       0.348226       0.121262
          88600      0.0269293       0.232075      0.0538586
          88700      0.0356885      -0.267165      0.0713769
          88800      0.0362954      -0.269427      0.0725907
          88900     0.00505485      -0.100547      0.0101097
          89000      0.0382366       0.276538      0.0764732
          89100     0.00567424       0.106529      0.0113485
          89200      0.0561247      -0.335036       0.112249
          89300      0.0296629       0.243569      0.0593258
          89400      0.0082932      -0.128788      0.0165864
          89500    6.63431e-10    3.64261e-05    1.32686e-09
          89600       0.219223      -0.662153       0.438447
          89700     0.00123691      0.0497375     0.00247382
          89800      0.0593825       0.344623       0.118765
          89900    0.000246356     -0.0221971    0.000492712
          90000      0.0687187       0.370726       0.137437
          90100      0.0813777      -0.403429       0.162755
          90200     0.00125579     -0.0501156     0.00251158
          90300       0.074354       0.385627       0.148708
          90400        0.12983       0.509568        0.25966
          90500      0.0542845      -0.329498       0.108569
          90600      0.0491574       0.313552      0.0983147
          90700      0.0106119       0.145684      0.0212239
          90800      0.0533367      -0.326609       0.106673
          90900      0.0230663      -0.214785      0.0461327
          91000     0.00324867      0.0806061     0.00649735
          91100      0.0274836      -0.234451      0.0549672
          91200      0.0967696       0.439931       0.193539
          91300       0.365338       0.854796       0.730676
          91400      0.0211935      -0.205881       0.042387
          91500       0.065769       0.362682       0.131538
          91600       0.163835       0.572424        0.32767
          91700     0.00646182       0.113682      0.0129236
          91800      0.0704426       0.375347       0.140885
          91900      0.0192718       0.196325      0.0385435
          92000        0.11833      -0.486476       0.236659
          92100        0.11351      -0.476466        0.22702
          92200      0.0488884       0.312693      0.0977768
          92300       0.286617      -0.757122       0.573234
          92400        0.12069       0.491304        0.24138
          92500     0.00804566      -0.126852      0.0160913
          92600      0.0377102       0.274628      0.0754205
          92700       0.116607      -0.482923       0.233214
          92800     0.00514602        0.10145       0.010292
          92900     0.00218612       0.066123     0.00437225
          93000      0.0156121       0.176704      0.0312243
          93100     0.00926065       0.136093      0.0185213
          93200       0.178205         -0.597       0.356409
          93300       0.440186       0.938281       0.880371
          93400      0.0301064       0.245383      0.0602129
          93500      0.0105994       0.145598      0.0211988
          93600       0.048009       0.309868       0.096018
          93700      0.0957099      -0.437516        0.19142
          93800      0.0722453       0.380119       0.144491
          93900       0.086369      -0.415618       0.172738
          94000      0.0740935      -0.384951       0.148187
          94100    9.97956e-05      0.0141277    0.000199591
          94200       0.055001       0.331665       0.110002
          94300     0.00103353      0.0454649     0.00206706
          94400      0.0770852      -0.392645        0.15417
          94500      0.0446908       0.298968      0.0893816
          94600      0.0456186      -0.302055      0.0912371
          94700     0.00103728     -0.0455474     0.00207456
          94800       0.111109       0.471399       0.222217
          94900      0.0611873      -0.349821       0.122375
          95000      0.0326683       -0.25561      0.0653365
          95100     0.00851526       0.130501      0.0170305
          95200      0.0514117      -0.320661       0.102823
          95300    0.000188298     -0.0194061    0.000376596
          95400      0.0178218       0.188795      0.0356435
          95500     0.00296098      0.0769543     0.00592196
          95600       0.205157      -0.640558       0.410314
          95700      0.0820917       0.405196       0.164183
          95800     0.00946661      -0.137598      0.0189332
          95900      0.0421333      -0.290287      0.0842666
          96000     0.00496898      0.0996893     0.00993796
          96100       0.233415       -0.68325       0.466831
          96200      0.0133419      -0.163351      0.0266837
          96300      0.0134298      -0.163889      0.0268596
          96400      0.0542162      -0.329291       0.108432
          96500     0.00629961       0.112246      0.0125992
          96600      0.0195124      -0.197547      0.0390249
          96700      0.0601086      -0.346724       0.120217
          96800      0.0405788       0.284882      0.0811575
          96900       0.190796       0.617731       0.381591
          97000      0.0729415      -0.381946       0.145883
          97100     0.00286325     -0.0756736      0.0057265
          97200        0.16303      -0.571016        0.32606
          97300      0.0147745      -0.171898      0.0295489
          97400       0.025423       0.225491      0.0508461
          97500      0.0304416       0.246745      0.0608832
          97600       0.403744      -0.898604       0.807489
          97700      0.0754723      -0.388516       0.150945
          97800     0.00641004      -0.113226      0.0128201
          97900    0.000863267      0.0415516     0.00172653
          98000    3.05932e-05    -0.00782217    6.11864e-05
          98100    4.61763e-06     0.00303896    9.23526e-06
          98200      0.0490077       0.313074      0.0980154
          98300      0.0381079      -0.276072      0.0762159
          98400      0.0183296       0.191466      0.0366592
          98500       0.162645      -0.570343       0.325291
          98600      0.0594858      -0.344923       0.118972
          98700      0.0511144      -0.319732       0.102229
          98800      0.0139295       -0.16691       0.027859
          98900      0.0134764       0.164173      0.0269528
          99000     0.00439466      0.0937514     0.00878933
          99100    0.000458092     -0.0302685    0.000916184
          99200      0.0656329       0.362306       0.131266
          99300    0.000533934     -0.0326783     0.00106787
          99400      0.0737252      -0.383993        0.14745
          99500      0.0456826      -0.302267      0.0913651
          99600      0.0814936       0.403717       0.162987
          99700    0.000404846     -0.0284551    0.000809692
          99800      0.0105581      -0.145314      0.0211163
          99900     0.00772163      -0.124271      0.0154433
         100000     0.00191217      0.0618413     0.00382434
