              0      0.0193507      -0.196727      0.0387014
            100       0.252763       0.711004       0.505527
            200        1.46779       -1.71335        2.93557
            300     0.00324336      0.0805402     0.00648672
            400     0.00083008      0.0407451     0.00166016
            500       0.146279       0.540886       0.292557
            600       0.872998       -1.32136          1.746
            700       0.893125       -1.33651        1.78625
            800     6.8902e-05       0.011739    0.000137804
            900      0.0241142        0.21961      0.0482284
           1000         1.0508        1.44969        2.10159
           1100        1.37462       -1.65809        2.74925
           1200      0.0361033      -0.268713      0.0722067
           1300       0.309699       0.787018       0.619397
           1400       0.738831        1.21559        1.47766
           1500      0.0847515       0.411708       0.169503
           1600      0.0136314      -0.165114      0.0272628
           1700       0.515918        1.01579        1.03184
           1800       0.391078      -0.884396       0.782157
           1900       0.382125      -0.874214        0.76425
           2000    0.000813094       0.040326     0.00162619
           2100        0.26108      -0.722606       0.522159
           2200       0.027744       0.235559       0.055488
           2300       0.359677      -0.848147       0.719353
           2400       0.292611       0.764998       0.585222
           2500       0.776797       -1.24643        1.55359
           2600     6.4686e-06    -0.00359683    1.29372e-05
           2700      0.0606735      -0.348349       0.121347
           2800       0.761257        -1.2339        1.52251
           2900       0.802372        1.26678        1.60474
           3000      0.0726668      -0.381227       0.145334
           3100       0.442652       0.940906       0.885304
           3200        0.13027      -0.510431        0.26054
           3300        1.16781       -1.52828        2.33563
           3400        4.61372       -3.03767        9.22743
           3500       0.190393      -0.617079       0.380787
           3600      0.0410959       0.286691      0.0821918
           3700       0.252802      -0.711058       0.505603
           3800     0.00113618      0.0476694     0.00227237
           3900         4.6088        3.03605        9.21759
           4000       0.157178       0.560675       0.314356
           4100       0.918809       -1.35559        1.83762
           4200      0.0365282       0.270289      0.0730563
           4300        0.33502       0.818559       0.670039
           4400       0.710775        1.19229        1.42155
           4500        1.31796       -1.62355        2.63593
           4600       0.439949       0.938029       0.879898
           4700        2.49234        2.23264        4.98468
           4800        1.83973        1.91819        3.67946
           4900        1.01142       -1.42227        2.02285
           5000     0.00464134      0.0963467     0.00928268
           5100      0.0193063       0.196501      0.0386126
           5200       0.761702       -1.23426         1.5234
           5300       0.916668        1.35401        1.83334
           5400        1.36377       -1.65153        2.72754
           5500     0.00238877      0.0691198     0.00477754
           5600       0.332684      -0.815701       0.665368
           5700       0.320785        0.80098        0.64157
           5800      0.0196609      -0.198297      0.0393218
           5900       0.310757      -0.788361       0.621514
           6000       0.173405      -0.588906        0.34681
           6100       0.906967        1.34682        1.81393
           6200       0.102669       0.453143       0.205338
           6300       0.485245      -0.985135       0.970491
           6400       0.566978       -1.06487        1.13396
           6500      0.0728665       -0.38175       0.145733
           6600       0.389094       0.882149       0.778188
           6700     0.00302683     -0.0778053     0.00605367
           6800        2.31727        -2.1528        4.63454
           6900      0.0327103       0.255774      0.0654205
           7000       0.933103        1.36609        1.86621
           7100        1.49787        1.73082        2.99574
           7200      0.0377727      -0.274855      0.0755454
           7300       0.361281      -0.850037       0.722563
           7400        0.71376       -1.19479        1.42752
           7500        1.06133        1.45693        2.12265
           7600      0.0684845      -0.370093       0.136969
           7700        2.46702        2.22127        4.93404
           7800       0.522534       -1.02229        1.04507
           7900       0.174013      -0.589938       0.348026
           8000      0.0434532      -0.294799      0.0869063
           8100      0.0158986      -0.178317      0.0317971
           8200        1.73294        1.86169        3.46588
           8300       0.181738        0.60289       0.363477
           8400      0.0150063       0.173241      0.0300126
           8500       0.406107        0.90123       0.812215
           8600        0.20758       -0.64433       0.415161
           8700        1.02947         1.4349        2.05894
           8800       0.529833         1.0294        1.05967
           8900       0.070896       0.376553       0.141792
           9000       0.540337        1.03956        1.08067
           9100       0.527971       -1.02759        1.05594
           9200       0.124643       0.499285       0.249286
           9300       0.684604        1.17013        1.36921
           9400       0.239144      -0.691584       0.478289
           9500       0.397357      -0.891468       0.794714
           9600       0.495569      -0.995559       0.991137
           9700      0.0014569      0.0539796      0.0029138
           9800      0.0016915      0.0581635     0.00338299
           9900      0.0279335       0.236362       0.055867
          10000    0.000286728      -0.023947    0.000573457
          10100      0.0299766      -0.244854      0.0599533
          10200         3.5708       -2.67238         7.1416
          10300       0.049038      -0.313171       0.098076
          10400     0.00067578      0.0367636     0.00135156
          10500       0.383522       -0.87581       0.767043
          10600      0.0755574      -0.388735       0.151115
          10700        1.06115        1.45681        2.12231
          10800      0.0107937       0.146926      0.0215874
          10900       0.234148      -0.684322       0.468296
          11000         1.3308       -1.63144        2.66161
          11100        1.80775       -1.90145        3.61551
          11200      0.0998115      -0.446792       0.199623
          11300      0.0989116       0.444773       0.197823
          11400       0.186287       0.610388       0.372574
          11500       0.240729       0.693871       0.481457
          11600       0.537356        1.03668        1.07471
          11700      0.0649889      -0.360524       0.129978
          11800       0.110714      -0.470561       0.221427
          11900        1.12925       -1.50283        2.25849
          12000       0.180881       0.601467       0.361763
          12100        1.03556       -1.43914        2.07113
          12200         2.0504       -2.02504        4.10079
          12300       0.165666      -0.575615       0.331333
          12400      0.0329653      -0.256769      0.0659305
          12500      0.0285823       0.239091      0.0571646
          12600        1.12316        1.49877        2.24632
          12700       0.294633       0.767637       0.589266
          12800       0.717617        1.19801        1.43523
          12900         2.2817       -2.13621        4.56341
          13000        2.95061       -2.42924        5.90122
          13100        1.20562        1.55282        2.41124
          13200        2.44651       -2.21202        4.89301
          13300      0.0149889       0.173141      0.0299777
          13400       0.554478       -1.05307        1.10896
          13500       0.308377      -0.785337       0.616755
          13600       0.148231      -0.544483       0.296462
          13700       0.288957       0.760207       0.577915
          13800       0.479742      -0.979532       0.959484
          13900       0.130988       0.511836       0.261977
          14000      0.0938049       0.433139        0.18761
          14100      0.0228415      -0.213736      0.0456829
          14200    0.000706088     -0.0375789     0.00141218
          14300       0.100565       0.448475        0.20113
          14400      0.0108462       0.147283      0.0216924
          14500        3.55586       -2.66678        7.11172
          14600      0.0171262       0.185074      0.0342524
          14700       0.631735       -1.12404        1.26347
          14800        1.12572        1.50048        2.25143
          14900      0.0452555       -0.30085       0.090511
          15000        0.16724      -0.578342       0.334479
          15100       0.649872       -1.14006        1.29974
          15200     0.00482823     -0.0982673     0.00965646
          15300       0.274853       0.741422       0.549707
          15400       0.338397       0.822675       0.676793
          15500       0.140457      -0.530014       0.280914
          15600       0.172313      -0.587048       0.344626
          15700       0.877305        1.32462        1.75461
          15800       0.413673       0.909586       0.827346
          15900     0.00914247      -0.135222      0.0182849
          16000       0.318275       0.797841       0.636551
          16100       0.310815      -0.788435        0.62163
          16200      0.0117415      -0.153242      0.0234831
          16300      0.0993739      -0.445811       0.198748
          16400       0.135112        0.51983       0.270223
          16500        1.15658       -1.52091        2.31316
          16600       0.154054      -0.555075       0.308108
          16700       0.142005      -0.532925       0.284009
          16800       0.292046       -0.76426       0.584093
          16900       0.122593      -0.495164       0.245187
          17000     0.00554168       0.105278      0.0110834
          17100       0.356723      -0.844658       0.713446
          17200       0.191058      -0.618156       0.382116
          17300     0.00014253      0.0168837     0.00028506
          17400        0.16692      -0.577788       0.333839
          17500       0.173288       0.588707       0.346576
          17600       0.756627        1.23014        1.51325
          17700        1.43028       -1.69132        2.86057
          17800       0.576739         -1.074        1.15348
          17900       0.366996      -0.856733       0.733991
          18000       0.324031      -0.805023       0.648063
          18100     0.00766187      -0.123789      0.0153237
          18200       0.903403        1.34417        1.80681
          18300       0.744518       -1.22026        1.48904
          18400       0.281377       -0.75017       0.562755
          18500       0.754901        1.22874         1.5098
          18600      0.0261296       0.228603      0.0522591
          18700      0.0472966       -0.30756      0.0945932
          18800     0.00484286     -0.0984161     0.00968573
          18900        1.28304        -1.6019        2.56607
          19000      0.0254408      -0.225569      0.0508815
          19100        0.16934       0.581962        0.33868
          19200       0.426898       0.924011       0.853796
          19300     0.00847997        0.13023      0.0169599
          19400       0.286011       0.756321       0.572022
          19500        2.62468       -2.29115        5.24935
          19600     0.00101289      0.0450086     0.00202578
          19700         1.0942        1.47932        2.18839
          19800      0.0352912      -0.265674      0.0705825
          19900         2.4647        2.22023         4.9294
          20000      0.0728814       0.381789       0.145763
          20100        0.40091      -0.895444       0.801821
          20200       0.416965      -0.913198        0.83393
          20300       0.234207      -0.684407       0.468413
          20400        3.18658       -2.52451        6.37316
          20500        3.51031       -2.64964        7.02062
          20600      0.0181659      -0.190609      0.0363318
          20700       0.994902         1.4106         1.9898
          20800       0.771308        1.24202        1.54262
          20900      0.0413502      -0.287577      0.0827004
          21000      0.0879392       0.419378       0.175878
          21100        2.30535        2.14725        4.61069
          21200      0.0917442       0.428355       0.183488
          21300       0.014021       0.167458      0.0280421
          21400       0.892342        1.33592        1.78468
          21500        3.51197        2.65027        7.02394
          21600       0.235314      -0.686023       0.470628
          21700        1.00074        1.41474        2.00148
          21800        2.10244        2.05058        4.20487
          21900      0.0181107       0.190319      0.0362215
          22000        1.15125         1.5174         2.3025
          22100       0.427415        0.92457       0.854829
          22200      0.0554644       -0.33306       0.110929
          22300      0.0973499      -0.441248         0.1947
          22400       0.320459       0.800574       0.640918
          22500      0.0131496       -0.16217      0.0262991
          22600       0.565326       -1.06332        1.13065
          22700        1.01473       -1.42459        2.02946
          22800       0.699452        1.18275         1.3989
          22900       0.628644       -1.12129        1.25729
          23000       0.875816       -1.32349        1.75163
          23100        1.04082        1.44279        2.08164
          23200        0.18719       0.611866        0.37438
          23300      0.0747866      -0.386747       0.149573
          23400       0.426184       0.923237       0.852367
          23500       0.201656      -0.635069       0.403313
          23600      0.0035994     -0.0848458      0.0071988
          23700      0.0107133       0.146379      0.0214267
          23800        1.33934       -1.63667        2.67868
          23900       0.596268       -1.09203        1.19254
          24000      0.0291932       0.241633      0.0583863
          24100        1.89614        1.94738        3.79229
          24200        0.68958       -1.17438        1.37916
          24300        1.11359        1.49238        2.22719
          24400       0.325344       0.806653       0.650689
          24500       0.982515        -1.4018        1.96503
          24600       0.298825      -0.773078        0.59765
          24700      0.0134431        0.16397      0.0268862
          24800      0.0123889      -0.157409      0.0247777
          24900    0.000240412      0.0219277    0.000480823
          25000        1.71095        1.84984        3.42189
          25100      0.0435528       0.295137      0.0871056
          25200        1.70555        1.84692         3.4111
          25300     0.00355678      -0.084342     0.00711357
          25400       0.792977        1.25935        1.58595
          25500    6.15587e-05      0.0110958    0.000123117
          25600       0.169801      -0.582754       0.339602
          25700     0.00211038     -0.0649673     0.00422075
          25800       0.213333       0.653197       0.426666
          25900        2.20064        2.09792        4.40128
          26000       0.141988       0.532895       0.283977
          26100        1.38327        1.66329        2.76654
          26200       0.824603        1.28421        1.64921
          26300       0.481485       -0.98131        0.96297
          26400     0.00313358      0.0791654     0.00626716
          26500       0.242195      -0.695981       0.484389
          26600       0.862364       -1.31329        1.72473
          26700       0.215234         0.6561       0.430468
          26800        2.02249        2.01121        4.04498
          26900       0.179062      -0.598435       0.358124
          27000       0.837377        1.29412        1.67475
          27100       0.400216      -0.894669       0.800432
          27200       0.187651      -0.612619       0.375302
          27300        2.55939        2.26247        5.11877
          27400      0.0106081       0.145658      0.0212162
          27500     0.00569513      -0.106725      0.0113903
          27600       0.082613       -0.40648       0.165226
          27700       0.264784      -0.727714       0.529567
          27800     0.00185862      0.0609691     0.00371723
          27900       0.203706       0.638289       0.407412
          28000        3.15785        -2.5131        6.31569
          28100        1.03033         1.4355        2.06066
          28200      0.0074481        0.12205      0.0148962
          28300       0.782238       -1.25079        1.56448
          28400        0.52069       -1.02048        1.04138
          28500       0.597603        1.09325        1.19521
          28600       0.258491       0.719014       0.516981
          28700     0.00394783      0.0888575     0.00789565
          28800        1.45413        1.70536        2.90826
          28900        1.06282        1.45796        2.12565
          29000       0.123234      -0.496456       0.246469
          29100        1.55425        -1.7631        3.10851
          29200        1.19066        1.54315        2.38131
          29300       0.771153         1.2419        1.54231
          29400     0.00644813      -0.113562      0.0128963
          29500       0.580151        1.07717         1.1603
          29600      0.0946879       0.435173       0.189376
          29700        2.58757         2.2749        5.17515
          29800       0.508166       -1.00813        1.01633
          29900       0.603171        1.09834        1.20634
          30000        1.44812        1.70183        2.89624
          30100      0.0951489       0.436231       0.190298
          30200      0.0521571       0.322977       0.104314
          30300    0.000407289      0.0285408    0.000814578
          30400       0.218984       0.661791       0.437968
          30500     0.00314436      0.0793015     0.00628873
          30600       0.125366       0.500732       0.250732
          30700       0.594071        1.09002        1.18814
          30800      0.0312098       0.249839      0.0624196
          30900      0.0421208       0.290244      0.0842417
          31000       0.311368      -0.789136       0.622736
          31100       0.682164       -1.16804        1.36433
          31200      0.0116638       0.152734      0.0233276
          31300       0.201061      -0.634131       0.402122
          31400       0.684385       -1.16994        1.36877
          31500       0.862631       -1.31349        1.72526
          31600       0.443268       0.941561       0.886537
          31700        2.03004        2.01496        4.06008
          31800      0.0184805       0.192253      0.0369611
          31900      0.0816892      -0.404201       0.163378
          32000     0.00072028      0.0379547     0.00144056
          32100        1.23009        -1.5685        2.46019
          32200    0.000285218     -0.0238838    0.000570437
          32300      0.0380581       0.275892      0.0761161
          32400      0.0360968       0.268689      0.0721937
          32500        5.42707        3.29456        10.8541
          32600       0.257994       0.718323       0.515988
          32700      0.0941183      -0.433862       0.188237
          32800       0.320966      -0.801206       0.641931
          32900       0.885359        1.33068        1.77072
          33000       0.599761        1.09523        1.19952
          33100       0.191108      -0.618236       0.382216
          33200        1.13984        1.50986        2.27968
          33300       0.204777       0.639964       0.409554
          33400     0.00982197       0.140157      0.0196439
          33500    0.000741272      0.0385038     0.00148254
          33600        2.16848        2.08254        4.33696
          33700      0.0424623       0.291418      0.0849246
          33800       0.366421       0.856062       0.732842
          33900        0.12922        0.50837        0.25844
          34000       0.977443        1.39817        1.95489
          34100      0.0334468      -0.258638      0.0668936
          34200       0.223429       0.668474       0.446858
          34300      0.0525154       0.324085       0.105031
          34400        2.22188       -2.10802        4.44376
          34500     0.00573859      -0.107132      0.0114772
          34600       0.421612      -0.918273       0.843224
          34700       0.353464       -0.84079       0.706928
          34800      0.0802334       0.400583       0.160467
          34900      0.0143874      -0.169632      0.0287749
          35000       0.205034      -0.640366       0.410068
          35100        2.06401       -2.03175        4.12802
          35200        0.63209       -1.12436        1.26418
          35300       0.961336        -1.3866        1.92267
          35400       0.298985       0.773285        0.59797
          35500       0.591073       -1.08727        1.18215
          35600       0.433213        0.93082       0.866425
          35700        0.20236       0.636176        0.40472
          35800        1.56466        1.76899        3.12931
          35900     0.00713896       -0.11949      0.0142779
          36000      0.0120217       -0.15506      0.0240435
          36100       0.736547        1.21371        1.47309
          36200     0.00635428      -0.112732      0.0127086
          36300       0.869884         -1.319        1.73977
          36400     0.00259247      0.0720066     0.00518495
          36500      0.0306358       0.247531      0.0612716
          36600       0.265721       0.729001       0.531442
          36700       0.159672       0.565105       0.319344
          36800      0.0283789      -0.238239      0.0567578
          36900     0.00371526     -0.0862005     0.00743053
          37000      0.0305693      -0.247262      0.0611386
          37100        1.51926       -1.74314        3.03852
          37200        0.51453       -1.01443        1.02906
          37300       0.668521       -1.15631        1.33704
          37400       0.166286       -0.57669       0.332571
          37500       0.367004       0.856742       0.734007
          37600       0.197836       0.629024       0.395671
          37700       0.634281        -1.1263        1.26856
          37800       0.275159       0.741834       0.550318
          37900     0.00264221      -0.072694     0.00528442
          38000       0.729691       -1.20805        1.45938
          38100        1.02873       -1.43438        2.05745
          38200    0.000221603      0.0210525    0.000443207
          38300       0.239044       0.691439       0.478088
          38400       0.258255       0.718686        0.51651
          38500        1.37523       -1.65845        2.75045
          38600       0.413278       0.909152       0.826557
          38700       0.161295       -0.56797        0.32259
          38800       0.521209       -1.02099        1.04242
          38900      0.0657306       0.362576       0.131461
          39000      0.0300188      -0.245026      0.0600376
          39100       0.351554      -0.838516       0.703109
          39200     0.00459079     -0.0958205     0.00918157
          39300      0.0424269       0.291297      0.0848537
          39400     0.00417299      0.0913563     0.00834597
          39500       0.420487       0.917047       0.840974
          39600       0.202056      -0.635698       0.404111
          39700      0.0400774      -0.283116      0.0801547
          39800      0.0957425        0.43759       0.191485
          39900      0.0161384       0.179657      0.0322768
          40000      0.0107572       0.146678      0.0215143
          40100       0.936928       -1.36889        1.87386
          40200     0.00281932     -0.0750909     0.00563865
          40300        0.91971        1.35625        1.83942
          40400      0.0302644      -0.246026      0.0605287
          40500       0.676409        1.16311        1.35282
          40600      0.0112044       0.149696      0.0224089
          40700       0.183022       0.605016       0.366044
          40800       0.929182       -1.36322        1.85836
          40900      0.0894864       0.423052       0.178973
          41000      0.0044797     -0.0946541      0.0089594
          41100     0.00739382       0.121604      0.0147876
          41200        1.02454        1.43146        2.04907
          41300       0.107181      -0.462992       0.214362
          41400       0.029132       0.241379      0.0582639
          41500       0.269971       0.734807       0.539941
          41600      0.0268549       0.231754      0.0537099
          41700      0.0294741      -0.242793      0.0589483
          41800       0.162718       -0.57047       0.325436
          41900       0.875415       -1.32319        1.75083
          42000       0.208647       0.645982       0.417293
          42100      0.0504555       0.317665       0.100911
          42200      0.0103041      -0.143556      0.0206082
          42300       0.718784        1.19899        1.43757
          42400       0.427918      -0.925114       0.855835
          42500       0.733969       -1.21159        1.46794
          42600        0.30565       0.781857         0.6113
          42700       0.328264       0.810265       0.656529
          42800       0.191922       0.619551       0.383844
          42900     0.00800531       0.126533      0.0160106
          43000       0.285679      -0.755883       0.571359
          43100       0.230283       -0.67865       0.460565
          43200        0.10412      -0.456333        0.20824
          43300       0.585871       -1.08247        1.17174
          43400        1.00737       -1.41942        2.01474
          43500       0.083095       0.407664        0.16619
          43600       0.373627       0.864439       0.747255
          43700       0.169645       0.582486        0.33929
          43800       0.992255       -1.40873        1.98451
          43900       0.860861        1.31214        1.72172
          44000       0.114159       0.477825       0.228317
          44100       0.479835      -0.979627        0.95967
          44200       0.311994      -0.789929       0.623987
          44300      0.0262295       0.229039       0.052459
          44400      0.0804607        0.40115       0.160921
          44500       0.879935         1.3266        1.75987
          44600      0.0131792       0.162353      0.0263583
          44700       0.213439      -0.653358       0.426877
          44800       0.258361       0.718834       0.516722
          44900       0.311972      -0.789901       0.623943
          45000      0.0832668      -0.408085       0.166534
          45100        1.55345       -1.76264         3.1069
          45200       0.281599      -0.750465       0.563198
          45300       0.821886        -1.2821        1.64377
          45400        1.04695       -1.44703        2.09389
          45500        1.34849       -1.64225        2.69697
          45600        1.76144       -1.87693        3.52288
          45700       0.148547       0.545063       0.297094
          45800       0.890996        1.33491        1.78199
          45900       0.176963      -0.594916       0.353925
          46000        1.33438        1.63363        2.66876
          46100      0.0399709        0.28274      0.0799419
          46200       0.299076       0.773402       0.598151
          46300      0.0742473       -0.38535       0.148495
          46400       0.967453        1.39101        1.93491
          46500      0.0103263       -0.14371      0.0206526
          46600       0.332163       0.815062       0.664326
          46700      0.0607969      -0.348703       0.121594
          46800       0.184859      -0.608045       0.369719
          46900       0.261912       0.723756       0.523823
          47000       0.597234       -1.09292        1.19447
          47100       0.511755        1.01169        1.02351
          47200      0.0545963      -0.330443       0.109193
          47300     0.00129307       0.050854     0.00258613
          47400      0.0822896      -0.405684       0.164579
          47500        1.34854       -1.64228        2.69707
          47600     0.00549346      -0.104818      0.0109869
          47700       0.236184       -0.68729       0.472367
          47800       0.702208        1.18508        1.40442
          47900     0.00220511      0.0664095     0.00441022
          48000      0.0507159       0.318484       0.101432
          48100       0.207195      -0.643731       0.414389
          48200        0.20504       0.640375        0.41008
          48300     0.00708236       0.119016      0.0141647
          48400      0.0765178       0.391198       0.153036
          48500     0.00182715     -0.0604509     0.00365431
          48600       0.600792        1.09617        1.20158
          48700         0.8909        1.33484         1.7818
          48800       0.480501      -0.980307       0.961003
          48900       0.794699        1.26071         1.5894
          49000     0.00314848      0.0793533     0.00629695
          49100       0.284674      -0.754552       0.569349
          49200     0.00891643        0.13354      0.0178329
          49300       0.163265       0.571428        0.32653
          49400       0.551386        1.05013        1.10277
          49500      0.0211073      -0.205462      0.0422145
          49600        0.18715      -0.611801         0.3743
          49700      0.0128033      -0.160021      0.0256067
          49800    0.000840183     -0.0409923     0.00168037
          49900       0.115405       0.480428       0.230811
          50000       0.551575       -1.05031        1.10315
          50100       0.290523       0.762264       0.581047
          50200       0.346957       0.833015       0.693914
          50300        1.83858        1.91759        3.67716
          50400      0.0945772       0.434919       0.189154
          50500       0.513171        1.01308        1.02634
          50600        3.32524        2.57885        6.65047
          50700       0.741855        1.21808        1.48371
          50800         1.0126         1.4231         2.0252
          50900         1.5238       -1.74574        3.04759
          51000       0.390746       -0.88402       0.781492
          51100        2.42746        2.20339        4.85491
          51200       0.183411       0.605658       0.366822
          51300        2.07239       -2.03587        4.14477
          51400       0.760641        -1.2334        1.52128
          51500       0.328962      -0.811126       0.657925
          51600       0.828545       -1.28728        1.65709
          51700      0.0111325       0.149214       0.022265
          51800      0.0517755      -0.321793       0.103551
          51900     0.00591325        0.10875      0.0118265
          52000        0.64268       -1.13374        1.28536
          52100       0.251171      -0.708761       0.502343
          52200      0.0244165       0.220982       0.048833
          52300       0.451431       0.950191       0.902862
          52400        1.10633        -1.4875        2.21265
          52500    0.000311744     -0.0249698    0.000623489
          52600       0.120852      -0.491633       0.241703
          52700       0.152251       0.551817       0.304502
          52800       0.491114      -0.991074       0.982228
          52900       0.608689       -1.10335        1.21738
          53000      0.0319788      -0.252898      0.0639576
          53100       0.310484      -0.788015       0.620967
          53200       0.293569       -0.76625       0.587139
          53300       0.150078      -0.547865       0.300156
          53400     0.00039471      0.0280966    0.000789421
          53500       0.315433      -0.794271       0.630867
          53600       0.879421       -1.32621        1.75884
          53700         1.5278        1.74803         3.0556
          53800      0.0554608       0.333049       0.110922
          53900       0.459261      -0.958395       0.918522
          54000       0.272659       0.738457       0.545318
          54100      0.0504024       0.317498       0.100805
          54200       0.591438         1.0876        1.18288
          54300        2.09323        2.04608        4.18645
          54400       0.332815      -0.815862       0.665631
          54500        1.29188       -1.60741        2.58376
          54600      0.0203989      -0.201985      0.0407979
          54700        1.21632        1.55969        2.43265
          54800      0.0789727       0.397423       0.157945
          54900       0.154093      -0.555146       0.308187
          55000       0.151098       0.549723       0.302195
          55100        1.96629       -1.98307        3.93258
          55200       0.375632       0.866755       0.751265
          55300       0.135224       0.520046       0.270447
          55400      0.0192067      -0.195994      0.0384135
          55500      0.0188551       0.194191      0.0377103
          55600       0.139139      -0.527521       0.278279
          55700    1.73757e-05    -0.00589503    3.47514e-05
          55800       0.412895       -0.90873        0.82579
          55900       0.343699      -0.829095       0.687399
          56000      0.0604573       0.347728       0.120915
          56100       0.519141       -1.01896        1.03828
          56200      0.0716481       0.378545       0.143296
          56300      0.0308226      -0.248285      0.0616452
          56400      0.0859813      -0.414684       0.171963
          56500       0.480103      -0.979901       0.960206
          56600      0.0803928      -0.400981       0.160786
          56700      0.0876837       0.418769       0.175367
          56800       0.032513       0.255002      0.0650261
          56900       0.519558        1.01937        1.03912
          57000       0.439684      -0.937746       0.879368
          57100       0.153513      -0.554099       0.307025
          57200       0.893648         1.3369         1.7873
          57300       0.648165        1.13856        1.29633
          57400       0.679025        1.16535        1.35805
          57500       0.286771      -0.757326       0.573542
          57600        0.86571       -1.31583        1.73142
          57700       0.304642       0.780567       0.609284
          57800        1.03564       -1.43919        2.07128
          57900       0.316782       0.795967       0.633564
          58000         1.1659        1.52702        2.33179
          58100      0.0250005      -0.223609      0.0500009
          58200       0.654133        1.14379        1.30827
          58300       0.905053         1.3454        1.81011
          58400       0.515545        1.01543        1.03109
          58500       0.137901       0.525169       0.275802
          58600        0.12512       0.500239       0.250239
          58700       0.831537        -1.2896        1.66307
          58800       0.668059        1.15591        1.33612
          58900       0.103674       0.455355       0.207348
          59000       0.289098       0.760392       0.578197
          59100       0.190585      -0.617389       0.381169
          59200    0.000487108      0.0312124    0.000974216
          59300       0.739455         1.2161        1.47891
          59400       0.499847      -0.999847       0.999694
          59500      0.0723328      -0.380349       0.144666
          59600        0.69416        1.17827        1.38832
          59700        1.14235       -1.51152         2.2847
          59800        2.24102       -2.11708        4.48205
          59900       0.251358      -0.709025       0.502716
          60000        1.31187        -1.6198        2.62375
          60100      0.0186474      -0.193118      0.0372947
          60200     0.00308821      0.0785902     0.00617641
          60300      0.0917475       0.428363       0.183495
          60400       0.060154       0.346855       0.120308
          60500       0.738374       -1.21522        1.47675
          60600      0.0411603       0.286916      0.0823206
          60700        1.65939       -1.82175        3.31878
          60800       0.384012        0.87637       0.768024
          60900        0.28924      -0.760579        0.57848
          61000      0.0438851       -0.29626      0.0877701
          61100       0.390159       0.883356       0.780317
          61200     0.00230936      0.0679611     0.00461871
          61300       0.536279        1.03564        1.07256
          61400    2.00091e-05     0.00632599    4.00182e-05
          61500      0.0166665      -0.182573       0.033333
          61600      0.0244037       0.220924      0.0488074
          61700      0.0452749       0.300915      0.0905499
          61800       0.271869      -0.737386       0.543739
          61900        0.29307       0.765598        0.58614
          62000     0.00934514       0.136712      0.0186903
          62100    0.000319448      0.0252764    0.000638896
          62200         1.2815       -1.60094        2.56301
          62300       0.348354       -0.83469       0.696707
          62400       0.856132       -1.30854        1.71226
          62500       0.081167      -0.402907       0.162334
          62600      0.0453935      -0.301309      0.0907869
          62700       0.288448      -0.759537       0.576897
          62800       0.344461      -0.830013       0.688922
          62900       0.403999       0.898887       0.807998
          63000       0.581869       -1.07877        1.16374
          63100         1.1263        1.50087        2.25261
          63200       0.180647       0.601078       0.361294
          63300       0.282438       0.751582       0.564876
          63400    6.75124e-06     0.00367457    1.35025e-05
          63500      0.0616037      -0.351009       0.123207
          63600      0.0350283      -0.264682      0.0700566
          63700      0.0156301       0.176806      0.0312602
          63800       0.122232      -0.494434       0.244465
          63900       0.157261       0.560822       0.314522
          64000        0.12372       0.497433       0.247439
          64100       0.129787      -0.509484       0.259574
          64200       0.214544       0.655049       0.429089
          64300      0.0408709      -0.285905      0.0817419
          64400       0.111399       0.472015       0.222798
          64500       0.236438       -0.68766       0.472877
          64600       0.761408       -1.23402        1.52282
          64700    0.000158108     -0.0177825    0.000316217
          64800       0.454037       -0.95293       0.908075
          64900       0.619549       -1.11315         1.2391
          65000      0.0470431       0.306735      0.0940863
          65100       0.543244       -1.04235        1.08649
          65200      0.0163903      -0.181054      0.0327805
          65300        1.37338       -1.65734        2.74677
          65400       0.185418       0.608963       0.370836
          65500       0.130539       0.510958       0.261079
          65600      0.0410557      -0.286551      0.0821113
          65700    0.000123821      0.0157366    0.000247642
          65800        0.16605       0.576281         0.3321
          65900       0.437238      -0.935135       0.874477
          66000       0.611508         1.1059        1.22302
          66100        1.43151       -1.69205        2.86303
          66200       0.739782       -1.21637        1.47956
          66300       0.219846       0.663093       0.439693
          66400       0.158829       0.563611       0.317658
          66500      0.0612635      -0.350039       0.122527
          66600      0.0138189      -0.166246      0.0276378
          66700       0.573825        1.07128        1.14765
          66800        1.56736        1.77051        3.13472
          66900       0.035506       0.266481      0.0710119
          67000       0.437622      -0.935545       0.875245
          67100       0.662723       -1.15128        1.32545
          67200       0.355602      -0.843329       0.711204
          67300    0.000583883      0.0341726     0.00116777
          67400      0.0113559       0.150705      0.0227119
          67500     0.00893485      -0.133678      0.0178697
          67600       0.419032       0.915458       0.838064
          67700     0.00300795     -0.0775622     0.00601589
          67800       0.989927        1.40707        1.97985
          67900        1.81822       -1.90695        3.63645
          68000       0.036891       0.271628       0.073782
          68100      0.0126494       0.159056      0.0252988
          68200       0.176671       0.594425       0.353341
          68300       0.593198       -1.08922         1.1864
          68400        1.35413       -1.64568        2.70826
          68500        0.81869         1.2796        1.63738
          68600       0.354331       -0.84182       0.708662
          68700      0.0782769      -0.395669       0.156554
          68800      0.0539997       0.328632       0.107999
          68900      0.0581195      -0.340938       0.116239
          69000       0.107432      -0.463535       0.214865
          69100       0.103879       0.455804       0.207757
          69200       0.932915       -1.36595        1.86583
          69300        1.17654       -1.53398        2.35308
          69400       0.187958       -0.61312       0.375917
          69500       0.447866      -0.946431       0.895731
          69600        1.64131        -1.8118        3.28263
          69700       0.435693       0.933481       0.871386
          69800        3.56344        2.66962        7.12689
          69900      0.0024486       -0.06998      0.0048972
          70000       0.480589       0.980397       0.961178
          70100       0.635723       -1.12758        1.27145
          70200       0.310761      -0.788366       0.621521
          70300       0.100946      -0.449323       0.201892
          70400     0.00231523     -0.0680475     0.00463047
          70500        1.25563       -1.58469        2.51125
          70600       0.393712      -0.887369       0.787424
          70700      0.0341095       0.261188       0.068219
          70800        0.16189      -0.569017       0.323781
          70900      0.0547638        0.33095       0.109528
          71000    5.34295e-05     -0.0103373    0.000106859
          71100        2.16704       -2.08185        4.33409
          71200      0.0515926      -0.321225       0.103185
          71300       0.296609      -0.770206       0.593218
          71400       0.354141      -0.841594       0.708281
          71500    0.000106208     -0.0145745    0.000212417
          71600        1.03053       -1.43564        2.06106
          71700        1.28858       -1.60535        2.57716
          71800       0.883843       -1.32954        1.76769
          71900       0.166456      -0.576986       0.332913
          72000       0.537841        1.03715        1.07568
          72100       0.250884       0.708356       0.501768
          72200       0.757833        1.23112        1.51567
          72300      0.0265746       0.230541      0.0531491
          72400        1.26923        1.59325        2.53846
          72500       0.395921       0.889855       0.791842
          72600     0.00178162      0.0596928     0.00356323
          72700        1.01403         1.4241        2.02805
          72800        1.25526       -1.58446        2.51051
          72900      0.0661644        0.36377       0.132329
          73000       0.209856       0.647852       0.419713
          73100        2.05427        2.02696        4.10855
          73200       0.604753        1.09978        1.20951
          73300       0.324718      -0.805876       0.649436
          73400       0.264966       0.727964       0.529932
          73500        2.83376        2.38065        5.66752
          73600      0.0890113      -0.421927       0.178023
          73700      0.0438731        0.29622      0.0877463
          73800        3.42838       -2.61854        6.85676
          73900       0.403851      -0.898722       0.807701
          74000      0.0592209       0.344154       0.118442
          74100       0.629084        1.12168        1.25817
          74200        0.18688      -0.611359        0.37376
          74300       0.907819       -1.34746        1.81564
          74400        0.59435       -1.09028         1.1887
          74500       0.012064      -0.155332      0.0241281
          74600       0.016463      -0.181455       0.032926
          74700         6.1097       -3.49563        12.2194
          74800        2.25757       -2.12489        4.51514
          74900        0.30948        0.78674        0.61896
          75000      0.0247813      -0.222627      0.0495626
          75100      0.0342268      -0.261637      0.0684537
          75200       0.676358        1.16306        1.35272
          75300        1.25424       -1.58382        2.50848
          75400        1.40282          1.675        2.80563
          75500      0.0504478       0.317641       0.100896
          75600     2.8763e-06    -0.00239846    5.75259e-06
          75700       0.859649        1.31122         1.7193
          75800        0.23038      -0.678793        0.46076
          75900       0.552516         1.0512        1.10503
          76000      0.0595953        0.34524       0.119191
          76100     0.00383242      0.0875491     0.00766485
          76200       0.201152      -0.634275       0.402304
          76300       0.337964       0.822148       0.675928
          76400     0.00775366      -0.124528      0.0155073
          76500       0.042349      -0.291029       0.084698
          76600        1.45662        1.70682        2.91324
          76700       0.172656       0.587632       0.345312
          76800    0.000349161      0.0264258    0.000698322
          76900       0.365474       0.854955       0.730948
          77000        0.47439       0.974054       0.948781
          77100        0.68733        1.17246        1.37466
          77200       0.278599       0.746457       0.557198
          77300      0.0025556     -0.0714926      0.0051112
          77400       0.418497       0.914874       0.836995
          77500       0.538093        1.03739        1.07619
          77600       0.256568      -0.716334       0.513135
          77700      0.0417682      -0.289027      0.0835365
          77800       0.580224        1.07724        1.16045
          77900       0.899557        1.34131        1.79911
          78000       0.569698        1.06743         1.1394
          78100        1.38598       -1.66492        2.77195
          78200       0.643408       -1.13438        1.28682
          78300     0.00737476       0.121448      0.0147495
          78400        0.26874      -0.733131       0.537481
          78500       0.381513       0.873513       0.763026
          78600       0.852347        1.30564        1.70469
          78700         1.1987        1.54835         2.3974
          78800        0.02739      -0.234051        0.05478
          78900        0.20812       0.645166       0.416239
          79000      0.0379507       0.275502      0.0759015
          79100         1.8049        1.89995        3.60979
          79200     0.00035318     -0.0265774     0.00070636
          79300       0.677822       -1.16432        1.35564
          79400        1.22182       -1.56322        2.44365
          79500        1.17052        1.53005        2.34105
          79600        0.56455       -1.06259         1.1291
          79700        0.85899        1.31072        1.71798
          79800        0.14245        0.53376         0.2849
          79900      0.0224232        0.21177      0.0448464
          80000       0.210178       0.648349       0.420356
          80100       0.079318       0.398291       0.158636
          80200      0.0198243       -0.19912      0.0396486
          80300       0.684963       -1.17044        1.36993
          80400      0.0835917      -0.408881       0.167183
          80500       0.135595      -0.520759       0.271189
          80600       0.461141      -0.960355       0.922282
          80700     0.00521606       0.102138      0.0104321
          80800    8.92809e-05      0.0133627    0.000178562
          80900       0.616908       -1.11077        1.23382
          81000      0.0445308       0.298432      0.0890616
          81100    0.000188366     -0.0194096    0.000376732
          81200     0.00524874       0.102457      0.0104975
          81300     0.00214858      0.0655528     0.00429717
          81400       0.434152      -0.931828       0.868304
          81500     0.00301642     -0.0776714     0.00603284
          81600       0.111706       0.472665       0.223412
          81700      0.0139492       0.167028      0.0278984
          81800     0.00688049      -0.117307       0.013761
          81900        1.94735        -1.9735         3.8947
          82000      0.0365476      -0.270361      0.0730952
          82100       0.141759      -0.532464       0.283518
          82200        1.55249        -1.7621        3.10499
          82300       0.114015       0.477525        0.22803
          82400       0.354807       0.842386       0.709614
          82500       0.555926       -1.05444        1.11185
          82600       0.448768      -0.947384       0.897536
          82700       0.398413      -0.892651       0.796826
          82800      0.0134541      -0.164037      0.0269083
          82900      0.0190013      -0.194943      0.0380026
          83000      0.0109496      -0.147984      0.0218993
          83100       0.242545      -0.696484       0.485089
          83200      0.0222918      -0.211148      0.0445836
          83300      0.0708571      -0.376449       0.141714
          83400      0.0581388       0.340995       0.116278
          83500      0.0236794      -0.217621      0.0473588
          83600       0.347802      -0.834029       0.695605
          83700        1.22814       -1.56725        2.45628
          83800       0.820193       -1.28078        1.64039
          83900       0.719095        1.19925        1.43819
          84000     0.00326794      0.0808447     0.00653587
          84100        1.01262        1.42311        2.02523
          84200    0.000265892      0.0230604    0.000531784
          84300      0.0868486       -0.41677       0.173697
          84400      0.0146069        0.17092      0.0292138
          84500       0.540215        1.03944        1.08043
          84600        1.94006         1.9698        3.88012
          84700       0.239001      -0.691378       0.478003
          84800       0.804575       -1.26852        1.60915
          84900      0.0054568       0.104468      0.0109136
          85000       0.264603       0.727465       0.529206
          85100      0.0730918        0.38234       0.146184
          85200        1.71673        1.85296        3.43345
          85300     0.00183344      0.0605547     0.00366687
          85400      0.0116923       -0.15292      0.0233846
          85500       0.533205       -1.03267        1.06641
          85600       0.295172      -0.768338       0.590344
          85700       0.348168      -0.834467       0.696336
          85800       0.283688       0.753244       0.567377
          85900     0.00277597     -0.0745114     0.00555195
          86000    0.000858627     -0.0414398     0.00171725
          86100       0.953996        -1.3813        1.90799
          86200       0.290999       0.762888       0.581998
          86300       0.971576        1.39397        1.94315
          86400      0.0536335      -0.327516       0.107267
          86500       0.384024      -0.876384       0.768048
          86600       0.143913       0.536494       0.287826
          86700       0.042164      -0.290393       0.084328
          86800     0.00635105       0.112704      0.0127021
          86900      0.0537544      -0.327885       0.107509
          87000       0.555158        1.05372        1.11032
          87100        2.06199       -2.03076        4.12397
          87200       0.301599       0.776659       0.603199
          87300       0.246744      -0.702488       0.493489
          87400      0.0452717      -0.300904      0.0905434
          87500      0.0267113      -0.231133      0.0534226
          87600       0.253795       0.712454       0.507591
          87700      0.0939592       0.433496       0.187918
          87800       0.795054        1.26099        1.59011
          87900       0.770765        1.24158        1.54153
          88000      0.0144619        0.17007      0.0289239
          88100     0.00393225      0.0886821     0.00786451
          88200       0.011023      -0.148479      0.0220459
          88300       0.220887      -0.664661       0.441774
          88400       0.377277      -0.868651       0.754554
          88500       0.227541      -0.674598       0.455082
          88600        0.22135      -0.665357         0.4427
          88700        1.72001       -1.85473        3.44001
          88800     0.00390119     -0.0883311     0.00780239
          88900     0.00254133     -0.0712927     0.00508266
          89000      0.0235493      -0.217022      0.0470986
          89100       0.538797       -1.03807        1.07759
          89200       0.159041      -0.563987       0.318082
          89300        0.28127       0.750027       0.562541
          89400       0.556329        1.05483        1.11266
          89500       0.431033      -0.928475       0.862066
          89600       0.487225      -0.987143       0.974451
          89700      0.0499866      -0.316186      0.0999733
          89800      0.0607628       0.348605       0.121526
          89900       0.261704       -0.72347       0.523408
          90000      0.0039277      0.0886307     0.00785539
          90100       0.217839      -0.660059       0.435678
          90200       0.232365      -0.681711        0.46473
          90300        5.29137       -3.25311        10.5827
          90400       0.305112      -0.781168       0.610224
          90500       0.202186       0.635903       0.404372
          90600      0.0602896      -0.347245       0.120579
          90700       0.178981      -0.598299       0.357962
          90800        1.26486       -1.59051        2.52972
          90900        1.31351       -1.62081        2.62702
          91000       0.578277        1.07543        1.15655
          91100        1.18382       -1.53871        2.36763
          91200       0.480013      -0.979809       0.960026
          91300     0.00704068      -0.118665      0.0140814
          91400       0.027073       0.232693      0.0541459
          91500       0.334561       0.817999       0.669123
          91600       0.127128       0.504237       0.254255
          91700        3.59738       -2.68231        7.19477
          91800       0.104928         0.4581       0.209856
          91900       0.478421       0.978183       0.956843
          92000    0.000188876     -0.0194358    0.000377752
          92100        2.06071       -2.03013        4.12141
          92200       0.184863      -0.608052       0.369727
          92300       0.228764       0.676408       0.457528
          92400       0.367498       0.857319       0.734996
          92500      0.0320696      -0.253257      0.0641391
          92600      0.0234375       0.216506       0.046875
          92700       0.398688      -0.892959       0.797376
          92800     0.00520481       0.102028      0.0104096
          92900     0.00652132       0.114204      0.0130426
          93000      0.0903821       0.425164       0.180764
          93100       0.666643       -1.15468        1.33329
          93200      0.0310347       0.249137      0.0620694
          93300        0.55487        1.05344        1.10974
          93400       0.877992       -1.32514        1.75598
          93500      0.0161743       0.179857      0.0323485
          93600     0.00797788      -0.126316      0.0159558
          93700       0.654525        1.14414        1.30905
          93800       0.068508       0.370157       0.137016
          93900     0.00419096      0.0915528     0.00838192
          94000       0.312134       0.790107       0.624269
          94100      0.0960721      -0.438343       0.192144
          94200     0.00208878      0.0646341     0.00417756
          94300        0.32679       0.808443        0.65358
          94400       0.834082       -1.29157        1.66816
          94500      0.0506991      -0.318431       0.101398
          94600     0.00676685       0.116334      0.0135337
          94700       0.810505        1.27319        1.62101
          94800       0.269227       0.733795       0.538455
          94900       0.154317       0.555548       0.308633
          95000       0.109408      -0.467778       0.218816
          95100       0.110929       0.471018       0.221858
          95200       0.101047      -0.449548       0.202094
          95300       0.633888        1.12596        1.26778
          95400      0.0649646      -0.360457       0.129929
          95500        1.22744         1.5668        2.45487
          95600      0.0520297      -0.322582       0.104059
          95700       0.392003       0.885441       0.784005
          95800       0.451479      -0.950241       0.902958
          95900       0.455524       0.954489       0.911049
          96000       0.581473        -1.0784        1.16295
          96100      0.0180294      -0.189891      0.0360587
          96200       0.146429       0.541163       0.292858
          96300       0.328925        0.81108       0.657851
          96400      0.0203694      -0.201838      0.0407387
          96500        2.07846       -2.03885        4.15692
          96600       0.154369       0.555641       0.308737
          96700       0.038969      -0.279174      0.0779379
          96800     0.00653781       0.114349      0.0130756
          96900     0.00360681      0.0849331     0.00721362
          97000       0.351369      -0.838294       0.702737
          97100       0.240528       0.693582       0.481056
          97200      0.0594098       0.344702        0.11882
          97300    0.000904212     -0.0425256     0.00180842
          97400       0.822959        1.28293        1.64592
          97500     0.00850885      -0.130452      0.0170177
          97600        1.13269       -1.50512        2.26538
          97700      0.0366941       0.270902      0.0733881
          97800    0.000274319       0.023423    0.000548638
          97900      0.0108115      -0.147048      0.0216231
          98000      0.0118051      -0.153656      0.0236103
          98100         2.0857        -2.0424         4.1714
          98200       0.431344       -0.92881       0.862689
          98300       0.598602       -1.09417         1.1972
          98400        0.52495       -1.02465         1.0499
          98500      0.0627322       -0.35421       0.125464
          98600       0.330124      -0.812557       0.660248
          98700      0.0953534        -0.4367       0.190707
          98800        1.32023        1.62495        2.64046
          98900       0.634833        1.12679        1.26967
          99000       0.647426        1.13792        1.29485
          99100        0.51427       -1.01417        1.02854
          99200      0.0157071        0.17724      0.0314141
          99300      0.0663158       0.364186       0.132632
          99400        1.01896        1.42756        2.03792
          99500      0.0359057       0.267976      0.0718113
          99600     0.00460444      0.0959629     0.00920888
          99700        1.40319        1.67523        2.80639
          99800       0.154672       0.556187       0.309344
          99900      0.0834114       0.408439       0.166823
         100000       0.294975      -0.768083       0.589951
