              0              0              0              0
            100      0.0259523      -0.227826      0.0519046
            200      0.0361651       0.268943      0.0723302
            300    3.30898e-05     0.00813509    6.61797e-05
            400      0.0536453       0.327553       0.107291
            500      0.0118708      -0.154083      0.0237417
            600      0.0645248      -0.359235        0.12905
            700      0.0250789      -0.223959      0.0501578
            800      0.0535735      -0.327333       0.107147
            900     0.00235588      0.0686423     0.00471177
           1000       0.030252       0.245976       0.060504
           1100      0.0261613       0.228741      0.0523226
           1200      0.0731969      -0.382614       0.146394
           1300      0.0717713       -0.37887       0.143543
           1400       0.248294       -0.70469       0.496588
           1500      0.0110855       0.148899      0.0221709
           1600      0.0227981       0.213533      0.0455962
           1700      0.0343045       0.261933       0.068609
           1800       0.018177      -0.190667      0.0363539
           1900      0.0166146      -0.182289      0.0332292
           2000      0.0237944      -0.218148      0.0475888
           2100      0.0035429     -0.0841772      0.0070858
           2200       0.165991      -0.576179       0.331982
           2300       0.116513      -0.482729       0.233027
           2400      0.0191576      -0.195743      0.0383151
           2500      0.0313131       0.250252      0.0626262
           2600      0.0323248      -0.254263      0.0646495
           2700      0.0221246       0.210355      0.0442492
           2800      0.0260155       0.228103       0.052031
           2900     0.00764751       0.123673       0.015295
           3000      0.0197611      -0.198802      0.0395221
           3100      0.0011543      0.0480478     0.00230859
           3200      0.0531437       0.326017       0.106287
           3300      0.0905032       0.425448       0.181006
           3400       0.018322       0.191426       0.036644
           3500     0.00191253     -0.0618471     0.00382507
           3600      0.0876198      -0.418616        0.17524
           3700     0.00175529      0.0592502     0.00351059
           3800       0.276674       0.743873       0.553348
           3900      0.0525697      -0.324252       0.105139
           4000     0.00569195      -0.106695      0.0113839
           4100      0.0334753       0.258748      0.0669507
           4200       0.352094        0.83916       0.704189
           4300      0.0171745       0.185335      0.0343491
           4400     0.00118829      0.0487503     0.00237659
           4500     0.00181202     -0.0601999     0.00362403
           4600       0.133971       0.517631       0.267942
           4700     0.00246421     -0.0702027     0.00492842
           4800      0.0298191       -0.24421      0.0596383
           4900     0.00695561       0.117946      0.0139112
           5000     0.00482814      0.0982664     0.00965628
           5100     0.00566772      -0.106468      0.0113354
           5200     0.00105702     -0.0459788     0.00211405
           5300      0.0350508      -0.264767      0.0701015
           5400      0.0320667       0.253246      0.0641333
           5500       0.104845        0.45792       0.209691
           5600       0.172665       0.587648        0.34533
           5700      0.0192518       0.196223      0.0385036
           5800       0.041505       0.288115        0.08301
           5900      0.0309912      -0.248963      0.0619825
           6000      0.0446117       0.298703      0.0892233
           6100     0.00248858       0.070549     0.00497716
           6200       0.135668         0.5209       0.271337
           6300     0.00576055       0.107336      0.0115211
           6400       0.177951      -0.596575       0.355901
           6500      0.0409888      -0.286317      0.0819775
           6600     0.00481449     -0.0981274     0.00962898
           6700      0.0327182       0.255805      0.0654363
           6800     0.00649304      -0.113957      0.0129861
           6900      0.0160974      -0.179429      0.0321948
           7000      0.0266345      -0.230801      0.0532691
           7100      0.0100475       0.141757       0.020095
           7200     0.00148221     -0.0544465     0.00296442
           7300      0.0612976       0.350136       0.122595
           7400     0.00990938      -0.140779      0.0198188
           7500     0.00228561     -0.0676108     0.00457123
           7600      0.0187819       0.193814      0.0375638
           7700    0.000918962       0.042871     0.00183792
           7800      0.0983237       -0.44345       0.196647
           7900     0.00339411     -0.0823907     0.00678822
           8000      0.0146774       0.171332      0.0293548
           8100      0.0018535     -0.0608851     0.00370699
           8200      0.0605868         0.3481       0.121174
           8300     0.00324368     -0.0805441     0.00648736
           8400      0.0314094      -0.250637      0.0628188
           8500       0.051058      -0.319556       0.102116
           8600      0.0766717       0.391591       0.153343
           8700      0.0275058      -0.234546      0.0550117
           8800     0.00151237     -0.0549976     0.00302474
           8900      0.0846698      -0.411509        0.16934
           9000     0.00291183      0.0763129     0.00582366
           9100     0.00333464     -0.0816657     0.00666929
           9200       0.166233       0.576598       0.332466
           9300       0.303615        0.77925        0.60723
           9400     0.00730751       0.120893       0.014615
           9500      0.0590803      -0.343745       0.118161
           9600     0.00217633      0.0659747     0.00435266
           9700      0.0238504      -0.218405      0.0477007
           9800      0.0164766       -0.18153      0.0329532
           9900      0.0296098      -0.243351      0.0592196
          10000     0.00314259      0.0792791     0.00628517
          10100      0.0348111       -0.26386      0.0696222
          10200       0.025635      -0.226429      0.0512701
          10300      0.0117251       0.153135      0.0234503
          10400      0.0343313      -0.262036      0.0686626
          10500       0.111209      -0.471611       0.222417
          10600     0.00180267     -0.0600444     0.00360533
          10700       0.172528      -0.587414       0.345055
          10800    0.000384212     -0.0277205    0.000768424
          10900       0.176321      -0.593837       0.352642
          11000      0.0407553      -0.285501      0.0815106
          11100      0.0753978      -0.388324       0.150796
          11200      0.0851368      -0.412642       0.170274
          11300          0.108       0.464757       0.215999
          11400      0.0146245      -0.171023       0.029249
          11500      0.0954764       0.436981       0.190953
          11600      0.0564403      -0.335977       0.112881
          11700    0.000983247     -0.0443452     0.00196649
          11800      0.0202257       0.201125      0.0404514
          11900    0.000189182     -0.0194516    0.000378364
          12000      0.0052382       0.102354      0.0104764
          12100      0.0499809      -0.316167      0.0999619
          12200     0.00148394      0.0544783     0.00296789
          12300    0.000815758      -0.040392     0.00163152
          12400       0.103894       0.455837       0.207788
          12500       0.117912      -0.485617       0.235824
          12600      0.0126162       0.158847      0.0252323
          12700      0.0247218       0.222359      0.0494436
          12800      0.0409504       0.286183      0.0819009
          12900       0.107211       0.463058       0.214423
          13000     0.00893561       0.133683      0.0178712
          13100       0.010709      -0.146349       0.021418
          13200       0.102797       0.453424       0.205594
          13300     0.00324868      0.0806062     0.00649737
          13400      0.0284569       0.238566      0.0569138
          13500     0.00193687     -0.0622394     0.00387375
          13600     0.00234146     -0.0684318     0.00468292
          13700     0.00633224       0.112537      0.0126645
          13800      0.0394374      -0.280847      0.0788748
          13900      0.0309386      -0.248751      0.0618772
          14000    2.24585e-05    -0.00670201     4.4917e-05
          14100     0.00727717       0.120641      0.0145543
          14200      0.0408799       0.285937      0.0817597
          14300       0.101216      -0.449925       0.202433
          14400      0.0046974      0.0969268      0.0093948
          14500    0.000916657     -0.0428172     0.00183331
          14600      0.0132615      -0.162859      0.0265231
          14700      0.0254151      -0.225456      0.0508302
          14800      0.0354975       0.266449      0.0709949
          14900      0.0136079       0.164972      0.0272158
          15000      0.0819706       0.404897       0.163941
          15100     0.00982815      -0.140201      0.0196563
          15200      0.0184254       0.191966      0.0368508
          15300      0.0278561      -0.236034      0.0557122
          15400    9.82763e-05     -0.0140197    0.000196553
          15500     0.00453364      0.0952223     0.00906728
          15600      0.0153881       0.175431      0.0307762
          15700      0.0839095      -0.409657       0.167819
          15800    0.000742799      0.0385435      0.0014856
          15900      0.0202501       0.201247      0.0405003
          16000      0.0199281        0.19964      0.0398563
          16100     0.00287684       0.075853     0.00575367
          16200      0.0098125       0.140089       0.019625
          16300    1.64222e-08    -0.00018123    3.28443e-08
          16400     0.00143418      -0.053557     0.00286835
          16500    0.000867665     -0.0416573     0.00173533
          16600      0.0419724       0.289732      0.0839447
          16700      0.0761825        0.39034       0.152365
          16800     7.3206e-05      0.0121001    0.000146412
          16900      0.0568992       -0.33734       0.113798
          17000     0.00490429     -0.0990383     0.00980858
          17100       0.107139      -0.462902       0.214278
          17200     0.00522824       0.102257      0.0104565
          17300       0.134512      -0.518676       0.269025
          17400      0.0537942       0.328007       0.107588
          17500     0.00188642      0.0614235     0.00377285
          17600    0.000676467     -0.0367823     0.00135293
          17700      0.0003658      0.0270481      0.0007316
          17800      0.0141484       0.168217      0.0282968
          17900      0.0978571      -0.442396       0.195714
          18000       0.209155       0.646769        0.41831
          18100        0.02625      -0.229129         0.0525
          18200      0.0291259       0.241354      0.0582519
          18300    0.000696863      0.0373326     0.00139373
          18400      0.0285764      -0.239067      0.0571528
          18500     0.00102476      0.0452715     0.00204951
          18600      0.0115396       0.151918      0.0230792
          18700      0.0248953      -0.223138      0.0497905
          18800    2.15449e-05     0.00656428    4.30898e-05
          18900     0.00517047       -0.10169      0.0103409
          19000       0.146147      -0.540642       0.292294
          19100     0.00395699     -0.0889606     0.00791399
          19200      0.0821464       0.405331       0.164293
          19300      0.0334481      -0.258643      0.0668962
          19400       0.129836      -0.509581       0.259673
          19500      0.0715907      -0.378393       0.143181
          19600      0.0048413     -0.0984002     0.00968261
          19700      0.0453742      -0.301245      0.0907483
          19800        0.04535      -0.301164      0.0906999
          19900     0.00535638       0.103502      0.0107128
          20000      0.0177836       0.188593      0.0355672
          20100     0.00058309     -0.0341494     0.00116618
          20200     0.00379137     -0.0870789     0.00758274
          20300     0.00804992       0.126885      0.0160998
          20400       0.078555      -0.396371        0.15711
          20500      0.0128613       0.160383      0.0257227
          20600      0.0226307       0.212747      0.0452614
          20700     0.00591483       0.108764      0.0118297
          20800      0.0357962       0.267567      0.0715923
          20900     0.00340526      0.0825259     0.00681052
          21000     0.00160818       0.056713     0.00321636
          21100     0.00739478      -0.121612      0.0147896
          21200      0.0205148      -0.202558      0.0410297
          21300      0.0369298       0.271771      0.0738597
          21400      0.0139913       -0.16728      0.0279827
          21500       0.105662        -0.4597       0.211324
          21600      0.0126701      -0.159186      0.0253401
          21700    0.000117851     -0.0153526    0.000235701
          21800      0.0276797       0.235286      0.0553595
          21900     0.00402072     -0.0896741     0.00804145
          22000       0.155485       0.557646       0.310969
          22100       0.032595      -0.255323      0.0651901
          22200       0.215988       0.657249       0.431976
          22300      0.0102251      -0.143005      0.0204503
          22400    0.000790769     -0.0397685     0.00158154
          22500       0.112012       0.473311       0.224024
          22600       0.157832        0.56184       0.315664
          22700      0.0541767      -0.329171       0.108353
          22800      0.0586826       0.342586       0.117365
          22900     0.00029026      -0.024094     0.00058052
          23000      0.0333005      -0.258072      0.0666009
          23100     0.00562558       0.106072      0.0112512
          23200     0.00743687      -0.121958      0.0148737
          23300      0.0492396       0.313814      0.0984793
          23400      0.0900744      -0.424439       0.180149
          23500      0.0161903      -0.179946      0.0323806
          23600      0.0601112      -0.346731       0.120222
          23700       0.181481      -0.602463       0.362962
          23800      0.0280082       0.236678      0.0560164
          23900     0.00724237      -0.120353      0.0144847
          24000      0.0338279      -0.260107      0.0676559
          24100      0.0279198      -0.236304      0.0558397
          24200    0.000153436     -0.0175178    0.000306872
          24300      0.0624798       0.353496        0.12496
          24400     0.00912421      -0.135087      0.0182484
          24500      0.0571135      -0.337975       0.114227
          24600       0.139201      -0.527638       0.278401
          24700    0.000956748      0.0437435      0.0019135
          24800     0.00459396     -0.0958536     0.00918791
          24900    1.84602e-05     0.00607621    3.69204e-05
          25000      0.0427213       0.292306      0.0854426
          25100    0.000408897     -0.0285971    0.000817794
          25200     0.00731551      -0.120959       0.014631
          25300      0.0888638      -0.421578       0.177728
          25400    0.000243261      0.0220573    0.000486523
          25500      0.0650726      -0.360756       0.130145
          25600      0.0517137       0.321601       0.103427
          25700    2.22827e-05     0.00667573    4.45653e-05
          25800     0.00617763      -0.111154      0.0123553
          25900      0.0288239         0.2401      0.0576478
          26000     0.00983491      -0.140249      0.0196698
          26100       0.112584       0.474518       0.225167
          26200      0.0161212       0.179562      0.0322425
          26300       0.078999        0.39749       0.157998
          26400      0.0897359      -0.423641       0.179472
          26500     0.00311993     -0.0789928     0.00623987
          26600      0.0178153       0.188761      0.0356305
          26700      0.0391965      -0.279988      0.0783931
          26800      0.0193876      -0.196914      0.0387751
          26900     0.00650592       0.114069      0.0130118
          27000      0.0727403      -0.381419       0.145481
          27100     0.00233768     -0.0683767     0.00467537
          27200      0.0353941        0.26606      0.0707882
          27300      0.0263501       0.229565      0.0527001
          27400     0.00875812      -0.132349      0.0175162
          27500      0.0170207      -0.184503      0.0340414
          27600    6.83269e-05      0.0116899    0.000136654
          27700      0.0647023       0.359728       0.129405
          27800      0.0249859      -0.223544      0.0499718
          27900      0.0733745       0.383078       0.146749
          28000      0.0254671       0.225686      0.0509342
          28100      0.0174864        0.18701      0.0349729
          28200       0.130789      -0.511447       0.261578
          28300      0.0296141       0.243369      0.0592283
          28400    0.000574188      0.0338877     0.00114838
          28500      0.0315143      -0.251055      0.0630286
          28600      0.0443641       0.297873      0.0887282
          28700       0.204534       0.639584       0.409068
          28800    2.36287e-05     0.00687441    4.72575e-05
          28900      0.0369754       0.271939      0.0739509
          29000       0.018879      -0.194314       0.037758
          29100    0.000297876      -0.024408    0.000595752
          29200     0.00736636      -0.121378      0.0147327
          29300      0.0532617      -0.326379       0.106523
          29400       0.193377      -0.621895       0.386754
          29500     0.00771197      -0.124193      0.0154239
          29600      0.0360469       0.268503      0.0720939
          29700      0.0918643       0.428636       0.183729
          29800       0.108569       -0.46598       0.217137
          29900      0.0589092      -0.343247       0.117818
          30000      0.0136832       0.165428      0.0273664
          30100     0.00268298     -0.0732528     0.00536597
          30200    6.99586e-06     0.00374055    1.39917e-05
          30300      0.0225254       0.212252      0.0450508
          30400      0.0190684      -0.195286      0.0381368
          30500      0.0115842      -0.152212      0.0231684
          30600       0.105573       0.459507       0.211147
          30700     0.00540004      -0.103923      0.0108001
          30800     0.00106497      0.0461514     0.00212995
          30900      0.0641576      -0.358211       0.128315
          31000     0.00141017      0.0531069     0.00282035
          31100     0.00381827     -0.0873873     0.00763655
          31200        0.19986      -0.632234        0.39972
          31300     0.00247337      0.0703331     0.00494675
          31400     0.00155726      0.0558078     0.00311451
          31500      0.0905393      -0.425533       0.181079
          31600       0.266319        0.72982       0.532637
          31700     0.00516789       0.101665      0.0103358
          31800      0.0203298      -0.201642      0.0406596
          31900       0.019786       0.198927      0.0395721
          32000      0.0914249      -0.427609        0.18285
          32100     0.00862515       -0.13134      0.0172503
          32200      0.0238858       0.218567      0.0477716
          32300       0.033687      -0.259565      0.0673739
          32400        0.10069       0.448754       0.201381
          32500        0.13002       0.509942       0.260041
          32600      0.0130085       0.161298      0.0260171
          32700      0.0141987      -0.168515      0.0283974
          32800    0.000730018     -0.0382104     0.00146004
          32900     0.00587188       0.108369      0.0117438
          33000     0.00182696      0.0604477     0.00365393
          33100    0.000393186      0.0280423    0.000786371
          33200       0.248659       0.705208       0.497319
          33300      0.0463206        0.30437      0.0926413
          33400      0.0187787       0.193797      0.0375573
          33500     0.00218583     -0.0661186     0.00437167
          33600    3.12996e-06     0.00250198    6.25992e-06
          33700       0.110617       0.470355       0.221234
          33800      0.0440134      -0.296693      0.0880269
          33900    0.000732581      0.0382774     0.00146516
          34000       0.122326      -0.494623       0.244652
          34100      0.0162927      -0.180514      0.0325854
          34200      0.0391547       0.279838      0.0783095
          34300     0.00192429      0.0620369     0.00384858
          34400     0.00326655      0.0808276      0.0065331
          34500     0.00771694      -0.124233      0.0154339
          34600    0.000176562      0.0187916    0.000353125
          34700      0.0149027      -0.172642      0.0298053
          34800    2.71304e-05    -0.00736619    5.42608e-05
          34900       0.241148      -0.694476       0.482297
          35000      0.0358855       0.267901       0.071771
          35100      0.0535933       0.327394       0.107187
          35200     0.00611254       0.110567      0.0122251
          35300      0.0406547      -0.285148      0.0813093
          35400      0.0229437      -0.214213      0.0458874
          35500       0.215866      -0.657063       0.431732
          35600      0.0743071      -0.385505       0.148614
          35700         0.1064       0.461302         0.2128
          35800     0.00652814      -0.114264      0.0130563
          35900      0.0222262       0.210838      0.0444525
          36000    0.000146756     -0.0171322    0.000293512
          36100     0.00427674      -0.092485     0.00855348
          36200     0.00508018       0.100799      0.0101604
          36300      0.0178414       0.188899      0.0356829
          36400       0.058334       0.341567       0.116668
          36500      0.0411662      -0.286936      0.0823323
          36600    0.000225282     -0.0212265    0.000450565
          36700      0.0956933      -0.437478       0.191387
          36800      0.0549318      -0.331457       0.109864
          36900      0.0362121      -0.269118      0.0724243
          37000      0.0154666      -0.175878      0.0309331
          37100        0.02345       0.216564      0.0469001
          37200      0.0405888       0.284917      0.0811775
          37300      0.0822053      -0.405476       0.164411
          37400    2.37995e-06    -0.00218172     4.7599e-06
          37500       0.193594       0.622244       0.387188
          37600    0.000465668     -0.0305178    0.000931335
          37700    0.000302311      0.0245891    0.000604623
          37800       0.112181      -0.473668       0.224361
          37900      0.0100953      -0.142094      0.0201907
          38000       0.154364      -0.555633       0.308728
          38100      0.0321845        0.25371       0.064369
          38200      0.0169602       0.184175      0.0339203
          38300    0.000258287     -0.0227282    0.000516573
          38400       0.121862      -0.493684       0.243724
          38500      0.0611448       0.349699        0.12229
          38600      0.0135646        0.16471      0.0271293
          38700     0.00108975      0.0466852     0.00217951
          38800       0.199985       0.632431       0.399969
          38900      0.0682064       0.369341       0.136413
          39000      0.0478532       0.309364      0.0957063
          39100      0.0188307      -0.194066      0.0376615
          39200      0.0180957        0.19024      0.0361914
          39300        0.24272      -0.696736       0.485441
          39400        0.13456       0.518768        0.26912
          39500      0.0127907      -0.159942      0.0255814
          39600      0.0143067      -0.169155      0.0286134
          39700     0.00423848     -0.0920705     0.00847697
          39800      0.0152584       0.174691      0.0305169
          39900      0.0234297        0.21647      0.0468593
          40000      0.0181023      -0.190275      0.0362046
          40100      0.0239607        0.21891      0.0479214
          40200      0.0124264       0.157648      0.0248529
          40300      0.0394101      -0.280749      0.0788201
          40400      0.0511365      -0.319801       0.102273
          40500     0.00129902      -0.050971     0.00259804
          40600     0.00848133      -0.130241      0.0169627
          40700    2.95695e-06     0.00243185     5.9139e-06
          40800      0.0112667      -0.150111      0.0225334
          40900    0.000260857     -0.0228411    0.000521715
          41000      0.0230353       0.214641      0.0460706
          41100      0.0346108         0.2631      0.0692215
          41200      0.0607522      -0.348575       0.121504
          41300       0.413564      -0.909466       0.827128
          41400       0.161156      -0.567725       0.322312
          41500     0.00139562     -0.0528323     0.00279125
          41600       0.179425       0.599041        0.35885
          41700      0.0955179       0.437076       0.191036
          41800      0.0193944       0.196949      0.0387887
          41900      0.0655653       -0.36212       0.131131
          42000     0.00475829       0.097553     0.00951658
          42100      0.0328185      -0.256197      0.0656369
          42200     0.00392772      -0.088631     0.00785545
          42300       0.029153      -0.241466      0.0583061
          42400       0.114279      -0.478078       0.228559
          42500      0.0954429       0.436905       0.190886
          42600        0.05682       0.337105        0.11364
          42700      0.0189193      -0.194522      0.0378387
          42800       0.205252      -0.640706       0.410504
          42900        0.11003      -0.469105        0.22006
          43000      0.0121147       0.155658      0.0242293
          43100        0.17587      -0.593076       0.351739
          43200      0.0039444      0.0888189      0.0078888
          43300      0.0263189       0.229429      0.0526378
          43400      0.0353022       0.265715      0.0706043
          43500       0.103888      -0.455825       0.207776
          43600      0.0120235      -0.155071       0.024047
          43700     0.00256032     -0.0715586     0.00512063
          43800      0.0141376       0.168152      0.0282753
          43900       0.478289       0.978048       0.956579
          44000      0.0228759      -0.213897      0.0457518
          44100     0.00893079       0.133647      0.0178616
          44200       0.160117      -0.565893       0.320234
          44300       0.197252       0.628096       0.394505
          44400       0.209059      -0.646621       0.418118
          44500      0.0734334       0.383232       0.146867
          44600      0.0314086      -0.250633      0.0628171
          44700    4.77069e-05      -0.009768    9.54139e-05
          44800      0.0397289       0.281882      0.0794577
          44900       0.155974      -0.558522       0.311947
          45000      0.0374007       0.273498      0.0748014
          45100     0.00179997      0.0599995     0.00359994
          45200    9.10327e-05     -0.0134932    0.000182065
          45300      0.0183599       0.191624      0.0367198
          45400      0.0349494      -0.264384      0.0698989
          45500     0.00957006       0.138348      0.0191401
          45600      0.0445927      -0.298639      0.0891854
          45700     0.00454979      0.0953917     0.00909958
          45800     0.00895875       0.133856      0.0179175
          45900       0.124833       0.499666       0.249666
          46000      0.0689115      -0.371245       0.137823
          46100      0.0676837       0.367923       0.135367
          46200       0.085895       0.414476        0.17179
          46300      0.0665282      -0.364769       0.133056
          46400      0.0039625     -0.0890225       0.007925
          46500     0.00914099       0.135211       0.018282
          46600    0.000273206     -0.0233755    0.000546412
          46700      0.0228653      -0.213847      0.0457307
          46800    0.000117054      0.0153006    0.000234108
          46900     0.00025951      -0.022782    0.000519021
          47000     0.00519354      -0.101917      0.0103871
          47100      0.0754324      -0.388413       0.150865
          47200     0.00364808      0.0854176     0.00729617
          47300      0.0707485      -0.376161       0.141497
          47400      0.0333044       0.258087      0.0666088
          47500      0.0315201       0.251078      0.0630402
          47600    9.88249e-05     -0.0140588     0.00019765
          47700      0.0707458      -0.376154       0.141492
          47800      0.0229101       0.214057      0.0458203
          47900      0.0176589        0.18793      0.0353178
          48000      0.0476745       0.308786       0.095349
          48100      0.0809363      -0.402334       0.161873
          48200     0.00345563      -0.083134     0.00691126
          48300      0.0522655      -0.323312       0.104531
          48400    9.51143e-07    -0.00137923    1.90229e-06
          48500     0.00502719      -0.100271      0.0100544
          48600      0.0125017       0.158125      0.0250035
          48700      0.0494897       -0.31461      0.0989794
          48800      0.0215305       0.207511       0.043061
          48900       0.253438      -0.711952       0.506875
          49000       0.289865      -0.761399       0.579729
          49100    0.000932454     -0.0431846     0.00186491
          49200    1.54364e-05     0.00555633    3.08729e-05
          49300    0.000155738     -0.0176487    0.000311476
          49400        0.14118      -0.531375       0.282359
          49500     0.00134734     -0.0519103     0.00269467
          49600     0.00293887      0.0766664     0.00587774
          49700     0.00936589       0.136864      0.0187318
          49800       0.063287      -0.355772       0.126574
          49900     7.7752e-05      0.0124701    0.000155504
          50000     0.00643892       0.113481      0.0128778
          50100     0.00125966     -0.0501929     0.00251933
          50200      0.0198938      -0.199468      0.0397877
          50300    0.000914397     -0.0427644     0.00182879
          50400      0.0880549      -0.419654        0.17611
          50500     0.00212465     -0.0651866      0.0042493
          50600      0.0109248      -0.147816      0.0218496
          50700       0.202175       0.635886       0.404351
          50800     0.00372623      0.0863276     0.00745245
          50900    0.000213795      0.0206782    0.000427589
          51000      0.0127351      -0.159594      0.0254701
          51100        0.11473      -0.479019        0.22946
          51200      0.0667659       -0.36542       0.133532
          51300      0.0203418      -0.201702      0.0406837
          51400      0.0522292         0.3232       0.104458
          51500      0.0213824       0.206796      0.0427647
          51600    0.000435376      0.0295085    0.000870752
          51700       0.267877      -0.731952       0.535754
          51800       0.182159      -0.603587       0.364317
          51900       0.100718      -0.448816       0.201436
          52000    0.000113103     -0.0150402    0.000226207
          52100     0.00389096     -0.0882152     0.00778192
          52200      0.0722974       0.380256       0.144595
          52300      0.0950177        0.43593       0.190035
          52400     0.00305542     -0.0781719     0.00611084
          52500      0.0124664      -0.157901      0.0249328
          52600    0.000227925     -0.0213507     0.00045585
          52700      0.0167498      -0.183029      0.0334995
          52800      0.0559411       0.334488       0.111882
          52900      0.0190166      -0.195021      0.0380333
          53000      0.0233336      -0.216026      0.0466672
          53100      0.0242178      -0.220081      0.0484356
          53200      0.0208177      -0.204048      0.0416354
          53300      0.0302602      -0.246009      0.0605205
          53400       0.256637       0.716431       0.513273
          53500      0.0214976       0.207353      0.0429952
          53600      0.0237707       -0.21804      0.0475415
          53700      0.0202977      -0.201483      0.0405954
          53800     0.00329604      0.0811917     0.00659209
          53900      0.0214824       -0.20728      0.0429649
          54000     0.00873739      -0.132192      0.0174748
          54100      0.0184424      -0.192054      0.0368848
          54200      0.0588482       0.343069       0.117696
          54300      0.0157167       0.177295      0.0314334
          54400      0.0991646       0.445342       0.198329
          54500    0.000207221     -0.0203578    0.000414442
          54600      0.0269739      -0.232267      0.0539479
          54700      0.0991765      -0.445368       0.198353
          54800     0.00926299       -0.13611       0.018526
          54900      0.0438745       0.296225      0.0877491
          55000      0.0124713       0.157932      0.0249426
          55100     0.00838614      -0.129508      0.0167723
          55200      0.0456994      -0.302322      0.0913988
          55300       0.114118        0.47774       0.228235
          55400      0.0730648      -0.382269        0.14613
          55500      0.0347461       0.263614      0.0694922
          55600       0.019353       0.196738       0.038706
          55700     0.00148981      0.0545859     0.00297963
          55800      0.0295342       -0.24304      0.0590683
          55900      0.0548658      -0.331258       0.109732
          56000      0.0336678      -0.259491      0.0673357
          56100      0.0300561       0.245178      0.0601122
          56200      0.0497674      -0.315491      0.0995348
          56300        0.04296       0.293121        0.08592
          56400      0.0424507      -0.291379      0.0849014
          56500      0.0105134       0.145006      0.0210267
          56600     0.00228963     -0.0676702     0.00457926
          56700    7.88808e-05      0.0125603    0.000157762
          56800      2.711e-05    -0.00736342      5.422e-05
          56900     0.00427861     -0.0925053     0.00855722
          57000      0.0768693       0.392095       0.153739
          57100      0.0307919      -0.248161      0.0615837
          57200      0.0812964      -0.403228       0.162593
          57300      0.0111992      -0.149661      0.0223983
          57400       0.061118      -0.349623       0.122236
          57500      0.0798109       0.399527       0.159622
          57600    3.77758e-07    0.000869205    7.55517e-07
          57700      0.0308076       0.248224      0.0616152
          57800       0.102752      -0.453326       0.205505
          57900     0.00234485     -0.0684815     0.00468971
          58000     0.00913935       0.135199      0.0182787
          58100      0.0556358      -0.333574       0.111272
          58200      0.0158934       0.178289      0.0317868
          58300       0.166526       0.577106       0.333052
          58400    0.000425692     -0.0291785    0.000851385
          58500      0.0459163       0.303039      0.0918327
          58600     0.00168104      0.0579835     0.00336209
          58700      0.0347662       -0.26369      0.0695325
          58800     0.00634092       0.112614      0.0126818
          58900      0.0478778       0.309444      0.0957556
          59000      0.0233718       0.216203      0.0467435
          59100      0.0563284      -0.335644       0.112657
          59200      0.0429882      -0.293217      0.0859763
          59300      0.0608931       0.348979       0.121786
          59400     0.00161206     -0.0567814     0.00322413
          59500     0.00455336     -0.0954291     0.00910671
          59600      0.0842058       -0.41038       0.168412
          59700       0.012496      -0.158089      0.0249921
          59800       0.109014      -0.466935       0.218028
          59900    0.000187022     -0.0193402    0.000374044
          60000      0.0430181       0.293319      0.0860362
          60100    5.16395e-05      0.0101626    0.000103279
          60200      0.0208372       0.204143      0.0416743
          60300       0.009376       0.136938       0.018752
          60400      0.0572059       0.338248       0.114412
          60500       0.088998      -0.421896       0.177996
          60600    6.83495e-05     -0.0116918    0.000136699
          60700      0.0382462      -0.276572      0.0764923
          60800     0.00722516       -0.12021      0.0144503
          60900      0.0190501       0.195193      0.0381002
          61000     0.00280118     -0.0748488     0.00560235
          61100     0.00923251      -0.135886       0.018465
          61200       0.275771       0.742658       0.551541
          61300     0.00213843     -0.0653978     0.00427687
          61400      0.0737065       0.383944       0.147413
          61500     0.00174116      0.0590113     0.00348233
          61600     0.00918555        0.13554      0.0183711
          61700      0.0285247        0.23885      0.0570494
          61800      0.0925071      -0.430133       0.185014
          61900     0.00795161      -0.126108      0.0159032
          62000      0.0075192       0.122631      0.0150384
          62100      0.0266773      -0.230986      0.0533546
          62200    2.12625e-05     0.00652112     4.2525e-05
          62300      0.0417599      -0.288998      0.0835199
          62400      0.0337964       0.259986      0.0675927
          62500     0.00844831       0.129987      0.0168966
          62600      0.0778154      -0.394501       0.155631
          62700      0.0415271       0.288191      0.0830541
          62800      0.0987473      -0.444404       0.197495
          62900       0.108666      -0.466189       0.217332
          63000       0.120239      -0.490386       0.240479
          63100      0.0862431      -0.415315       0.172486
          63200      0.0476231       -0.30862      0.0952461
          63300      0.0207215       0.203576       0.041443
          63400    0.000415094       0.028813    0.000830188
          63500      0.0655716       0.362137       0.131143
          63600      0.0241987      -0.219994      0.0483973
          63700      0.0075779       0.123109      0.0151558
          63800    1.44276e-06    -0.00169868    2.88552e-06
          63900      0.0838926       0.409616       0.167785
          64000    0.000802426     -0.0400606     0.00160485
          64100      0.0153589      -0.175265      0.0307178
          64200      0.0261578      -0.228726      0.0523155
          64300      0.0325616      -0.255192      0.0651232
          64400      0.0127932      -0.159957      0.0255864
          64500       0.046319      -0.304365       0.092638
          64600     0.00820743      -0.128121      0.0164149
          64700     0.00414905     -0.0910939      0.0082981
          64800       0.138944       0.527151       0.277888
          64900      0.0364834      -0.270124      0.0729667
          65000      0.0837899      -0.409365        0.16758
          65100      0.0033366      0.0816897      0.0066732
          65200       0.078233      -0.395558       0.156466
          65300      0.0240859       0.219481      0.0481718
          65400    0.000442562      -0.029751    0.000885124
          65500     0.00543198       -0.10423       0.010864
          65600        0.22243      -0.666978        0.44486
          65700      0.0718225       0.379005       0.143645
          65800     0.00314477      0.0793066     0.00628954
          65900      0.0155961      -0.176613      0.0311922
          66000      0.0909353       0.426463       0.181871
          66100      0.0198076      -0.199036      0.0396152
          66200     0.00580298      -0.107731       0.011606
          66300      0.0476862       0.308824      0.0953724
          66400       0.237818      -0.689664       0.475637
          66500      0.0168999      -0.183847      0.0337997
          66600       0.401154      -0.895716       0.802307
          66700       0.132533      -0.514846       0.265066
          66800      0.0857927       0.414229       0.171585
          66900     0.00149257     -0.0546364     0.00298514
          67000      0.0233389       -0.21605      0.0466778
          67100     0.00106598      0.0461731     0.00213195
          67200       0.044343      -0.297802       0.088686
          67300      0.0201584        0.20079      0.0403168
          67400       0.210736      -0.649208       0.421471
          67500      0.0258661      -0.227447      0.0517323
          67600       0.140994      -0.531025       0.281988
          67700      0.0413854       0.287699      0.0827709
          67800    0.000543031     -0.0329555     0.00108606
          67900       0.036384      -0.269756      0.0727681
          68000      0.0926116       0.430376       0.185223
          68100        0.32631       0.807849        0.65262
          68200    8.16505e-05     -0.0127789    0.000163301
          68300       0.163398       0.571661       0.326796
          68400      0.0693725      -0.372485       0.138745
          68500      0.0763166       0.390683       0.152633
          68600      0.0839508       0.409758       0.167902
          68700     0.00223321     -0.0668312     0.00446642
          68800     0.00797604      -0.126302      0.0159521
          68900      0.0814539      -0.403618       0.162908
          69000      0.0184327      -0.192004      0.0368654
          69100       0.306126       0.782465       0.612252
          69200       0.309454       0.786707       0.618908
          69300    0.000585049      0.0342067      0.0011701
          69400      0.0219352       0.209453      0.0438704
          69500     0.00727477      -0.120621      0.0145495
          69600      0.0154343       0.175695      0.0308686
          69700     0.00999821       0.141409      0.0199964
          69800      0.0123582       0.157214      0.0247164
          69900     0.00518331       0.101817      0.0103666
          70000      0.0139405       0.166976       0.027881
          70100      0.0471551        -0.3071      0.0943101
          70200       0.012638      -0.158984       0.025276
          70300       0.118001        -0.4858       0.236002
          70400      0.0121498      -0.155883      0.0242997
          70500      0.0602208       0.347047       0.120442
          70600      0.0790789      -0.397691       0.158158
          70700      0.0103518      -0.143887      0.0207036
          70800      0.0415461       0.288257      0.0830921
          70900     0.00458277      0.0957368     0.00916554
          71000     0.00888749      -0.133323       0.017775
          71100     0.00251964      0.0709879     0.00503929
          71200      0.0217049       -0.20835      0.0434097
          71300       0.213632      -0.653655       0.427265
          71400      0.0242608      -0.220276      0.0485216
          71500      0.0375404       0.274009      0.0750808
          71600      0.0823757      -0.405896       0.164751
          71700       0.221997       0.666328       0.443993
          71800      0.0214298      -0.207026      0.0428596
          71900    6.05393e-06     0.00347963    1.21079e-05
          72000      0.0126902      -0.159312      0.0253803
          72100       0.321474       0.801841       0.642948
          72200     0.00050929      0.0319152     0.00101858
          72300      0.0329713       0.256793      0.0659426
          72400     0.00311451      0.0789242     0.00622903
          72500    0.000149271      0.0172784    0.000298542
          72600    0.000223344      -0.021135    0.000446688
          72700       0.110345       0.469776        0.22069
          72800      0.0168525       0.183589      0.0337051
          72900      0.0037299     -0.0863701     0.00745979
          73000      0.0558738       0.334287       0.111748
          73100      0.0543642       -0.32974       0.108728
          73200      0.0379763       0.275595      0.0759527
          73300      0.0230723      -0.214813      0.0461447
          73400      0.0165264       0.181804      0.0330528
          73500      0.0138432       0.166392      0.0276864
          73600      0.0106215       -0.14575      0.0212429
          73700     0.00384508      0.0876935     0.00769016
          73800    9.50665e-06    -0.00436042    1.90133e-05
          73900    0.000443868     -0.0297949    0.000887736
          74000      0.0103034       -0.14355      0.0206067
          74100      0.0792386       0.398092       0.158477
          74200      0.0194728       0.197347      0.0389456
          74300       0.110385      -0.469861       0.220769
          74400      0.0121804       -0.15608      0.0243609
          74500    0.000924517      0.0430004     0.00184903
          74600    0.000835152      0.0408694      0.0016703
          74700       0.148719      -0.545378       0.297437
          74800      0.0951031      -0.436126       0.190206
          74900      0.0328903      -0.256477      0.0657807
          75000    0.000277797       0.023571    0.000555594
          75100      0.0806225       0.401553       0.161245
          75200     0.00437272     -0.0935171     0.00874545
          75300    0.000272987     -0.0233661    0.000545974
          75400       0.013614       0.165009       0.027228
          75500    5.97143e-05     -0.0109283    0.000119429
          75600      0.0894196      -0.422894       0.178839
          75700      0.0252216       0.224595      0.0504431
          75800      0.0224775       0.212026      0.0449551
          75900     0.00480784     -0.0980595     0.00961567
          76000      0.0199885       0.199943       0.039977
          76100       0.139654       0.528496       0.279308
          76200      0.0415841      -0.288389      0.0831682
          76300      0.0982856      -0.443363       0.196571
          76400    0.000166516     -0.0182492    0.000333032
          76500      0.0114192      -0.151124      0.0228383
          76600      0.0493624      -0.314205      0.0987248
          76700       0.018049       0.189995      0.0360979
          76800      0.0111803      -0.149535      0.0223607
          76900     0.00184364     -0.0607229     0.00368727
          77000       0.151258      -0.550014       0.302516
          77100    0.000191099      0.0195499    0.000382198
          77200      0.0754751       0.388523        0.15095
          77300      0.0366974      -0.270915      0.0733948
          77400      0.0539884       0.328598       0.107977
          77500     0.00216627      0.0658221     0.00433254
          77600     0.00183787     -0.0606279     0.00367575
          77700       0.107611       -0.46392       0.215222
          77800       0.051811       0.321904       0.103622
          77900      0.0176044        0.18764      0.0352088
          78000      0.0230545       -0.21473       0.046109
          78100        0.10078      -0.448954        0.20156
          78200      0.0496154      -0.315009      0.0992308
          78300       0.194663      -0.623961       0.389327
          78400      0.0215649      -0.207677      0.0431298
          78500      0.0897445       0.423661       0.179489
          78600      0.0329019       0.256523      0.0658039
          78700      0.0646477       0.359577       0.129295
          78800     0.00145757      -0.053992     0.00291514
          78900    9.43679e-05     -0.0137381    0.000188736
          79000      0.0693777       0.372499       0.138755
          79100      0.0125619       0.158505      0.0251238
          79200      0.0227876       0.213484      0.0455753
          79300      0.0404095      -0.284287      0.0808191
          79400       0.185584       0.609236       0.371168
          79500      0.0263384       0.229514      0.0526767
          79600      0.0848038       0.411834       0.169608
          79700       0.101074      -0.449609       0.202148
          79800       0.223094       0.667973       0.446188
          79900       0.091552       0.427906       0.183104
          80000       0.048913       0.312771       0.097826
          80100      0.0675301      -0.367505        0.13506
          80200      0.0140044      -0.167358      0.0280087
          80300     0.00370668      0.0861009     0.00741337
          80400      0.0135221      -0.164451      0.0270443
          80500     0.00908845       0.134822      0.0181769
          80600      0.0226177      -0.212686      0.0452353
          80700       0.021295       0.206373      0.0425899
          80800      0.0363672       0.269693      0.0727344
          80900       0.123647      -0.497288       0.247295
          81000      0.0395085         0.2811      0.0790171
          81100      0.0359505       0.268144      0.0719011
          81200     0.00871668       0.132035      0.0174334
          81300       0.176115      -0.593489        0.35223
          81400       0.185022       0.608313       0.370044
          81500    0.000413627       0.028762    0.000827254
          81600      0.0028833     -0.0759381     0.00576659
          81700      0.0138993      -0.166729      0.0277987
          81800       0.211991      -0.651139       0.423982
          81900      0.0212691      -0.206248      0.0425382
          82000      0.0682048       0.369337        0.13641
          82100      0.0200052      -0.200026      0.0400104
          82200      0.0100952      -0.142093      0.0201904
          82300     0.00329697     -0.0812031     0.00659394
          82400      0.0702046       0.374712       0.140409
          82500    2.65518e-06    -0.00230442    5.31036e-06
          82600       0.210425       0.648729        0.42085
          82700      0.0141203      -0.168049      0.0282406
          82800       0.128303       0.506564       0.256607
          82900      0.0306958      -0.247773      0.0613916
          83000      0.0210487       0.205176      0.0420974
          83100      0.0242454       0.220206      0.0484908
          83200      0.0111183       0.149119      0.0222366
          83300      0.0370851      -0.272342      0.0741702
          83400      0.0190074       0.194974      0.0380149
          83500      0.0672749       -0.36681        0.13455
          83600       0.100871       0.449157       0.201742
          83700      0.0355277      -0.266562      0.0710554
          83800     0.00221055      0.0664914      0.0044211
          83900     0.00488653      0.0988588     0.00977305
          84000      0.0114707      -0.151464      0.0229415
          84100     0.00285887     -0.0756158     0.00571774
          84200     0.00412087      -0.090784     0.00824174
          84300       0.015049      -0.173488      0.0300979
          84400      0.0220234       0.209873      0.0440468
          84500       0.013954       0.167057      0.0279079
          84600       0.119286       0.488439       0.238573
          84700      0.0303264      -0.246278      0.0606528
          84800       0.114273       0.478064       0.228545
          84900      0.0147551      -0.171785      0.0295101
          85000      0.0171837      -0.185384      0.0343673
          85100     0.00799454       0.126448      0.0159891
          85200      0.0073143      -0.120949      0.0146286
          85300      0.0237125      -0.217773       0.047425
          85400      0.0755902       0.388819        0.15118
          85500       0.174024       0.589957       0.348049
          85600      0.0300332      -0.245084      0.0600664
          85700      0.0725551       0.380933        0.14511
          85800       0.263172      -0.725495       0.526343
          85900      0.0785696       0.396408       0.157139
          86000     1.0898e-05     0.00466861    2.17959e-05
          86100     0.00593127      -0.108915      0.0118625
          86200      0.0479472      -0.309668      0.0958944
          86300    0.000448327      0.0299442    0.000896655
          86400     0.00125638     -0.0501275     0.00251276
          86500       0.242598        0.69656       0.485196
          86600     0.00892832       0.133629      0.0178566
          86700     0.00855875      -0.130834      0.0171175
          86800      0.0841371       0.410212       0.168274
          86900       0.348972       -0.83543       0.697943
          87000      0.0188549       -0.19419      0.0377098
          87100      0.0254414      -0.225572      0.0508828
          87200     0.00368562     -0.0858559     0.00737124
          87300      0.0289651       0.240687      0.0579301
          87400      0.0108649        0.14741      0.0217297
          87500      0.0640493       0.357909       0.128099
          87600      0.0403015       0.283907       0.080603
          87700      0.0533128      -0.326536       0.106626
          87800      0.0491827      -0.313632      0.0983653
          87900     0.00228918     -0.0676636     0.00457836
          88000       0.131772       0.513365       0.263544
          88100      0.0234432      -0.216533      0.0468863
          88200      0.0131483       0.162162      0.0262966
          88300      0.0175466      -0.187332      0.0350932
          88400     0.00507394      -0.100737      0.0101479
          88500     0.00699894       0.118313      0.0139979
          88600      0.0167388      -0.182969      0.0334775
          88700       0.123543       0.497078       0.247086
          88800      0.0072761       0.120632      0.0145522
          88900       0.169532       0.582292       0.339064
          89000     0.00710611       0.119215      0.0142122
          89100      0.0092587       0.136079      0.0185174
          89200      0.0739693      -0.384628       0.147939
          89300     0.00250103     -0.0707252     0.00500205
          89400      0.0105395       0.145186       0.021079
          89500       0.107665       0.464037        0.21533
          89600      0.0177388      -0.188355      0.0354775
          89700       0.025368      -0.225246      0.0507359
          89800     0.00228927     -0.0676649     0.00457854
          89900       0.367498      -0.857319       0.734996
          90000      0.0192308       0.196116      0.0384616
          90100    0.000787977     -0.0396983     0.00157595
          90200       0.101934       0.451517       0.203867
          90300      0.0173893        0.18649      0.0347786
          90400      0.0490075       0.313074       0.098015
          90500        0.19282      -0.620999        0.38564
          90600     0.00335172     -0.0818746     0.00670345
          90700      0.0890554      -0.422032       0.178111
          90800    0.000190279      0.0195079    0.000380558
          90900      0.0208703      -0.204305      0.0417405
          91000    0.000319115      0.0252632    0.000638231
          91100       0.123664       0.497322       0.247329
          91200      0.0748333       0.386868       0.149667
          91300     0.00573876      -0.107133      0.0114775
          91400      0.0523257       0.323499       0.104651
          91500       0.172876       0.588007       0.345752
          91600      0.0504113      -0.317526       0.100823
          91700      0.0264976      -0.230207      0.0529952
          91800      0.0932186       0.431784       0.186437
          91900    0.000971008      0.0440683     0.00194202
          92000      0.0240525       0.219329       0.048105
          92100      0.0184542      -0.192116      0.0369084
          92200    0.000375129      0.0273909    0.000750259
          92300      0.0131764       0.162335      0.0263528
          92400       0.060397       0.347554       0.120794
          92500       0.155216       0.557164       0.310432
          92600     0.00153595     -0.0554247      0.0030719
          92700      0.0234013       0.216339      0.0468026
          92800      0.0118303        0.15382      0.0236606
          92900       0.152579        0.55241       0.305157
          93000      0.0357191       0.267279      0.0714382
          93100      0.0309227      -0.248687      0.0618453
          93200     0.00320287     -0.0800358     0.00640573
          93300       0.285494      -0.755637       0.570987
          93400    1.76925e-05     0.00594853    3.53851e-05
          93500     0.00615452       0.110946       0.012309
          93600     0.00053791      0.0327997     0.00107582
          93700     0.00433732      0.0931378     0.00867464
          93800      0.0455095       0.301694      0.0910191
          93900    2.13658e-05    -0.00653694    4.27316e-05
          94000    0.000461265      0.0303732     0.00092253
          94100     0.00363623      0.0852788     0.00727247
          94200       0.057081       0.337879       0.114162
          94300      0.0276445      -0.235136       0.055289
          94400       0.149326       0.546491       0.298653
          94500     0.00527442      -0.102708      0.0105488
          94600      0.0165974       0.182195      0.0331948
          94700     0.00663243      -0.115173      0.0132649
          94800      0.0283313       0.238039      0.0566625
          94900      0.0262389      -0.229081      0.0524779
          95000      0.0765932       -0.39139       0.153186
          95100      0.0258621       -0.22743      0.0517242
          95200     0.00180149     -0.0600248     0.00360298
          95300      0.0111049       0.149029      0.0222097
          95400    9.66255e-05     -0.0139015    0.000193251
          95500     0.00171058      0.0584906     0.00342115
          95600       0.117448      -0.484662       0.234897
          95700    4.47129e-05    -0.00945652    8.94258e-05
          95800       0.148767       0.545468       0.297535
          95900    4.12743e-05    -0.00908563    8.25486e-05
          96000      0.0104708      -0.144712      0.0209415
          96100    6.93411e-05      0.0117763    0.000138682
          96200       0.250324      -0.707565       0.500648
          96300     0.00466789      0.0966219     0.00933579
          96400       0.106215      -0.460901        0.21243
          96500      0.0730306       0.382179       0.146061
          96600    5.25031e-07     0.00102473    1.05006e-06
          96700       0.216574        0.65814       0.433148
          96800      0.0125528      -0.158447      0.0251055
          96900      0.0236514       0.217492      0.0473028
          97000     0.00496873      0.0996868     0.00993746
          97100      0.0420614       0.290039      0.0841228
          97200     0.00205467      0.0641041     0.00410934
          97300      0.0152427      -0.174601      0.0304855
          97400     0.00952134       0.137995      0.0190427
          97500      0.0403184       0.283966      0.0806367
          97600     0.00738618       0.121542      0.0147724
          97700      0.0125428      -0.158385      0.0250857
          97800      0.0205539      -0.202751      0.0411079
          97900    0.000101628     -0.0142568    0.000203256
          98000      0.0332512       -0.25788      0.0665023
          98100     0.00120524     -0.0490967     0.00241049
          98200      0.0349723      -0.264471      0.0699447
          98300      0.0978232      -0.442319       0.195646
          98400     0.00450254     -0.0948951     0.00900509
          98500      0.0109528      -0.148005      0.0219056
          98600      0.0560598      -0.334843        0.11212
          98700       0.011568      -0.152105       0.023136
          98800       0.124038       0.498072       0.248076
          98900       0.278077       0.745758       0.556154
          99000     0.00974193      -0.139585      0.0194839
          99100    0.000475148     -0.0308269    0.000950296
          99200     0.00939965       0.137111      0.0187993
          99300     0.00609795       0.110435      0.0121959
          99400       0.127667      -0.505306       0.255334
          99500       0.179536       0.599225       0.359071
          99600      0.0226723       0.212943      0.0453446
          99700      0.0578001           0.34         0.1156
          99800     0.00668267       0.115609      0.0133653
          99900      0.0107486       0.146619      0.0214972
         100000    5.91826e-05     -0.0108796    0.000118365
