              0              1              0              0
            100      0.0117131      -0.944337       0.891773
            200      0.0130156        0.94123       0.885914
            300      0.0135443        1.05659        1.11638
            400       0.106057        0.82118       0.674336
            500      0.0829376        -1.1349        1.28799
            600       0.780055       -0.34175       0.116793
            700       0.279448       0.686565       0.471371
            800       0.105434       0.821763       0.675294
            900      0.0599523       -1.11573        1.24485
           1000      0.0013483      -0.981469       0.963281
           1100      0.0275158      -0.913302       0.834121
           1200        0.19969      -0.743729       0.553133
           1300      0.0168301        1.06289        1.12973
           1400     0.00444897        1.03281         1.0667
           1500       0.111145       0.816465       0.666616
           1600       0.017566      -0.931377       0.867463
           1700     0.00200297        1.02213        1.04475
           1800      0.0381096       0.897097       0.804783
           1900       0.396991      -0.608217       0.369928
           2000        0.42194        1.28436        1.64957
           2100      0.0032014        -1.0279        1.05658
           2200       0.215344      -0.732085       0.535948
           2300       0.737742       0.375607       0.141081
           2400     3.1608e-06       -1.00089        1.00178
           2500     0.00492585         1.0345        1.07018
           2600      0.0293862       -1.08232        1.17142
           2700      0.0850277      -0.841668       0.708405
           2800       0.249705       0.707315       0.500295
           2900       0.283521       -1.23793        1.53247
           3000        0.31317      -0.663614       0.440384
           3100      0.0189318       -1.06658        1.13759
           3200       0.153636        1.17982        1.39196
           3300       0.321638       0.657927       0.432869
           3400      0.0749176       0.852226       0.726289
           3500       0.339952        1.25819        1.58305
           3600      0.0224266      -0.922087       0.850245
           3700      0.0570052       -1.11299        1.23876
           3800      0.0476872         1.1038        1.21837
           3900      0.0626168       0.865891       0.749767
           4000    4.24928e-05       -1.00325        1.00652
           4100     0.00332415      -0.970744       0.942345
           4200      0.0245941      -0.918246       0.843175
           4300       0.162181        1.18436        1.40272
           4400      0.0411546      -0.892824       0.797134
           4500      0.0191301      -0.928272       0.861688
           4600     0.00259149      -0.974214       0.949093
           4700     0.00685878       0.957696       0.917182
           4800      0.0116153      -0.944577       0.892226
           4900      0.0102013       0.948155       0.898998
           5000       0.083226        1.13512        1.28849
           5100       0.154027       0.779447       0.607537
           5200     0.00757837       -1.04262        1.08705
           5300      0.0033449       0.970652       0.942165
           5400     0.00963496       0.949654       0.901842
           5500     0.00203307        -1.0223        1.04509
           5600     0.00039996        1.00995           1.02
           5700      0.0391006        0.89569       0.802261
           5800       0.190264      -0.750871       0.563807
           5900       0.205421         1.2055        1.45323
           6000      0.0893128       0.837346       0.701148
           6100     0.00724524       0.956494       0.914881
           6200      0.0566651      -0.872901       0.761956
           6300     0.00529705      -0.962922       0.927219
           6400    0.000164011        1.00638        1.01281
           6500       0.105952      -0.821278       0.674498
           6600      0.0183304       -1.06555        1.13539
           6700      0.0294711       -1.08244        1.17167
           6800      0.0149607        1.05939        1.12231
           6900       0.175806       -1.19134        1.41929
           7000      0.0792917       0.847592       0.718412
           7100     0.00447112      -0.965988       0.933134
           7200      0.0404559        1.09596        1.20114
           7300      0.0399914       -1.09544        1.19998
           7400       0.171066      -0.765767       0.586399
           7500      0.0112148       -1.05162         1.1059
           7600      0.0287798       0.911238       0.830354
           7700        0.22962      -0.721674       0.520813
           7800     0.00173646        1.02062        1.04167
           7900      0.0162529        1.06183        1.12749
           8000       0.212443        1.20868        1.46092
           8100       0.189595      -0.751382       0.564575
           8200        0.10968       -1.15377        1.33118
           8300     0.00115346        1.01684        1.03396
           8400       0.101679       0.825305       0.681128
           8500      0.0312527        -1.0848        1.17678
           8600    0.000824305        0.98554       0.971289
           8700       0.195854       0.746623       0.557446
           8800      0.0251932       0.917211       0.841276
           8900     0.00148223      -0.980561         0.9615
           9000      0.0157189      -0.935214       0.874625
           9100    0.000251339        -1.0079        1.01585
           9200      0.0693993       0.858232       0.736562
           9300       0.194344        1.20035        1.44084
           9400      0.0653619        1.12056        1.25566
           9500      0.0485444       -0.88299       0.779672
           9600      0.0423793        1.09812        1.20586
           9700       0.114054       0.813806       0.662281
           9800      0.0825737        1.13462        1.28736
           9900      0.0346643       0.902118       0.813817
          10000     0.00802516       -1.04383        1.08958
          10100     0.00138624      -0.981207       0.962768
          10200      0.0507421      -0.880193        0.77474
          10300       0.018797       -1.06635         1.1371
          10400      0.0220643         1.0717        1.14854
          10500    0.000887972      -0.984988       0.970201
          10600      0.0476558        1.10377         1.2183
          10700       0.933998         1.4023        1.96644
          10800      0.0850114        1.13647        1.29157
          10900       0.423329        1.28477        1.65064
          11000       0.496121      -0.543729       0.295641
          11100     0.00870413        0.95221       0.906704
          11200       0.239688        1.22048        1.48958
          11300     0.00995164      -0.948811       0.900242
          11400        0.09572      -0.831032       0.690614
          11500     0.00215817       -1.02296        1.04646
          11600       0.136189       -1.17006        1.36904
          11700    0.000976594        1.01551        1.03125
          11800       0.032854       0.904844       0.818743
          11900       0.402781      -0.604442        0.36535
          12000      0.0710409      -0.856426       0.733465
          12100      0.0022456      -0.976019       0.952612
          12200      0.0669519       -1.12194        1.25875
          12300       0.614405         1.3356        1.78384
          12400     0.00537955       -1.03602        1.07335
          12500     0.00967226        1.04802        1.09835
          12600       0.232403       -1.21741        1.48208
          12700     0.00204563        1.02236        1.04523
          12800      0.0277227      -0.912961       0.833499
          12900     0.00406317        1.03138        1.06374
          13000       0.247845      -0.708632        0.50216
          13100     0.00485245       0.964542        0.93034
          13200      0.0956052      -0.831143       0.690799
          13300       0.045551        0.88689       0.786573
          13400      0.0489769      -0.882436       0.778693
          13500        0.18171       -1.19427        1.42627
          13600      0.0135098       0.940089       0.883768
          13700      0.0595646       -1.11537        1.24406
          13800       0.125305      -0.803751       0.646015
          13900     0.00665638      -0.958339       0.918413
          14000      0.0309961      -0.907713       0.823943
          14100      0.0833076        1.13518        1.28863
          14200      0.0589676        1.11482        1.24283
          14300      0.0231004        1.07331        1.15199
          14400      0.0411324        1.09673        1.20281
          14500      0.0610712      -0.867683       0.752874
          14600     0.00934839      -0.950428       0.903313
          14700       0.104804      -0.822353       0.676265
          14800     0.00238554       -1.02413        1.04884
          14900     0.00448136      -0.965949       0.933057
          15000     0.00536956       0.962664       0.926723
          15100      0.0416339       -1.09729        1.20404
          15200      0.0795233       -0.84735       0.718001
          15300      0.0035875        1.02951         1.0599
          15400      0.0369151       -1.09185        1.19213
          15500      0.0781497      -0.848792       0.720447
          15600       0.975344       0.111378      0.0124051
          15700      0.0102727       -1.04945        1.10135
          15800      0.0238664      -0.919517       0.845512
          15900      0.0744204        1.12818         1.2728
          16000       0.151327        0.78166       0.610992
          16100      0.0875534       -0.83911       0.704106
          16200      0.0315659       0.906825       0.822332
          16300        1.04632        1.42229         2.0229
          16400     0.00873926         1.0457        1.09348
          16500      0.0821295       -1.13428        1.28658
          16600     0.00481906        1.03413        1.06942
          16700      0.0023834       -1.02412        1.04882
          16800      0.0281671       -1.08066        1.16783
          16900     0.00951018       -1.04763        1.09752
          17000       0.171049        0.76578        0.58642
          17100      0.0494735      -0.881801       0.777574
          17200       0.394406        1.27594        1.62802
          17300      0.0171484      -0.932227       0.869048
          17400        0.34633      -0.641484       0.411502
          17500      0.0945799       0.832143       0.692462
          17600       0.145148       -1.17515        1.38098
          17700       0.240704       -1.22091        1.49062
          17800     0.00697379      -0.957335       0.916491
          17900     0.00381978      -0.968605       0.938196
          18000     0.00266115      -0.973865       0.948414
          18100       0.101746      -0.825242       0.681024
          18200       0.148717       0.783813       0.614362
          18300       0.262536       0.698296       0.487617
          18400      0.0255062        -1.0769        1.15971
          18500      0.0130531        1.05558        1.11425
          18600      0.0980102        1.14589        1.31307
          18700      0.0385818      -0.896425       0.803577
          18800        0.19718        1.20169        1.44405
          18900      0.0289489        1.08173        1.17014
          19000       0.191831        1.19916        1.43799
          19100      0.0142563       -1.05802         1.1194
          19200       0.883725        1.39286        1.94007
          19300      0.0131507      -0.940916       0.885324
          19400      0.0281717       -1.08067        1.16784
          19500      0.0497511       0.881448        0.77695
          19600      0.0262805        1.07801        1.16211
          19700    2.08004e-05       0.997717       0.995439
          19800      0.0535056       -1.10965        1.23131
          19900       0.026967       -1.07899        1.16422
          20000      0.0176173        -1.0643        1.13273
          20100       0.241383       0.713227       0.508693
          20200    0.000226795         1.0075        1.01506
          20300      0.0222588      -0.922391       0.850806
          20400      0.0579976      -0.871305       0.759173
          20500      0.0949211        1.14372        1.30809
          20600      0.0731528       0.854127       0.729532
          20700       0.217209       0.730714       0.533943
          20800       0.120582       -1.16071        1.34725
          20900      0.0662819       0.861712       0.742547
          21000      0.0220779        1.07172        1.14859
          21100     0.00944613       0.950163       0.902809
          21200       0.235215         1.2186        1.48499
          21300     0.00813196        1.04412        1.09018
          21400      0.0478124       -1.10393        1.21866
          21500      0.0510421       -1.10721        1.22592
          21600       0.108988        1.15331        1.33013
          21700      0.0007824      -0.985915       0.972029
          21800    6.73906e-07       -1.00041        1.00082
          21900      0.0169678       0.932598       0.869739
          22000      0.0221967       -1.07191        1.14899
          22100      0.0429949      -0.890308       0.792648
          22200      0.0130327        1.05554        1.11416
          22300       0.300102       0.672446       0.452184
          22400    0.000321519      -0.990994       0.982069
          22500      0.0840628       -1.13575        1.28994
          22600      0.0308981       0.907866       0.824221
          22700       0.260498       -1.22898        1.51039
          22800      0.0966328       0.830146       0.689142
          22900      0.0313963      -0.907089        0.82281
          23000     0.00500877        1.03478        1.07077
          23100     0.00438579       -0.96632       0.933775
          23200      0.0997928       0.827103         0.6841
          23300      0.0373191       0.898231       0.806819
          23400       0.107346        1.15223        1.32764
          23500       0.183629       0.755963        0.57148
          23600      0.0760976       0.850965       0.724142
          23700       0.123933       0.804959       0.647958
          23800     0.00592673       -1.03778        1.07699
          23900     0.00844004      -0.952959        0.90813
          24000     0.00634195       0.959356       0.920364
          24100       0.092199       -0.83448       0.696357
          24200       0.244545         1.2225        1.49451
          24300       0.183468       0.756087       0.571668
          24400      0.0182498        1.06541        1.13509
          24500     0.00815096       -1.04417        1.09028
          24600       0.286813      -0.681506       0.464451
          24700     0.00925553       0.950681       0.903794
          24800      0.0140466        -1.0576        1.11852
          24900       0.249159       0.707701       0.500841
          25000       0.120343      -0.808143       0.653096
          25100       0.012235       0.943074       0.889388
          25200       0.123052       0.805737       0.649213
          25300       0.430206       0.586599       0.344099
          25400      0.0172542      -0.932011       0.868645
          25500     0.00182601      -0.978401       0.957268
          25600      0.0347797       -1.08926        1.18649
          25700       0.115625         1.1576        1.34004
          25800       0.157987        1.18215        1.39748
          25900       0.304979        1.24589        1.55225
          26000      0.0973333       -1.14542        1.31198
          26100      0.0551726      -0.874707       0.765111
          26200      0.0121215       0.943346       0.889902
          26300       0.453597       -1.29364         1.6735
          26400        0.15701      -0.777017       0.603756
          26500       0.264165       0.697159        0.48603
          26600      0.0248875        1.07599        1.15776
          26700       0.376531      -0.621594       0.386379
          26800       0.186239      -0.753954       0.568446
          26900       0.012039        1.05343        1.10972
          27000      0.0103687        0.94772       0.898173
          27100     0.00010385        1.00508        1.01019
          27200         0.1287       0.800782       0.641252
          27300       0.325455       -1.25319        1.57049
          27400       0.231432      -0.720366       0.518927
          27500      0.0439096        1.09979        1.20955
          27600     0.00108681        1.01635        1.03297
          27700       0.272487        1.23369          1.522
          27800      0.0232171      -0.920667       0.847628
          27900       0.442688       0.578491       0.334652
          28000       0.273458      -0.690701       0.477068
          28100      0.0426514       0.890774       0.793478
          28200     0.00025367        1.00793        1.01593
          28300       0.456426       -1.29445        1.67559
          28400      0.0154339       0.935824       0.875767
          28500       0.013723      -0.939603       0.882855
          28600    0.000197112       0.992955        0.98596
          28700       0.179213      -0.759384       0.576664
          28800     0.00353126       -1.02928        1.05942
          28900       0.541755        1.31759        1.73604
          29000      0.0653933        1.12059        1.25572
          29100    6.11655e-05      -0.996082       0.992179
          29200        0.01505      -0.936655       0.877322
          29300       0.104907        1.15061        1.32389
          29400       0.290844       -0.67875       0.460701
          29500       0.104651       0.822497       0.676501
          29600      0.0200436       -1.06845        1.14158
          29700    0.000843778       0.985369       0.970952
          29800      0.0725254      -0.854807       0.730695
          29900      0.0123336        1.05407        1.11106
          30000       0.139142       0.791823       0.626983
          30100      0.0517396        1.10791        1.22746
          30200        0.10867      -0.818748       0.670348
          30300     0.00712672       -1.04135        1.08442
          30400       0.125529       -1.16374         1.3543
          30500       0.383299       -1.27244        1.61911
          30600       0.209818      -0.736166       0.541941
          30700       0.198176       0.744869        0.55483
          30800      0.0546281        0.87537       0.766273
          30900    5.40645e-05        1.00367        1.00735
          31000      0.0912766       0.835392        0.69788
          31100      0.0672258       0.860651       0.740721
          31200       0.256691      -0.702391       0.493353
          31300      0.0162364        -1.0618        1.12742
          31400      0.0292152        1.08209        1.17092
          31500      0.0319742        1.08573        1.17881
          31600       0.155279       0.778425       0.605946
          31700       0.123583       -1.16256        1.35154
          31800      0.0133444       -1.05618        1.11552
          31900      0.0473335        1.10343        1.21756
          32000       0.023588      -0.920009       0.846416
          32100     0.00572038        1.03713        1.07563
          32200      0.0325902      -0.905247       0.819472
          32300       0.190121       -0.75098       0.563971
          32400       0.233574       0.718822       0.516705
          32500     0.00363479       0.969387       0.939711
          32600       0.184684       -1.19572        1.42975
          32700       0.386796      -0.614874       0.378071
          32800       0.120908       -0.80764       0.652282
          32900       0.145081       -1.17511         1.3809
          33000       0.288615       -1.23985        1.53723
          33100     0.00363967      -0.969366        0.93967
          33200      0.0211048        1.07018        1.14527
          33300       0.520855      -0.527539       0.278297
          33400      0.0555608       0.874235       0.764287
          33500      0.0158725       -1.06112        1.12599
          33600      0.0227127       0.921571       0.849293
          33700       0.188591        1.19761        1.43427
          33800      0.0824576       -1.13453        1.28715
          33900      0.0402103       0.894134       0.799475
          34000       0.119227        0.80914       0.654707
          34100       0.112918        1.15587        1.33603
          34200      0.0399148        1.09535        1.19979
          34300       0.060483        0.86837       0.754067
          34400      0.0272091       -1.07933        1.16495
          34500       0.457392       -0.56894       0.323692
          34600       0.994624     -0.0518812     0.00269165
          34700      0.0278463      -0.912758       0.833128
          34800       0.167929       -0.76825       0.590208
          34900    0.000721364      -0.986479       0.973142
          35000      0.0990328      -0.827832       0.685305
          35100      0.0653021       -1.12051        1.25554
          35200       0.327338      -0.654114       0.427865
          35300      0.0310958       0.907557        0.82366
          35400      0.0010963       0.983305        0.96689
          35500       0.023323       0.920479       0.847281
          35600      0.0176695      -0.931168       0.867073
          35700       0.118858        0.80947       0.655242
          35800      0.0086407       -1.04545        1.09296
          35900       0.102615        1.14906        1.32034
          36000    0.000638482       -1.01256        1.02527
          36100       0.521895        1.31241        1.72242
          36200      0.0204038      -0.925828       0.857158
          36300      0.0795912       -1.13231        1.28212
          36400    0.000194556       -1.00695        1.01395
          36500       0.174042      -0.763424       0.582817
          36600       0.196564       0.746086       0.556644
          36700      0.0014826       -1.01907         1.0385
          36800     0.00123082       -1.01739        1.03508
          36900     0.00329158       -0.97089       0.942628
          37000       0.109656      -0.817836       0.668856
          37100      0.0493276        1.10549         1.2221
          37200    0.000290006       -1.00848        1.01703
          37300      0.0253712       0.916906       0.840717
          37400       0.297961        1.24333        1.54586
          37500       0.269666       -0.69333       0.480707
          37600       0.716601      -0.391762       0.153477
          37700     0.00449023       0.965914       0.932991
          37800       0.334817      -0.649128       0.421367
          37900       0.146207      -0.785894        0.61763
          38000      0.0964381       0.830334       0.689455
          38100     0.00118311       -1.01705         1.0344
          38200     0.00803948       -1.04387        1.08966
          38300       0.301408       -0.67156       0.450993
          38400       0.110183        0.81735       0.668061
          38500     0.00640945        1.03926        1.08006
          38600      0.0123146       0.942883       0.889029
          38700        0.26214       0.698573       0.488004
          38800       0.029428       -1.08238        1.17155
          38900     0.00818406        1.04425        1.09047
          39000      0.0105874        1.05019         1.1029
          39100      0.0506151       0.880353       0.775022
          39200      0.0296446        1.08267        1.17218
          39300     0.00901482         1.0464        1.09495
          39400     0.00139052      -0.981178        0.96271
          39500     0.00140749       0.981062       0.962483
          39600    0.000220924        -1.0074        1.01486
          39700       0.187842      -0.752723       0.566592
          39800      0.0792639       0.847621       0.718462
          39900      0.0586491       0.870531       0.757824
          40000      0.0524813        1.10864        1.22909
          40100       0.385962        0.61542       0.378742
          40200     0.00162367        1.01995        1.04029
          40300      0.0256455         1.0771        1.16014
          40400       0.708576        1.35712        1.84177
          40500      0.0435646       -1.09942        1.20872
          40600      0.0232806        1.07358        1.15258
          40700       0.111641       -1.15504        1.33413
          40800       0.030292       -0.90882       0.825954
          40900       0.245321      -0.710423       0.504701
          41000      0.0413366        1.09696        1.20331
          41100     0.00882313      -0.951876       0.906068
          41200     0.00713204       0.956843       0.915549
          41300     0.00809389      -0.953957       0.910034
          41400      0.0359018        1.09063        1.18948
          41500       0.131155      -0.798653       0.637847
          41600       0.141955       -1.17336        1.37677
          41700      0.0763425       0.850705       0.723698
          41800    0.000286763      -0.991497       0.983066
          41900        0.24341       0.711782       0.506634
          42000     0.00193805       0.977741       0.955977
          42100       0.086189        1.13736        1.29358
          42200      0.0152902       0.936134       0.876347
          42300       0.778203       0.343281       0.117842
          42400      0.0159995      -0.934618       0.873511
          42500    0.000131957       -0.99424       0.988513
          42600     0.00206418      -0.977019       0.954567
          42700      0.0109161       -1.05094        1.10448
          42800       0.080937       -1.13336        1.28449
          42900      0.0521221       -1.10829         1.2283
          43000       0.422673       -1.28457        1.65013
          43100       0.794899       -1.37534        1.89157
          43200    0.000386608        1.00978        1.01966
          43300      0.0369095        1.09184        1.19212
          43400      0.0771158      -0.849884       0.722303
          43500      0.0529998       -1.10915        1.23022
          43600        0.10143       0.825542       0.681519
          43700      0.0623369      -0.866214       0.750326
          43800       0.271524      -0.692041       0.478921
          43900       0.008399       -1.04482        1.09165
          44000       0.250813        1.22508        1.50081
          44100    0.000284975      -0.991523       0.983119
          44200       0.130773        1.16689        1.36163
          44300    0.000644051        1.01261        1.02538
          44400      0.0155327        1.06049        1.12463
          44500      0.0408415       0.893257       0.797907
          44600      0.0509998        1.10717        1.22583
          44700       0.198696       -1.20239        1.44575
          44800       0.091707        1.14142        1.30283
          44900     0.00886852       -1.04603        1.09417
          45000       0.106368      -0.820889        0.67386
          45100      0.0920029      -0.834674        0.69668
          45200      0.0477731       0.883985       0.781429
          45300       0.327914       -0.65373       0.427362
          45400     0.00832823       0.953279       0.908741
          45500       0.316316       0.661498        0.43758
          45600       0.138515        -1.1714        1.37218
          45700     0.00151891         1.0193        1.03897
          45800       0.428077        1.28619        1.65428
          45900       0.171469       -1.18915        1.41409
          46000      0.0022941        1.02367         1.0479
          46100      0.0630714        1.11854        1.25114
          46200      0.0873524       0.839313       0.704446
          46300      0.0191949      -0.928146       0.861454
          46400      0.0118026        1.05292        1.10864
          46500    4.34409e-05       0.996699       0.993409
          46600      0.0309058       0.907854         0.8242
          46700      0.0479313        0.88378       0.781068
          46800       0.817754      -0.309358      0.0957024
          46900        0.23011       -1.21643         1.4797
          47000       0.544769      -0.511776       0.261915
          47100        0.64357      -0.444716       0.197772
          47200       0.362197       -1.26563        1.60183
          47300       0.115581      -0.812421       0.660028
          47400    0.000649527      -0.987175       0.974514
          47500       0.062748        1.11826         1.2505
          47600     0.00100294      -0.984038       0.968331
          47700       0.101335      -0.825632       0.681669
          47800       0.141416       -1.17305        1.37605
          47900      0.0105241       -1.05004        1.10259
          48000    0.000149265        1.00609        1.01222
          48100       0.619813       0.461214       0.212718
          48200       0.105959      -0.821271       0.674486
          48300    0.000247421       0.992104        0.98427
          48400       0.352759       -1.26251        1.59393
          48500       0.015093      -0.936561       0.877147
          48600      0.0278651       -1.08024        1.16693
          48700       0.021543       -1.07088        1.14678
          48800       0.118859      -0.809469        0.65524
          48900       0.159964        -1.1832        1.39996
          49000     0.00825307        1.04444        1.09085
          49100       0.639821       0.447339       0.200112
          49200     0.00866984       -1.04552        1.09311
          49300      0.0555685       0.874226        0.76427
          49400       0.050399        1.10657         1.2245
          49500      0.0602256       -1.11598        1.24541
          49600       0.150768        0.78212       0.611712
          49700     0.00105403      -0.983633       0.967534
          49800      0.0321937       0.905855       0.820574
          49900     0.00321622        1.02796        1.05671
          50000       0.035659       -1.09034        1.18884
          50100      0.0167554       -1.06275        1.12944
          50200       0.108245      -0.819142       0.670994
          50300      0.0627696       -1.11827        1.25054
          50400    0.000283712       -1.00839        1.01684
          50500      0.0210665        1.07011        1.14514
          50600     0.00147227          1.019        1.03837
          50700        0.13655       0.794023       0.630473
          50800      0.0153564       0.935991       0.876079
          50900     0.00165728       0.979434        0.95929
          51000      0.0278882        1.08028          1.167
          51100      0.0849928       0.841703       0.708465
          51200     0.00105424         1.0161        1.03247
          51300       0.315197       -0.66225       0.438576
          51400       0.103319       0.823751       0.678567
          51500      0.0568576       0.872669       0.761552
          51600    0.000678064       0.986894        0.97396
          51700       0.343379      -0.643439       0.414014
          51800      0.0275201       -1.07976        1.16589
          51900       0.284501      -0.683091       0.466614
          52000       0.404867        1.27918        1.63629
          52100      0.0925975       -1.14206         1.3043
          52200       0.107009      -0.820291       0.672877
          52300      0.0018502      -0.978257       0.956986
          52400     0.00269967        1.02565        1.05196
          52500      0.0957409      -0.831011        0.69058
          52600       0.154255      -0.779261       0.607248
          52700       0.503515      -0.538899       0.290412
          52800       0.248083       0.708464       0.501921
          52900      0.0607117      -0.868103       0.753603
          53000      0.0679194       -1.12277        1.26061
          53100      0.0049992       0.963999       0.929295
          53200    6.67634e-07        1.00041        1.00082
          53300      0.0118399      -0.944028       0.891189
          53400    8.75519e-06       0.998519       0.997041
          53500     0.00319285        1.02786        1.05651
          53600      0.0161443       -1.06163        1.12706
          53700      0.0716231        1.12589        1.26763
          53800       0.101699        1.14844         1.3189
          53900      0.0500751      -0.881036       0.776225
          54000      0.0110262      -0.946041       0.894994
          54100    0.000662959        1.01279        1.02575
          54200       0.167835      -0.768325       0.590323
          54300      0.0998068       -0.82709       0.684078
          54400      0.0535823        1.10972        1.23148
          54500      0.0043994       0.966267       0.933672
          54600      0.0155622      -0.935549       0.875251
          54700      0.0954046       -1.14406        1.30888
          54800      0.0134675        1.05643        1.11605
          54900       0.057191        1.11317        1.23915
          55000      0.0361636        1.09095        1.19017
          55100       0.236633       0.716624       0.513551
          55200      0.0042371      -0.966906       0.934907
          55300       0.154683       0.778911       0.606703
          55400       0.480825      -0.553701       0.306584
          55500      0.0668592       -1.12186        1.25857
          55600    0.000813127       -1.01416        1.02852
          55700     0.00206788        1.02248        1.04547
          55800       0.252053       0.705657       0.497951
          55900       0.102628       0.824405       0.679643
          56000     0.00635099      -0.959326       0.920307
          56100        0.33543       0.648719       0.420837
          56200      0.0067102       -1.04015        1.08192
          56300      0.0106205      -0.947071       0.896944
          56400       0.121746        1.16143        1.34892
          56500       0.037078       -1.09204        1.19256
          56600    0.000553186       -1.01169        1.02352
          56700        0.24464       0.710907       0.505389
          56800      0.0192728       0.927994       0.861174
          56900      0.0963463       -1.14473         1.3104
          57000       0.500373       -1.30666        1.70737
          57100      0.0155011        1.06043         1.1245
          57200      0.0403781        -0.8939       0.799057
          57300     0.00161457      -0.979703       0.959818
          57400     0.00199959       -1.02211        1.04472
          57500     0.00154236        1.01945        1.03927
          57600       0.035737       0.900532       0.810958
          57700      0.0126001        1.05463        1.11225
          57800       0.183658        1.19522        1.42855
          57900       0.165996      -0.769788       0.592574
          58000     0.00915919       -1.04676         1.0957
          58100        0.30377       -1.24545        1.55115
          58200      0.0420555       0.891586       0.794926
          58300     0.00102362      -0.983873       0.968006
          58400      0.0126544       0.942077       0.887508
          58500      0.0233566        -1.0737        1.15283
          58600        0.72879      -0.382502       0.146308
          58700       0.341356      -0.644782       0.415743
          58800      0.0714289       0.856001       0.732738
          58900       0.503127       0.539152       0.290685
          59000      0.0873498       -1.13822        1.29555
          59100       0.174821        1.19085        1.41812
          59200       0.131547      -0.798314       0.637305
          59300       0.207752       0.737701       0.544202
          59400       0.258044       0.701441        0.49202
          59500        0.14364       -1.17431          1.379
          59600       0.156175       0.777696       0.604811
          59700      0.0141906        0.93855       0.880876
          59800    0.000600726       -1.01218        1.02451
          59900      0.0442402      -0.888632       0.789666
          60000     0.00688698       0.957608       0.917012
          60100     0.00819186       0.953672       0.909491
          60200      0.0512983       0.879493       0.773509
          60300      0.0614487        1.11709        1.24789
          60400     0.00293911      -0.972516       0.945786
          60500     0.00424314       -1.03206        1.06514
          60600     0.00315601        1.02771        1.05618
          60700     0.00364305       -1.02974        1.06036
          60800       0.057775      -0.871571       0.759636
          60900      0.0824887        1.13455        1.28721
          61000      0.0186794       0.929154       0.863327
          61100     0.00156854      -0.979998       0.960395
          61200       0.204591       0.740056       0.547682
          61300      0.0245195       0.918375       0.843413
          61400       0.149154       -1.17737        1.38621
          61500       0.178288      -0.760104       0.577758
          61600      0.0866347       -1.13769        1.29434
          61700      0.0742695       -1.12806        1.27252
          61800      0.0133771       0.940394       0.884341
          61900       0.282002        1.23735        1.53104
          62000      0.0173098      -0.931898       0.868433
          62100       0.253913       0.704345       0.496102
          62200      0.0314445      -0.907014       0.822674
          62300    0.000672986       0.986944       0.974058
          62400     0.00833925       -1.04466        1.09132
          62500      0.0524174       0.878095       0.771052
          62600       0.231326       0.720441       0.519036
          62700      0.0767839       0.850236       0.722901
          62800       0.160496      -0.774197       0.599381
          62900       0.343302       -1.25933        1.58592
          63000      0.0210236       0.924665       0.855005
          63100       0.200846       -0.74286       0.551841
          63200     0.00695462       0.957395       0.916606
          63300    9.98099e-05       -1.00498        1.00999
          63400       0.340323       -1.25832        1.58337
          63500       0.162815         1.1847         1.4035
          63600       0.232992       -1.21766        1.48269
          63700    0.000272128       -1.00821         1.0165
          63800       0.174533      -0.763039       0.582228
          63900       0.594388       0.478575       0.229034
          64000     0.00584733       -1.03753        1.07647
          64100      0.0654901      -0.862606        0.74409
          64200      0.0516696       0.879028       0.772691
          64300     0.00989597       -1.04856        1.09948
          64400        0.08177       0.845012       0.714045
          64500      0.0940988      -0.832613       0.693245
          64600      0.0107191       0.946819       0.896467
          64700      0.0397215      -0.894817       0.800697
          64800       0.116543       -1.15818        1.34138
          64900      0.0452259       -1.10121        1.21266
          65000       0.141427       0.789894       0.623932
          65100      0.0139562      -0.939076       0.881864
          65200       0.246979      -0.709246        0.50303
          65300      0.0177833       0.930938       0.866646
          65400    0.000668538        1.01285        1.02586
          65500      0.0461091        1.10215        1.21473
          65600      7.365e-06       0.998642       0.997286
          65700      0.0415437       -1.09719        1.20382
          65800     0.00042105      -0.989687        0.97948
          65900    0.000245994        1.00781        1.01568
          66000      0.0706972       -1.12512        1.26589
          66100       0.184646       0.755179       0.570295
          66200      0.0324752       0.905423       0.819791
          66300       0.143989      -0.787744       0.620541
          66400       0.285393        1.23864        1.53422
          66500      0.0305923       0.908346       0.825093
          66600       0.013403         1.0563        1.11577
          66700       0.179549       0.759123       0.576267
          66800      0.0535526       -1.10969        1.23141
          66900      0.0406906      -0.893466       0.798281
          67000      0.0411247       -1.09672        1.20279
          67100       0.183737       -0.75588       0.571354
          67200       0.032927       0.904733       0.818542
          67300       0.172655        1.18976        1.41552
          67400     0.00206738        1.02248        1.04547
          67500       0.029432       0.910188       0.828442
          67600       0.181972        -1.1944        1.42658
          67700       0.359672         1.2648        1.59973
          67800    0.000141416       0.994036       0.988108
          67900      0.0391986       0.895552       0.802014
          68000      0.0292209        -1.0821        1.17094
          68100       0.685199      -0.415009       0.172233
          68200       0.403749        1.27883        1.63541
          68300    6.52314e-05      -0.995954       0.991923
          68400      0.0829682       0.843776       0.711958
          68500       0.116205       -1.15797        1.34089
          68600      0.0204033      -0.925829        0.85716
          68700     0.00998384       0.948726       0.900081
          68800        0.22431       0.725525       0.526387
          68900       0.153096       0.780209       0.608726
          69000     0.00121631        1.01729        1.03488
          69100       0.307004       0.667773       0.445921
          69200    0.000352669        1.00935        1.01878
          69300      0.0736946      -0.853541       0.728532
          69400      0.0939941       -1.14306        1.30658
          69500       0.149846        1.17775         1.3871
          69600      0.0348413        1.08934        1.18666
          69700     0.00330485        1.02834        1.05749
          69800       0.147435        1.17642        1.38397
          69900       0.131517        1.16733        1.36265
          70000       0.145784       -1.17551        1.38182
          70100      0.0110209        1.05118        1.10498
          70200      0.0169464      -0.932642       0.869822
          70300       0.560647      -0.501235       0.251236
          70400       0.236639        0.71662       0.513545
          70500       0.374822       0.622714       0.387773
          70600     0.00231143        1.02376        1.04808
          70700     0.00270516       0.973647       0.947989
          70800     0.00734526      -0.956188       0.914295
          70900       0.205427        -1.2055        1.45324
          71000      0.0250815       -1.07628        1.15837
          71100     0.00262214       -1.02528        1.05121
          71200      0.0182701      -0.929964       0.864833
          71300       0.107783      -0.819571       0.671697
          71400     0.00712142       -1.04134        1.08439
          71500      0.0242672       0.918815       0.844221
          71600       0.186666      -0.753625       0.567951
          71700      0.0132734       -1.05604        1.11521
          71800      0.0656882       0.862382       0.743703
          71900       0.627969       0.455582       0.207555
          72000       0.166341       -1.18653        1.40785
          72100     0.00239436      -0.975227       0.951068
          72200       0.056149      -0.873523       0.763042
          72300      0.0123892       0.942705       0.888693
          72400      0.0890617       0.837597       0.701568
          72500      0.0213603       -1.07058        1.14615
          72600      0.0390341        1.09434        1.19757
          72700       0.338221      -0.646863       0.418432
          72800       0.980367      0.0993246     0.00986538
          72900      0.0167092        1.06267        1.12926
          73000      0.0334711        1.08764        1.18295
          73100      0.0946464        1.14352        1.30765
          73200       0.073691       0.853545       0.728539
          73300       0.193483        0.74842       0.560133
          73400      0.0309368      -0.907806       0.824111
          73500       0.214986      -0.732349       0.536335
          73600      0.0189681      -0.928588       0.862275
          73700       0.150327       -1.17802        1.38772
          73800      0.0190115       0.928503       0.862118
          73900    0.000858701       0.985239       0.970696
          74000      0.0929482      -0.833742       0.695126
          74100    0.000288344        1.00845        1.01698
          74200      0.0980357        0.82879       0.686893
          74300      0.0706662      -0.856837       0.734169
          74400     0.00899585       -1.04635        1.09485
          74500       0.184585       0.755226       0.570366
          74600     0.00354727       0.969763       0.940441
          74700     0.00940033       -1.04736        1.09696
          74800      0.0317223      -0.906583       0.821892
          74900       0.454593        1.29392        1.67424
          75000      0.0554766       0.874337       0.764465
          75100     0.00107906        1.01629        1.03285
          75200      0.0510207       0.879842       0.774122
          75300      0.0228519       -1.07293        1.15117
          75400       0.401932      -0.604995       0.366019
          75500       0.206215       0.738845       0.545892
          75600      0.0114198       0.945059       0.893136
          75700       0.232836        1.21759        1.48253
          75800       0.458465       0.568243         0.3229
          75900       0.025795        1.07732        1.16061
          76000     0.00353864      -0.969801       0.940514
          76100     0.00583774      -0.961038       0.923595
          76200     0.00241109       -0.97514       0.950897
          76300      0.0385315      -0.896496       0.803706
          76400      0.0299519       -1.08308        1.17307
          76500    0.000561588        0.98808       0.976302
          76600      0.0844932       0.842213       0.709323
          76700      0.0385718      -0.896439       0.803603
          76800      0.0627357      -0.865753       0.749529
          76900       0.256578       -1.22741        1.50654
          77000       0.108563      -0.818848       0.670512
          77100     0.00501878        1.03482        1.07084
          77200      0.0327862       0.904948        0.81893
          77300       0.137873       -1.17103        1.37131
          77400      0.0607367       0.868074       0.753552
          77500      0.0401831       -1.09565        1.20046
          77600      0.0106523       -0.94699        0.89679
          77700     0.00557198       0.961953       0.925354
          77800       0.634353      -0.451151       0.203537
          77900       0.362787      -0.630621       0.397682
          78000      0.0414584       -1.09709        1.20361
          78100       0.216557      -0.731193       0.534643
          78200      0.0130794      -0.941082       0.885635
          78300      0.0796583       0.847208       0.717762
          78400     0.00482199       0.964655       0.930559
          78500    6.75116e-05         1.0041        1.00822
          78600      0.0265788       -1.07844        1.16303
          78700      0.0850807        1.13652        1.29169
          78800      0.0932082        -1.1425         1.3053
          78900     0.00413696       0.967306       0.935681
          79000    3.56017e-05      -0.997012       0.994033
          79100       0.155895       -1.18103        1.39484
          79200        0.99741      0.0359952     0.00129565
          79300       0.271229      -0.692245       0.479203
          79400      0.0777335       -1.13084        1.27881
          79500       0.113756      -0.814078       0.662723
          79600       0.120519        1.16067        1.34716
          79700     0.00491614      -0.964305       0.929885
          79800     0.00229324      -0.975762       0.952112
          79900       0.103355        1.14956        1.32149
          80000        0.30048        0.67219        0.45184
          80100       0.322904       0.657079       0.431753
          80200      0.0237315       -1.07427        1.15405
          80300     0.00171406      -0.979081       0.958599
          80400        0.10446       0.822677       0.676797
          80500      0.0529839      -0.877393       0.769818
          80600     0.00404525       -1.03131         1.0636
          80700       0.237535        1.21958        1.48738
          80800      0.0872529       0.839413       0.704614
          80900       0.320393        1.25141        1.56603
          81000       0.151148       0.781807       0.611222
          81100     0.00262322      -0.974055       0.948783
          81200     0.00628663        1.03889        1.07929
          81300       0.163327       -1.18496        1.40414
          81400       0.125489       -1.16372        1.35424
          81500      0.0519746        1.10814        1.22798
          81600      0.0732319      -0.854041       0.729386
          81700      0.0897091       -0.83695       0.700485
          81800      0.0179073        1.06481        1.13382
          81900     0.00491082      -0.964325       0.929923
          82000        0.12764      -0.801706       0.642732
          82100      0.0559861        0.87372       0.763386
          82200      0.0050734         -1.035        1.07123
          82300       0.155401      -0.778325        0.60579
          82400       0.112507      -0.815218        0.66458
          82500      0.0508825        1.10706        1.22557
          82600      0.0533901       0.876891       0.768937
          82700     0.00460955      -0.965457       0.932106
          82800      0.0574706      -0.871935        0.76027
          82900       0.137652      -0.793086       0.628985
          83000      0.0202999       0.926025       0.857522
          83100       0.462034      -0.565924       0.320269
          83200     0.00801705       -1.04381        1.08954
          83300     0.00543179         1.0362         1.0737
          83400      0.0319101       -1.08565        1.17863
          83500      0.0877357      -0.838927       0.703798
          83600     0.00031799       -1.00888        1.01783
          83700      0.0811293        -1.1335        1.28483
          83800      0.0308905       0.907878       0.824243
          83900       0.256739      -0.702357       0.493305
          84000       0.087588        -1.1384        1.29595
          84100       0.372562       0.624197       0.389622
          84200       0.112739       0.815005       0.664233
          84300      0.0643125      -0.863945       0.746401
          84400      0.0086786      -0.952282       0.906841
          84500    0.000107188       -1.00516        1.01035
          84600      0.0360004       0.900146       0.810262
          84700       0.109417         1.1536        1.33078
          84800      0.0751124      -0.852017       0.725934
          84900       0.098875        1.14649        1.31444
          85000      0.0599343       0.869014       0.755185
          85100     0.00884056       0.951828       0.905976
          85200     0.00877845         1.0458        1.09369
          85300       0.086383      -0.840292        0.70609
          85400    0.000295017       0.991375       0.982824
          85500      0.0620968       -1.11767        1.24919
          85600      0.0281305      -0.912293       0.832279
          85700       0.213152          1.209        1.46168
          85800      0.0088949        1.04609        1.09431
          85900       0.102638       -1.14907        1.32037
          86000       0.419035      -0.593861       0.352671
          86100     0.00400654        1.03116         1.0633
          86200       0.546716       0.510487       0.260597
          86300       0.128843      -0.800658       0.641053
          86400      0.0680111       -1.12285        1.26079
          86500       0.164941         1.1858        1.40613
          86600      0.0122702      -0.942989       0.889229
          86700      0.0374475        1.09248        1.19351
          86800      0.0687073        1.12344        1.26212
          86900      0.0355148       0.900859       0.811546
          87000      0.0328556      -0.904842       0.818739
          87100      0.0342837      -0.902686       0.814842
          87200       0.126752      -0.802482       0.643977
          87300       0.499408        -1.3064        1.70669
          87400       0.134426       -1.16903        1.36664
          87500     0.00239247       0.975237       0.951087
          87600      0.0442416       -0.88863       0.789663
          87700    3.56193e-06       0.999056       0.998113
          87800       0.360658      -0.632022       0.399452
          87900        0.22151      -0.727565       0.529351
          88000     0.00393439        1.03089        1.06272
          88100       0.068599       0.859119       0.738086
          88200       0.059398        1.11522        1.24372
          88300       0.192512       0.749158       0.561238
          88400     0.00890733       0.951641       0.905621
          88500       0.064768       0.863426       0.745504
          88600       0.117188        1.15859        1.34233
          88700       0.493441      -0.545478       0.297547
          88800     0.00784424        1.04334        1.08857
          88900      0.0861438       0.840534       0.706497
          89000      0.0763417       0.850706         0.7237
          89100      0.0601984       -1.11595        1.24535
          89200       0.167075       0.768929       0.591252
          89300       0.256088      -0.702815       0.493948
          89400     0.00115043       0.982895       0.966082
          89500    0.000435369       0.989512       0.979134
          89600      0.0147437      -0.937324       0.878576
          89700      0.0184747      -0.929558       0.864078
          89800     0.00264274        1.02538        1.05141
          89900      0.0763483      -0.850699       0.723688
          90000    0.000677232      -0.986902       0.973976
          90100       0.113188        1.15604        1.33643
          90200       0.495637       0.544045       0.295985
          90300     0.00401122       0.967815       0.936666
          90400      0.0542048       0.875889       0.767181
          90500    8.04106e-06       -1.00142        1.00284
          90600       0.081139        1.13351        1.28485
          90700       0.109076        1.15337        1.33027
          90800       0.572794       -1.32546        1.75683
          90900       0.189742        0.75127       0.564407
          91000      0.0125756       0.942263       0.887859
          91100       0.170866       0.765925       0.586641
          91200       0.448701      -0.574586       0.330149
          91300     0.00457487       -1.03327        1.06764
          91400    0.000721771      -0.986476       0.973134
          91500      0.0452528       -1.10124        1.21273
          91600     0.00351895       0.969886       0.940679
          91700      0.0186272      -0.929257       0.863518
          91800      0.0574435       -1.11341        1.23967
          91900         0.1382        0.79262       0.628247
          92000       0.170341      -0.766339       0.587276
          92100        0.25302      -0.704974       0.496989
          92200       0.076584        1.12993        1.27674
          92300      0.0343188      -0.902633       0.814747
          92400      0.0392728       0.895448       0.801826
          92500       0.618654       0.462012       0.213455
          92600      0.0844745       -1.13607        1.29064
          92700      0.0147106       0.937397       0.878713
          92800      0.0486617        0.88284       0.779406
          92900      0.0943065       -0.83241       0.692906
          93000       0.132448      -0.797538       0.636066
          93100    0.000128706       -1.00566        1.01134
          93200       0.102704      -0.824333       0.679525
          93300    0.000317122       -1.00886        1.01781
          93400      0.0092549       0.950683       0.903798
          93500      0.0195683       0.927423       0.860113
          93600      0.0461677      -0.886078       0.785133
          93700    0.000585213       -1.01202        1.02419
          93800     0.00601231       -1.03805        1.07754
          93900      0.0183668       0.929772       0.864476
          94000      0.0930885       0.833604       0.694896
          94100     0.00278608      -0.973251       0.947217
          94200      0.0087787         1.0458        1.09369
          94300       0.566601        1.32391        1.75273
          94400       0.113189       0.814594       0.663564
          94500       0.136519       -1.17025        1.36949
          94600       0.137073       -1.17057        1.37023
          94700      0.0154895      -0.935705       0.875543
          94800      0.0294214      -0.910205       0.828473
          94900      0.0353864       0.901048       0.811887
          95000     0.00424965       0.966856       0.934811
          95100       0.227978      -0.722862        0.52253
          95200      0.0127248      -0.941911       0.887196
          95300     0.00124059      -0.982231       0.964778
          95400      0.0161037        1.06156         1.1269
          95500      0.0700186       0.857549        0.73539
          95600       0.150184       -1.17794        1.38754
          95700      0.0743905      -0.852792       0.727254
          95800    4.20765e-05      -0.996751       0.993513
          95900      0.0102698       0.947977        0.89866
          96000      0.0923039      -0.834377       0.696184
          96100     0.00879166        1.04583        1.09376
          96200       0.205977        1.20576        1.45385
          96300     0.00238582        1.02413        1.04884
          96400      0.0714097       0.856022       0.732774
          96500      0.0802169      -0.846625       0.716774
          96600    7.24048e-07      -0.999574       0.999149
          96700      0.0027999      -0.973183       0.947086
          96800       0.018705       0.929104       0.863234
          96900    0.000772694       0.986003       0.972203
          97000      0.0155926        -1.0606        1.12487
          97100      0.0692109      -0.858441        0.73692
          97200     0.00100262        1.01571        1.03166
          97300       0.193805       0.748176       0.559767
          97400      0.0186107       0.929289       0.863579
          97500       0.110588       0.816978       0.667453
          97600      0.0865053        1.13759        1.29412
          97700       0.202586      -0.741555       0.549904
          97800      0.0191678       -1.06698        1.13845
          97900       0.401296       -1.27808        1.63348
          98000      0.0233058      -0.920509       0.847338
          98100      0.0716007       0.855814       0.732417
          98200      0.0517704       0.878902       0.772469
          98300       0.104012          -1.15        1.32251
          98400       0.307481        -1.2468        1.55451
          98500       0.697957      -0.405662       0.164562
          98600      0.0836633      -0.843062       0.710754
          98700       0.153617        1.17981        1.39194
          98800    0.000956189       0.984417       0.969078
          98900      0.0288073        1.08154        1.16973
          99000     0.00669551        1.04011        1.08183
          99100       0.096642        1.14493        1.31087
          99200     0.00578252        1.03732        1.07604
          99300      0.0358427      -0.900377       0.810678
          99400      0.0107844        1.05064        1.10385
          99500      0.0138044      -0.939419       0.882508
          99600      0.0935821       -0.83312       0.694088
          99700    0.000238456       -1.00769        1.01544
          99800     0.00938655       0.950324       0.903116
          99900      0.0630871      -0.865349       0.748829
         100000     0.00182755      -0.978392        0.95725
