              0    0.000255887     -0.0226224    0.000511774
            100      0.0165714       0.182052      0.0331429
            200       0.134653       0.518946       0.269305
            300       0.198281       0.629731       0.396562
            400      0.0177005       0.188152       0.035401
            500      0.0185574      -0.192652      0.0371147
            600      0.0250576      -0.223864      0.0501152
            700      0.0200336       0.200168      0.0400671
            800        0.21288       0.652502       0.425759
            900     0.00118644     -0.0487121     0.00237287
           1000      0.0207359      -0.203646      0.0414719
           1100     0.00298538      0.0772707     0.00597076
           1200      0.0263296      -0.229476      0.0526592
           1300    0.000905972      0.0425669     0.00181194
           1400    0.000772397      0.0393039     0.00154479
           1500    1.56832e-05    -0.00560057    3.13664e-05
           1600    7.93719e-05      0.0125994    0.000158744
           1700     0.00681469      -0.116745      0.0136294
           1800       0.114251      -0.478018       0.228502
           1900      0.0488237      -0.312486      0.0976474
           2000       0.134287      -0.518241       0.268574
           2100       0.105772      -0.459939       0.211544
           2200      0.0760931      -0.390111       0.152186
           2300       0.140973      -0.530987       0.281947
           2400      0.0810545      -0.402628       0.162109
           2500       0.236155      -0.687248        0.47231
           2600       0.101951      -0.451555       0.203902
           2700       0.371556      -0.862039       0.743111
           2800       0.147809      -0.543707       0.295618
           2900     0.00132374      0.0514537     0.00264749
           3000     0.00954723       0.138183      0.0190945
           3100     0.00924075       0.135947      0.0184815
           3200     0.00231484      0.0680418     0.00462968
           3300      0.0702174      -0.374746       0.140435
           3400    0.000146061      0.0170916    0.000292123
           3500     0.00100606     -0.0448566     0.00201211
           3600     0.00180571      0.0600951     0.00361142
           3700    0.000156386      0.0176854    0.000312772
           3800      0.0123922       -0.15743      0.0247843
           3900     0.00119846      0.0489584     0.00239692
           4000      0.0145822      -0.170776      0.0291644
           4100     0.00633086      -0.112524      0.0126617
           4200      0.0417787      -0.289063      0.0835575
           4300       0.118546      -0.486921       0.237093
           4400      0.0280161      -0.236711      0.0560323
           4500       0.139803      -0.528778       0.279606
           4600      0.0670837      -0.366289       0.134167
           4700       0.182453      -0.604075       0.364906
           4800       0.280133       -0.74851       0.560267
           4900       0.514658       -1.01455        1.02932
           5000       0.755458       -1.22919        1.51092
           5100        1.05163       -1.45026        2.10326
           5200        0.68583       -1.17118        1.37166
           5300       0.518656       -1.01849        1.03731
           5400       0.471373      -0.970952       0.942747
           5500        0.18011      -0.600183        0.36022
           5600       0.176416      -0.593996       0.352832
           5700      0.0973025      -0.441141       0.194605
           5800      0.0191527      -0.195718      0.0383054
           5900    0.000276928      0.0235342    0.000553857
           6000      0.0648832      -0.360231       0.129766
           6100      0.0685889      -0.370375       0.137178
           6200      0.0241073      -0.219578      0.0482146
           6300      0.0573832      -0.338772       0.114766
           6400     0.00311944      0.0789866     0.00623888
           6500      0.0121713      -0.156021      0.0243426
           6600      0.0493065      -0.314027      0.0986129
           6700      0.0036817     -0.0858102      0.0073634
           6800      0.0129995      -0.161242      0.0259989
           6900     0.00772426      -0.124292      0.0154485
           7000      0.0217282      -0.208462      0.0434564
           7100     0.00549798       0.104862       0.010996
           7200      0.0307546        0.24801      0.0615091
           7300      0.0993663       0.445794       0.198733
           7400     0.00372906      0.0863605     0.00745813
           7500     0.00448811     -0.0947429     0.00897621
           7600        0.04201      -0.289862        0.08402
           7700       0.026127       0.228591      0.0522539
           7800    0.000846918     -0.0411562     0.00169384
           7900     0.00111818     -0.0472901     0.00223635
           8000     0.00192651      0.0620728     0.00385303
           8100      0.0177969       0.188663      0.0355937
           8200    7.37868e-05       0.012148    0.000147574
           8300       0.075006       0.387314       0.150012
           8400      0.0889522       0.421787       0.177904
           8500      0.0565657        0.33635       0.113131
           8600       0.110593       0.470305       0.221186
           8700       0.182216       0.603681       0.364431
           8800      0.0644361       0.358988       0.128872
           8900       0.107894        0.46453       0.215788
           9000       0.331561       0.814324       0.663123
           9100       0.215101       0.655898       0.430202
           9200        0.32319       0.803977        0.64638
           9300       0.350131       0.836817       0.700262
           9400       0.501059        1.00106        1.00212
           9500       0.612148        1.10648         1.2243
           9600       0.824757        1.28433        1.64951
           9700        1.05229        1.45072        2.10457
           9800        1.13176         1.5045        2.26351
           9900       0.633761        1.12584        1.26752
          10000        1.07995        1.46966        2.15991
          10100       0.563171        1.06129        1.12634
          10200       0.477018       0.976748       0.954036
          10300       0.612361        1.10667        1.22472
          10400       0.438457       0.936437       0.876914
          10500       0.209803       0.647769       0.419605
          10600       0.098831       0.444592       0.197662
          10700     0.00989464       0.140674      0.0197893
          10800      0.0667648       0.365417        0.13353
          10900      0.0312773       0.250109      0.0625546
          11000    0.000676531       0.036784     0.00135306
          11100    2.09555e-05     0.00647387     4.1911e-05
          11200      0.0659125       0.363077       0.131825
          11300     0.00679325       0.116561      0.0135865
          11400     0.00960352       0.138589       0.019207
          11500      0.0296913       0.243686      0.0593827
          11600     0.00898853       0.134079      0.0179771
          11700     0.00458838      0.0957954     0.00917676
          11800    4.76216e-05     0.00975926    9.52432e-05
          11900      0.0844707      -0.411025       0.168941
          12000      0.0169449      -0.184092      0.0338898
          12100      0.0385079      -0.277517      0.0770157
          12200    0.000187311     -0.0193551    0.000374622
          12300      0.0227876       0.213483      0.0455752
          12400      0.0405467       0.284769      0.0810934
          12500       0.213573       0.653565       0.427147
          12600      0.0221857       0.210645      0.0443715
          12700     0.00352868     -0.0840081     0.00705736
          12800      0.0151172       -0.17388      0.0302344
          12900      0.0995581      -0.446224       0.199116
          13000       0.230918      -0.679586       0.461837
          13100      0.0424019      -0.291211      0.0848038
          13200       0.210401      -0.648692       0.420801
          13300       0.065378      -0.361602       0.130756
          13400       0.199444      -0.631576       0.398888
          13500      0.0235156      -0.216867      0.0470312
          13600     0.00596606       0.109234      0.0119321
          13700     0.00962767       0.138764      0.0192553
          13800       0.048144       0.310303       0.096288
          13900       0.163454       0.571759       0.326908
          14000       0.101548       0.450662       0.203096
          14100      0.0403401       0.284043      0.0806803
          14200      0.0837084       0.409166       0.167417
          14300       0.126417       0.502826       0.252834
          14400    0.000613198     -0.0350199      0.0012264
          14500    0.000565081      0.0336179     0.00113016
          14600    0.000321695      0.0253651    0.000643391
          14700      0.0030068     -0.0775475     0.00601361
          14800      0.0086947       0.131869      0.0173894
          14900      0.0137973       0.166116      0.0275945
          15000      0.0930356        0.43136       0.186071
          15100      0.0322174        0.25384      0.0644348
          15200      0.0790729       0.397675       0.158146
          15300       0.208027       0.645022       0.416054
          15400        0.12553       0.501059        0.25106
          15500      0.0897587       0.423695       0.179517
          15600       0.214374       0.654788       0.428748
          15700       0.184256       0.607051       0.368511
          15800      0.0350332       0.264701      0.0700664
          15900      0.0395385      -0.281206       0.079077
          16000      0.0311263       0.249505      0.0622526
          16100     0.00700991      -0.118405      0.0140198
          16200       0.178607      -0.597674       0.357215
          16300       0.143006      -0.534801       0.286012
          16400      0.0327112      -0.255778      0.0654225
          16500       0.135381      -0.520348       0.270763
          16600       0.119307      -0.488481       0.238613
          16700       0.347304      -0.833432       0.694609
          16800       0.341426      -0.826349       0.682853
          16900       0.193856      -0.622665       0.387711
          17000      0.0818423       -0.40458       0.163685
          17100       0.109213       -0.46736       0.218425
          17200     0.00280543     -0.0749057     0.00561086
          17300     0.00179428      0.0599046     0.00358856
          17400     0.00218834     -0.0661565     0.00437668
          17500     0.00384342      0.0876747     0.00768685
          17600     0.00602002      -0.109727        0.01204
          17700      0.0227961      -0.213523      0.0455922
          17800    0.000685062     -0.0370152     0.00137012
          17900      0.0636976       0.356925       0.127395
          18000      0.0468593       0.306135      0.0937186
          18100      0.0385347      -0.277614      0.0770695
          18200       0.220703       0.664384       0.441407
          18300       0.126762       0.503512       0.253524
          18400        0.16546       0.575256       0.330919
          18500      0.0994699       0.446027        0.19894
          18600      0.0311751         0.2497      0.0623502
          18700      0.0218094       0.208851      0.0436188
          18800      0.0187884       0.193847      0.0375768
          18900      0.0130318      -0.161442      0.0260636
          19000      0.0172496       -0.18574      0.0344992
          19100      0.0224015      -0.211667      0.0448031
          19200      0.0505465      -0.317951       0.101093
          19300       0.262726      -0.724881       0.525452
          19400       0.227978      -0.675246       0.455957
          19500       0.296575      -0.770163       0.593151
          19600        0.33195        -0.8148       0.663899
          19700       0.128011      -0.505985       0.256021
          19800      0.0219956      -0.209741      0.0439911
          19900     0.00182588      0.0604297     0.00365175
          20000      0.0238739      -0.218513      0.0477479
          20100     0.00946933       0.137618      0.0189387
          20200      0.0627675       0.354309       0.125535
          20300    5.37754e-05      0.0103707    0.000107551
          20400      0.0210132      -0.205003      0.0420264
          20500       0.135487       0.520551       0.270973
          20600       0.301755       0.776859       0.603509
          20700      0.0562038       0.335272       0.112408
          20800         0.1041       0.456289         0.2082
          20900    0.000909764     -0.0426559     0.00181953
          21000      0.0385903      -0.277814      0.0771806
          21100       0.177219      -0.595347       0.354438
          21200     0.00324383      -0.080546     0.00648766
          21300     0.00988087       0.140576      0.0197617
          21400     0.00259976      0.0721076     0.00519951
          21500      0.0440255       0.296734       0.088051
          21600       0.183001        0.60498       0.366001
          21700      0.0607577       0.348591       0.121515
          21800       0.025826       0.227271       0.051652
          21900     0.00220063       0.066342     0.00440126
          22000      0.0194779       0.197372      0.0389558
          22100    0.000741658     -0.0385138     0.00148332
          22200    0.000197134      0.0198562    0.000394267
          22300      0.0138786       0.166605      0.0277571
          22400      0.0362421       0.269229      0.0724842
          22500      0.0254258       0.225503      0.0508516
          22600      0.0437838       0.295918      0.0875675
          22700       0.110438       0.469974       0.220875
          22800      0.0888694       0.421591       0.177739
          22900      0.0359762       0.268239      0.0719523
          23000      0.0316558       0.251618      0.0633116
          23100      0.0745278       0.386077       0.149056
          23200     0.00706007       0.118828      0.0141201
          23300       0.120723      -0.491371       0.241445
          23400       0.146408      -0.541124       0.292815
          23500    0.000646919        0.03597     0.00129384
          23600      0.0110759       0.148835      0.0221518
          23700    7.90521e-11    1.25739e-05    1.58104e-10
          23800     0.00225409      0.0671429     0.00450817
          23900     0.00353165      0.0840434      0.0070633
          24000    0.000466301     -0.0305385    0.000932602
          24100     0.00183986      0.0606607     0.00367972
          24200     0.00199605     -0.0631831     0.00399211
          24300    0.000438275     -0.0296066     0.00087655
          24400    0.000288521     -0.0240217    0.000577042
          24500      0.0122601       0.156589      0.0245202
          24600      0.0157359      -0.177403      0.0314718
          24700    0.000562199     -0.0335321      0.0011244
          24800     0.00932112       0.136537      0.0186422
          24900      0.0934231      -0.432257       0.186846
          25000       0.116969      -0.483672       0.233939
          25100     0.00354334     -0.0841824     0.00708668
          25200      0.0164222       -0.18123      0.0328444
          25300     0.00213035      -0.065274     0.00426069
          25400      0.0994687       0.446024       0.198937
          25500     0.00111696      0.0472643     0.00223391
          25600      0.0206882      -0.203412      0.0413764
          25700     0.00763884      -0.123603      0.0152777
          25800      0.0913102      -0.427341        0.18262
          25900       0.087267      -0.417773       0.174534
          26000     0.00630977       0.112337      0.0126195
          26100     0.00652738      -0.114257      0.0130548
          26200      0.0189123      -0.194485      0.0378245
          26300      0.0347896      -0.263779      0.0695791
          26400     0.00188934      -0.061471     0.00377869
          26500    3.44125e-05     0.00829608     6.8825e-05
          26600        0.01552      -0.176182        0.03104
          26700       0.046575      -0.305205      0.0931499
          26800      0.0647161      -0.359767       0.129432
          26900       0.485481      -0.985374       0.970962
          27000       0.632854       -1.12504        1.26571
          27100       0.573718       -1.07118        1.14744
          27200        0.35651      -0.844405        0.71302
          27300       0.253966      -0.712694       0.507933
          27400       0.321624      -0.802027       0.643247
          27500    0.000502688     -0.0317077     0.00100538
          27600     0.00612186      -0.110651      0.0122437
          27700       0.134475      -0.518604        0.26895
          27800      0.0333828       -0.25839      0.0667656
          27900      0.0142135      -0.168603      0.0284271
          28000      0.0715215       -0.37821       0.143043
          28100      0.0708206      -0.376352       0.141641
          28200      0.0450132      -0.300044      0.0900264
          28300      0.0679684      -0.368696       0.135937
          28400    8.01532e-06    -0.00400383    1.60306e-05
          28500    0.000587572      0.0342804     0.00117514
          28600      0.0762884       0.390611       0.152577
          28700       0.144062       0.536772       0.288124
          28800       0.056562       0.336339       0.113124
          28900      0.0229404       0.214198      0.0458808
          29000     0.00507725       0.100769      0.0101545
          29100      0.0377442      -0.274751      0.0754884
          29200      0.0114875      -0.151575       0.022975
          29300      0.0079111       0.125786      0.0158222
          29400       0.113904      -0.477293       0.227808
          29500    0.000379342     -0.0275442    0.000758683
          29600     0.00838239       0.129479      0.0167648
          29700      0.0503144        0.31722       0.100629
          29800      0.0568233       0.337115       0.113647
          29900    0.000199685      0.0199843     0.00039937
          30000      0.0260348      -0.228188      0.0520696
          30100    0.000534521     -0.0326962     0.00106904
          30200    0.000144893      0.0170231    0.000289786
          30300      0.0749165      -0.387083       0.149833
          30400      0.0250558      -0.223856      0.0501116
          30500     0.00230463     -0.0678916     0.00460927
          30600       0.174849      -0.591352       0.349697
          30700       0.232127      -0.681361       0.464253
          30800       0.141907      -0.532742       0.283815
          30900       0.069631      -0.373178       0.139262
          31000     0.00423349      0.0920162     0.00846698
          31100      0.0609224      -0.349063       0.121845
          31200      0.0060368       -0.10988      0.0120736
          31300     0.00771045      -0.124181      0.0154209
          31400      0.0097094      -0.139351      0.0194188
          31500      0.0502581      -0.317043       0.100516
          31600       0.207412      -0.644069       0.414824
          31700       0.182177      -0.603618       0.364354
          31800       0.109163      -0.467254       0.218326
          31900       0.101023      -0.449496       0.202047
          32000       0.267484      -0.731416       0.534969
          32100       0.122385      -0.494743       0.244771
          32200      0.0188481      -0.194155      0.0376962
          32300      0.0727778       0.381517       0.145556
          32400       0.139139       0.527522       0.278279
          32500     0.00405486      -0.090054     0.00810972
          32600     0.00758045       -0.12313      0.0151609
          32700      0.0172179      -0.185569      0.0344359
          32800      0.0630412      -0.355081       0.126082
          32900      0.0286834      -0.239514      0.0573668
          33000      0.0242932      -0.220423      0.0485865
          33100      0.0706612      -0.375929       0.141322
          33200      0.0684668      -0.370045       0.136934
          33300      0.0308938       0.248571      0.0617876
          33400     0.00236296     -0.0687453     0.00472592
          33500      0.0674646      -0.367327       0.134929
          33600      0.0260402      -0.228211      0.0520803
          33700     0.00737928      -0.121485      0.0147586
          33800     0.00207659     -0.0644452     0.00415319
          33900     0.00695121      -0.117909      0.0139024
          34000     0.00874662       0.132262      0.0174932
          34100      0.0176423      -0.187842      0.0352846
          34200      0.0454704      -0.301564      0.0909407
          34300       0.300202      -0.774857       0.600404
          34400     0.00480986     -0.0980802     0.00961972
          34500     0.00325548      0.0806905     0.00651096
          34600      0.0143675      -0.169514      0.0287349
          34700      0.0483378      -0.310927      0.0966755
          34800       0.288141      -0.759132       0.576282
          34900        0.17661      -0.594323       0.353219
          35000       0.157572      -0.561377       0.315144
          35100       0.248104       -0.70442       0.496207
          35200       0.422339      -0.919064       0.844679
          35300       0.527494       -1.02713        1.05499
          35400       0.128542      -0.507036       0.257085
          35500      0.0631963      -0.355517       0.126393
          35600       0.208363      -0.645542       0.416725
          35700       0.178338      -0.597224       0.356676
          35800      0.0308473      -0.248384      0.0616946
          35900    6.27887e-05      0.0112061    0.000125577
          36000       0.115642       -0.48092       0.231284
          36100       0.173338      -0.588792       0.346676
          36200      0.0594476      -0.344812       0.118895
          36300       0.152972      -0.553122       0.305944
          36400       0.209321      -0.647025       0.418642
          36500     0.00948067        -0.1377      0.0189613
          36600        0.15992      -0.565544        0.31984
          36700      0.0335861      -0.259176      0.0671721
          36800    6.74088e-05     -0.0116111    0.000134818
          36900      0.0966357      -0.439626       0.193271
          37000       0.193271      -0.621724       0.386541
          37100       0.165432      -0.575207       0.330864
          37200      0.0312247      -0.249899      0.0624495
          37300      0.0779523      -0.394848       0.155905
          37400      0.0738484      -0.384313       0.147697
          37500    3.18043e-05      0.0079755    6.36086e-05
          37600      0.0102589       -0.14324      0.0205178
          37700     0.00568155      -0.106598      0.0113631
          37800      0.0134944      -0.164283      0.0269888
          37900      0.0593094      -0.344411       0.118619
          38000      0.0233282      -0.216001      0.0466565
          38100      0.0114242      -0.151157      0.0228484
          38200       0.074464      -0.385912       0.148928
          38300      0.0559444      -0.334498       0.111889
          38400      0.0173748      -0.186413      0.0347496
          38500       0.114564      -0.478673       0.229128
          38600      0.0151387      -0.174004      0.0302773
          38700       0.128458      -0.506869       0.256916
          38800      0.0550125        -0.3317       0.110025
          38900      0.0446096       0.298696      0.0892191
          39000      0.0310863       0.249344      0.0621726
          39100      0.0283053        0.23793      0.0566106
          39200     0.00236541      -0.068781     0.00473083
          39300       0.010792       0.146915      0.0215839
          39400      0.0136746       0.165376      0.0273492
          39500      0.0506868      -0.318392       0.101374
          39600     0.00133377      0.0516483     0.00266755
          39700      0.0274933       0.234492      0.0549866
          39800    0.000779865      0.0394934     0.00155973
          39900      0.0109711       0.148129      0.0219422
          40000       0.131021       0.511901       0.262043
          40100     0.00708425       0.119032      0.0141685
          40200      0.0663192       0.364196       0.132638
          40300      0.0910574       0.426749       0.182115
          40400      0.0714159       0.377931       0.142832
          40500     0.00202772      0.0636824     0.00405544
          40600       0.027119       0.232891       0.054238
          40700      0.0503415       0.317306       0.100683
          40800     0.00396172      0.0890137     0.00792344
          40900     0.00809294      -0.127224      0.0161859
          41000     0.00226854     -0.0673579     0.00453708
          41100      0.0525417       0.324166       0.105083
          41200     0.00101104      0.0449675     0.00202208
          41300      0.0519818      -0.322434       0.103964
          41400    0.000165711       0.018205    0.000331422
          41500    0.000382709     -0.0276662    0.000765419
          41600        0.02725       0.233452         0.0545
          41700      0.0598971       0.346113       0.119794
          41800      0.0424144       0.291254      0.0848289
          41900    0.000665083     -0.0364714     0.00133017
          42000     0.00358662      -0.084695     0.00717324
          42100       0.126541      -0.503072       0.253081
          42200      0.0355223      -0.266542      0.0710446
          42300      0.0847303       0.411656       0.169461
          42400      0.0441946       0.297303      0.0883892
          42500      0.0533989       0.326799       0.106798
          42600       0.132582        0.51494       0.265163
          42700       0.234379       0.684659       0.468758
          42800       0.146028       0.540422       0.292056
          42900       0.228829       0.676504       0.457658
          43000      0.0486351       0.311882      0.0972702
          43100    0.000200726      0.0200363    0.000401452
          43200       0.193741        0.62248       0.387481
          43300       0.217519       0.659574       0.435037
          43400       0.151547       0.550541       0.303095
          43500       0.173899       0.589743       0.347797
          43600      0.0754418       0.388437       0.150884
          43700        0.41274        0.90856       0.825481
          43800       0.285107       0.755125       0.570213
          43900       0.250016        0.70713       0.500033
          44000       0.214054       0.654299       0.428107
          44100      0.0163715        0.18095       0.032743
          44200      0.0160318       0.179063      0.0320635
          44300      0.0245244        0.22147      0.0490488
          44400       0.120296       0.490502       0.240592
          44500       0.160951       0.567363       0.321901
          44600       0.136615       0.522713       0.273229
          44700       0.152245       0.551806        0.30449
          44800       0.296211       0.769689       0.592422
          44900       0.198052       0.629368       0.396104
          45000       0.119422       0.488716       0.238844
          45100      0.0369054       0.271681      0.0738107
          45200      0.0856226       0.413818       0.171245
          45300       0.055386       0.332824       0.110772
          45400      0.0950467       0.435997       0.190093
          45500       0.185999       0.609917       0.371998
          45600       0.388261       0.881204       0.776521
          45700       0.131252       0.512351       0.262504
          45800      0.0700848       0.374392        0.14017
          45900      0.0977632       0.442184       0.195526
          46000      0.0213443       0.206612      0.0426887
          46100      0.0115047       0.151688      0.0230094
          46200      0.0269623       0.232217      0.0539247
          46300      0.0067277       0.115997      0.0134554
          46400     0.00172997     -0.0588213     0.00345994
          46500      0.0120073      -0.154966      0.0240145
          46600       0.081608         -0.404       0.163216
          46700       0.037998      -0.275674       0.075996
          46800    6.93515e-05     -0.0117772    0.000138703
          46900       0.024313      -0.220513       0.048626
          47000       0.110691      -0.470512       0.221381
          47100     0.00628013      -0.112073      0.0125603
          47200    0.000220858      -0.021017    0.000441715
          47300       0.021406       0.206911       0.042812
          47400      0.0664352       0.364514        0.13287
          47500      0.0038927      0.0882349      0.0077854
          47600      0.0461929        0.30395      0.0923859
          47700      0.0716702       0.378603        0.14334
          47800      0.0356777       0.267124      0.0713555
          47900      0.0132678       0.162897      0.0265356
          48000       0.095934      -0.438027       0.191868
          48100      0.0112843      -0.150228      0.0225685
          48200      0.0145646      -0.170673      0.0291293
          48300     0.00530651       -0.10302       0.010613
          48400     0.00567614      -0.106547      0.0113523
          48500    7.86928e-05     -0.0125453    0.000157386
          48600       0.166251       -0.57663       0.332502
          48700       0.131405      -0.512651       0.262811
          48800      0.0939677      -0.433515       0.187935
          48900        0.03907      -0.279535      0.0781399
          49000      0.0887712       0.421358       0.177542
          49100       0.263949       0.726566       0.527898
          49200       0.267256       0.731103       0.534512
          49300        0.19258       0.620612        0.38516
          49400     0.00273211      0.0739204     0.00546422
          49500     0.00115665      0.0480968     0.00231331
          49600     0.00643169      -0.113417      0.0128634
          49700     0.00330963      0.0813588     0.00661925
          49800      0.0529596       0.325452       0.105919
          49900       0.191547       0.618946       0.383094
          50000     0.00988008       0.140571      0.0197602
          50100      0.0704548       0.375379        0.14091
          50200       0.151492       0.550439       0.302983
          50300       0.258053       0.718406       0.516107
          50400     0.00924568       0.135983      0.0184914
          50500    2.63608e-06    -0.00229612    5.27216e-06
          50600      0.0410578       0.286558      0.0821156
          50700    0.000245745      0.0221696    0.000491489
          50800    5.40174e-05      -0.010394    0.000108035
          50900       0.109314       0.467577       0.218628
          51000      0.0508512       0.318908       0.101702
          51100      0.0661685       0.363781       0.132337
          51200      0.0978017       0.442271       0.195603
          51300      0.0660395       0.363427       0.132079
          51400      0.0032142     -0.0801773      0.0064284
          51500      0.0117884      -0.153548      0.0235769
          51600     0.00262186      0.0724135     0.00524372
          51700      0.0687023       0.370681       0.137405
          51800      0.0473412       0.307705      0.0946825
          51900       0.195555       0.625388        0.39111
          52000      0.0103744      -0.144044      0.0207488
          52100      0.0116237      -0.152471      0.0232474
          52200     0.00746552      -0.122193       0.014931
          52300       0.118086      -0.485975       0.236171
          52400       0.267178      -0.730996       0.534356
          52500       0.335411      -0.819037       0.670822
          52600        0.26196      -0.723824       0.523921
          52700      0.0113909      -0.150936      0.0227818
          52800    0.000380175     -0.0275745    0.000760351
          52900     0.00446804     -0.0945308     0.00893607
          53000    0.000977164      0.0442078     0.00195433
          53100     0.00245519     -0.0700741     0.00491038
          53200     0.00278343     -0.0746114     0.00556685
          53300       0.163149       0.571225       0.326298
          53400      0.0388108       0.278607      0.0776216
          53500       0.154072       0.555106       0.308143
          53600      0.0508938       0.319042       0.101788
          53700       0.215717       0.656836       0.431434
          53800       0.516413        1.01628        1.03283
          53900       0.382697       0.874868       0.765394
          54000       0.324664       0.805808       0.649327
          54100       0.207019       0.643457       0.414037
          54200       0.303283       0.778823       0.606566
          54300     0.00448397      0.0946992     0.00896793
          54400     0.00297561     -0.0771442     0.00595122
          54500      0.0162716       0.180397      0.0325432
          54600      0.0588179      -0.342981       0.117636
          54700      0.0257173       0.226792      0.0514346
          54800     0.00344464     -0.0830017     0.00688928
          54900      0.0527675      -0.324862       0.105535
          55000        0.26612      -0.729547       0.532239
          55100        0.14266      -0.534154       0.285321
          55200       0.118196      -0.486201       0.236391
          55300    0.000248056     -0.0222736    0.000496112
          55400     0.00746574      -0.122194      0.0149315
          55500      0.0375886      -0.274185      0.0751772
          55600      0.0808029      -0.402002       0.161606
          55700       0.240935      -0.694169       0.481871
          55800      0.0648505       -0.36014       0.129701
          55900      0.0930452       0.431382        0.18609
          56000       0.250456       0.707751       0.500912
          56100       0.198407       0.629932       0.396814
          56200      0.0578406       0.340119       0.115681
          56300     0.00885654        0.13309      0.0177131
          56400     0.00398666      0.0892935     0.00797333
          56500     0.00736908       0.121401      0.0147382
          56600      0.0968213       0.440048       0.193643
          56700      0.0982799       0.443351        0.19656
          56800     0.00354357      0.0841851     0.00708713
          56900      0.0270532       0.232608      0.0541063
          57000    1.16346e-07    0.000482382    2.32693e-07
          57100     0.00764013       0.123613      0.0152803
          57200    0.000114858     -0.0151564    0.000229716
          57300     0.00213085     -0.0652816     0.00426169
          57400     0.00108059      0.0464886     0.00216119
          57500      0.0964398      -0.439181        0.19288
          57600       0.102767      -0.453358       0.205534
          57700     0.00917705       0.135477      0.0183541
          57800      0.0746899       0.386497        0.14938
          57900       0.192939        0.62119       0.385877
          58000      0.0981404       0.443036       0.196281
          58100      0.0112666       0.150111      0.0225332
          58200     0.00180472      0.0600786     0.00360944
          58300     0.00581748      -0.107865       0.011635
          58400      0.0410968       0.286694      0.0821937
          58500      0.0409319       0.286118      0.0818637
          58600       0.115852       0.481356       0.231704
          58700      0.0113936      -0.150954      0.0227871
          58800      0.0286003       0.239167      0.0572007
          58900      0.0337368       0.259757      0.0674736
          59000       0.104235       0.456585        0.20847
          59100      0.0209961        0.20492      0.0419922
          59200      0.0297638       0.243983      0.0595276
          59300     0.00240192     -0.0693098     0.00480385
          59400       0.011513      -0.151743      0.0230259
          59500      0.0362633      -0.269308      0.0725265
          59600     0.00158678     -0.0563343     0.00317355
          59700      0.0258652      -0.227443      0.0517303
          59800      0.0185681      -0.192708      0.0371362
          59900     0.00535441      -0.103483      0.0107088
          60000      0.0267755      -0.231411      0.0535511
          60100     0.00890607       0.133462      0.0178121
          60200     0.00247436      0.0703471     0.00494871
          60300     0.00666936      -0.115493      0.0133387
          60400     0.00998399       0.141308       0.019968
          60500      0.0271619       0.233075      0.0543239
          60600    3.39876e-05    -0.00824471    6.79753e-05
          60700      0.0167781       0.183183      0.0335561
          60800      0.0501942       0.316841       0.100388
          60900        0.11096       0.471083       0.221919
          61000       0.136463       0.522423       0.272925
          61100      0.0454618       0.301535      0.0909235
          61200     0.00399547       0.089392     0.00799093
          61300       0.155142       0.557032       0.310284
          61400     0.00213121     -0.0652872     0.00426241
          61500     0.00518519      -0.101835      0.0103704
          61600    0.000166175      0.0182305    0.000332349
          61700      0.0386327       0.277967      0.0772654
          61800       0.148985       0.545866       0.297969
          61900       0.207048       0.643502       0.414095
          62000       0.204172       0.639018       0.408345
          62100       0.502149        1.00215         1.0043
          62200       0.348236       0.834549       0.696472
          62300       0.119262       0.488389       0.238524
          62400      0.0526634       0.324541       0.105327
          62500    0.000778848     -0.0394676      0.0015577
          62600      0.0136962       0.165507      0.0273925
          62700      0.0665842       0.364922       0.133168
          62800    0.000150503     -0.0173495    0.000301006
          62900     0.00763982      -0.123611      0.0152796
          63000      0.0140569       0.167671      0.0281137
          63100      0.0263068       0.229376      0.0526135
          63200       0.149629       0.547045       0.299259
          63300     0.00495864      0.0995856     0.00991728
          63400       0.124722       0.499443       0.249443
          63500     0.00966471        0.13903      0.0193294
          63600      0.0180238       0.189862      0.0360477
          63700      0.0058419      -0.108092      0.0116838
          63800      0.0487937        0.31239      0.0975875
          63900    6.00936e-05      -0.010963    0.000120187
          64000      0.0191214       0.195558      0.0382429
          64100    0.000292813      0.0241997    0.000585627
          64200       0.103713        0.45544       0.207425
          64300      0.0325339       0.255084      0.0650677
          64400      0.0369436       0.271822      0.0738872
          64500      0.0246523       0.222046      0.0493046
          64600      0.0075422      -0.122819      0.0150844
          64700        0.04608       0.303579        0.09216
          64800      0.0485614       0.311645      0.0971227
          64900     0.00770251       0.124117       0.015405
          65000      0.0461361       0.303763      0.0922722
          65100      0.0475638       0.308428      0.0951277
          65200       0.276973       0.744276       0.553947
          65300       0.276684       0.743887       0.553368
          65400       0.258379       0.718858       0.516757
          65500       0.167098       0.578098       0.334197
          65600       0.122281       0.494531       0.244561
          65700        0.27693       0.744218        0.55386
          65800       0.312268       0.790276       0.624535
          65900      0.0374975       0.273852       0.074995
          66000     0.00732131      -0.121007      0.0146426
          66100      0.0340667      -0.261024      0.0681333
          66200       0.117045      -0.483829        0.23409
          66300       0.111703      -0.472658       0.223405
          66400       0.072616      -0.381093       0.145232
          66500      0.0276181      -0.235024      0.0552362
          66600      0.0122674      -0.156636      0.0245349
          66700     0.00730154       0.120843      0.0146031
          66800    0.000930951      0.0431498      0.0018619
          66900    0.000577455       0.033984     0.00115491
          67000     0.00126842     -0.0503671     0.00253684
          67100      0.0358176       0.267648      0.0716352
          67200    8.71022e-05     -0.0131987    0.000174204
          67300      0.0162578      -0.180321      0.0325157
          67400     0.00906444      -0.134644      0.0181289
          67500    8.43279e-05     -0.0129868    0.000168656
          67600      0.0123648       0.157257      0.0247296
          67700      0.0773805       0.393397       0.154761
          67800      0.0502454       0.317003       0.100491
          67900     0.00571405      -0.106902      0.0114281
          68000      0.0315177      -0.251068      0.0630354
          68100    5.40916e-06    -0.00328912    1.08183e-05
          68200      0.0138573       0.166477      0.0277145
          68300      0.0290149      -0.240894      0.0580299
          68400     0.00328049     -0.0809999     0.00656098
          68500      0.0110985      -0.148987      0.0221971
          68600      0.0130097       0.161305      0.0260193
          68700       0.091547       0.427895       0.183094
          68800        0.03258       0.255265      0.0651601
          68900     0.00415495     -0.0911587     0.00830991
          69000    0.000881415     -0.0419861     0.00176283
          69100      0.0370471       0.272203      0.0740943
          69200      0.0409223       0.286085      0.0818446
          69300    0.000131276      0.0162034    0.000262551
          69400      0.0210386       0.205127      0.0420772
          69500      0.0289943      -0.240808      0.0579887
          69600     0.00331052     -0.0813697     0.00662103
          69700       0.068486      -0.370097       0.136972
          69800      0.0145037      -0.170316      0.0290074
          69900     0.00315436     -0.0794274     0.00630872
          70000     0.00400349      0.0894817     0.00800698
          70100      0.0882279       0.420066       0.176456
          70200      0.0851868       0.412763       0.170374
          70300       0.126816       0.503619       0.253632
          70400       0.138301        0.52593       0.276602
          70500       0.366738       0.856432       0.733476
          70600        0.46783       0.967295       0.935659
          70700       0.215892       0.657102       0.431784
          70800       0.177421       0.595687       0.354843
          70900       0.322708       0.803378       0.645416
          71000      0.0801655       0.400413       0.160331
          71100     0.00370822      0.0861188     0.00741645
          71200     0.00205983      0.0641846     0.00411967
          71300     0.00019052      0.0195203     0.00038104
          71400    0.000131389     -0.0162104    0.000262778
          71500      0.0308664      -0.248461      0.0617328
          71600      0.0482471      -0.310635      0.0964941
          71700      0.0481472      -0.310313      0.0962944
          71800      0.0884178      -0.420518       0.176836
          71900        0.15914      -0.564164       0.318281
          72000       0.122365       0.494701       0.244729
          72100      0.0123262      -0.157011      0.0246523
          72200      0.0200618      -0.200309      0.0401235
          72300    0.000250312     -0.0223747    0.000500625
          72400      0.0153543      -0.175239      0.0307086
          72500      0.0315548      -0.251216      0.0631095
          72600       0.329414      -0.811682       0.658827
          72700      0.0860349      -0.414813        0.17207
          72800     0.00176343     -0.0593873     0.00352686
          72900      0.0514467       -0.32077       0.102893
          73000      0.0643531      -0.358756       0.128706
          73100      0.0238032       0.218189      0.0476064
          73200      0.0105151       0.145018      0.0210301
          73300      0.0576419       0.339535       0.115284
          73400      0.0600879       0.346664       0.120176
          73500       0.116587       0.482881       0.233174
          73600      0.0822312        0.40554       0.164462
          73700       0.175513       0.592475       0.351026
          73800     0.00646473       0.113708      0.0129295
          73900     0.00203579     -0.0638089     0.00407157
          74000      0.0844886      -0.411068       0.168977
          74100        0.13996      -0.529074        0.27992
          74200       0.155867      -0.558331       0.311734
          74300       0.145799      -0.539999       0.291598
          74400       0.107113      -0.462845       0.214226
          74500      0.0690784      -0.371695       0.138157
          74600      0.0147557      -0.171789      0.0295113
          74700      0.0665784      -0.364907       0.133157
          74800      0.0366823      -0.270859      0.0733647
          74900     0.00814873      -0.127662      0.0162975
          75000      0.0324167      -0.254624      0.0648333
          75100     0.00844901       0.129992       0.016898
          75200       0.122456      -0.494886       0.244912
          75300       0.394714      -0.888498       0.789428
          75400       0.135194      -0.519989       0.270389
          75500     0.00537308      -0.103664      0.0107462
          75600      0.0762102       -0.39041        0.15242
          75700       0.133194      -0.516129       0.266389
          75800      0.0770196      -0.392478       0.154039
          75900      0.0248004      -0.222712      0.0496008
          76000      0.0013922     -0.0527673     0.00278439
          76100     0.00140813      0.0530685     0.00281627
          76200    0.000877421      0.0418908     0.00175484
          76300     0.00225041     -0.0670882     0.00450083
          76400     1.9666e-06    -0.00198323     3.9332e-06
          76500       0.014244       0.168784      0.0284881
          76600       0.029794       0.244107       0.059588
          76700      0.0839817       0.409833       0.167963
          76800      0.0747673       0.386697       0.149535
          76900       0.082668       0.406615       0.165336
          77000    0.000542056      0.0329259     0.00108411
          77100      0.0142396      -0.168758      0.0284791
          77200       0.117608      -0.484991       0.235216
          77300      0.0541523      -0.329097       0.108305
          77400      0.0438607       0.296178      0.0877214
          77500      0.0256873       0.226659      0.0513745
          77600    0.000648438     -0.0360122     0.00129688
          77700    9.61804e-05     -0.0138694    0.000192361
          77800     0.00352626     -0.0839793     0.00705252
          77900     0.00385547     -0.0878119     0.00771093
          78000      0.0525918        0.32432       0.105184
          78100      0.0508808      -0.319001       0.101762
          78200       0.186366      -0.610518       0.372733
          78300      0.0126967      -0.159353      0.0253934
          78400    0.000408007      0.0285659    0.000816013
          78500      0.0168004      -0.183305      0.0336009
          78600     0.00150404      -0.054846     0.00300809
          78700      0.0297172       0.243792      0.0594344
          78800     0.00311199      0.0788923     0.00622399
          78900      0.0641136      -0.358088       0.128227
          79000      0.0064992       0.114011      0.0129984
          79100     0.00650898       0.114096       0.013018
          79200       0.083948       0.409751       0.167896
          79300      0.0740486       0.384834       0.148097
          79400     0.00627847       0.112058      0.0125569
          79500       0.124106       0.498209       0.248212
          79600      0.0359027       0.267965      0.0718053
          79700       0.101512       0.450581       0.203023
          79800       0.124924       0.499849       0.249849
          79900      0.0895753       0.423262       0.179151
          80000      0.0227144       -0.21314      0.0454288
          80100      0.0213516      -0.206648      0.0427032
          80200     7.8883e-05     -0.0125605    0.000157766
          80300    5.18426e-05      0.0101826    0.000103685
          80400      0.0358493       0.267766      0.0716986
          80500     0.00276427     -0.0743542     0.00552855
          80600      0.0220964      -0.210221      0.0441928
          80700     0.00654905      -0.114447      0.0130981
          80800     0.00409518     -0.0905006     0.00819036
          80900       0.019385      -0.196901      0.0387699
          81000       0.064791      -0.359975       0.129582
          81100       0.207194       -0.64373       0.414388
          81200       0.134789       -0.51921       0.269579
          81300       0.199332      -0.631398       0.398664
          81400     0.00290597      0.0762361     0.00581195
          81500      0.0159484      -0.178597      0.0318968
          81600      0.0558055      -0.334082       0.111611
          81700      0.0337677      -0.259876      0.0675355
          81800       0.010856        0.14735      0.0217119
          81900     0.00190741      0.0617642     0.00381482
          82000      0.0635085       0.356394       0.127017
          82100      0.0265691       0.230517      0.0531382
          82200      0.0403027       0.283911      0.0806054
          82300      0.0888892       0.421638       0.177778
          82400      0.0267534       0.231315      0.0535067
          82500      0.0231606       0.215223      0.0463211
          82600     0.00928245      -0.136253      0.0185649
          82700      0.0928871       0.431015       0.185774
          82800      0.0160694       0.179273      0.0321388
          82900     0.00880047      -0.132669      0.0176009
          83000      0.0301909       0.245727      0.0603818
          83100     0.00158875     -0.0563692     0.00317749
          83200      0.0148737      -0.172475      0.0297475
          83300       0.101122      -0.449715       0.202244
          83400      0.0189297      -0.194575      0.0378594
          83500     0.00485898      0.0985797     0.00971797
          83600      0.0247988      -0.222705      0.0495976
          83700      0.0310126      -0.249048      0.0620252
          83800      0.0118492       0.153943      0.0236984
          83900      0.0392703       0.280251      0.0785406
          84000    0.000106326     -0.0145826    0.000212651
          84100     0.00523531       0.102326      0.0104706
          84200      0.0252004       0.224501      0.0504009
          84300       0.160978       0.567411       0.321956
          84400     0.00715655       0.119637      0.0143131
          84500       0.104022      -0.456118       0.208044
          84600      0.0204263        0.20212      0.0408526
          84700     0.00153541      -0.055415     0.00307083
          84800      0.0895414       0.423182       0.179083
          84900      0.0491503       0.313529      0.0983005
          85000    0.000686967     -0.0370666     0.00137393
          85100     0.00814753       0.127652      0.0162951
          85200      0.0168614      -0.183638      0.0337228
          85300      0.0435722      -0.295202      0.0871444
          85400       0.055117      -0.332015       0.110234
          85500      0.0272692      -0.233534      0.0545383
          85600      0.0296013      -0.243316      0.0592027
          85700     0.00975961       0.139711      0.0195192
          85800      0.0202215       0.201104      0.0404429
          85900      0.0655236       0.362004       0.131047
          86000      0.0370431       0.272188      0.0740863
          86100      0.0178766       0.189085      0.0357532
          86200      0.0102788      -0.143379      0.0205576
          86300       0.150138      -0.547974       0.300276
          86400       0.309648      -0.786953       0.619296
          86500       0.176489      -0.594119       0.352978
          86600       0.136337      -0.522183       0.272675
          86700      0.0185961      -0.192853      0.0371923
          86800     0.00971234      -0.139372      0.0194247
          86900     0.00255711     -0.0715137     0.00511421
          87000      0.0158816       0.178223      0.0317633
          87100       0.120447        0.49081       0.240895
          87200       0.174865       0.591379       0.349729
          87300       0.261958       0.723821       0.523917
          87400       0.310899       0.788542       0.621799
          87500        0.15964       0.565048       0.319279
          87600     0.00933848       0.136664       0.018677
          87700    0.000453166      0.0301053    0.000906332
          87800      0.0504934      -0.317784       0.100987
          87900     0.00322246     -0.0802803     0.00644492
          88000     0.00536125      -0.103549      0.0107225
          88100     0.00382347      0.0874467     0.00764693
          88200      0.0791828       0.397952       0.158366
          88300      0.0186466      -0.193114      0.0372932
          88400      0.0201092      -0.200545      0.0402184
          88500     0.00326476      0.0808055     0.00652952
          88600     0.00211843      0.0650912     0.00423686
          88700       0.153704       0.554445       0.307409
          88800      0.0481852       0.310436      0.0963705
          88900        0.23918       0.691636        0.47836
          89000       0.133058       0.515865       0.266117
          89100      0.0915147       0.427819       0.183029
          89200      0.0490773       0.313296      0.0981545
          89300      0.0303231       0.246264      0.0606462
          89400    0.000110714      0.0148805    0.000221428
          89500       0.046804       0.305954       0.093608
          89600     0.00124661      0.0499321     0.00249321
          89700     0.00940838       0.137174      0.0188168
          89800    0.000146838      -0.017137    0.000293676
          89900       0.110811       0.470767       0.221622
          90000       0.156116       0.558776       0.312231
          90100      0.0482447       0.310627      0.0964893
          90200      0.0398811       0.282422      0.0797622
          90300    2.49793e-07   -0.000706814    4.99586e-07
          90400    0.000301413     -0.0245525    0.000602827
          90500      0.0272753       0.233561      0.0545505
          90600      0.0753949      -0.388317        0.15079
          90700       0.141614      -0.532191       0.283227
          90800      0.0343594      -0.262143      0.0687188
          90900      0.0351591      -0.265176      0.0703181
          91000      0.0121593       0.155944      0.0243185
          91100    0.000263471     -0.0229552    0.000526942
          91200    0.000828918      0.0407165     0.00165784
          91300      0.0378191      -0.275024      0.0756382
          91400    2.10417e-05     0.00648717    4.20834e-05
          91500      0.0536699       0.327628        0.10734
          91600       0.247218       0.703162       0.494437
          91700       0.081244       0.403098       0.162488
          91800    0.000130005      0.0161248    0.000260009
          91900      0.0330967      -0.257281      0.0661934
          92000     0.00152889     -0.0552973     0.00305779
          92100       0.146948       0.542122       0.293896
          92200       0.240101       0.692966       0.480202
          92300       0.036563       0.270418      0.0731261
          92400       0.117565       0.484902        0.23513
          92500       0.153162       0.553466       0.306325
          92600      0.0273494       0.233878      0.0546987
          92700      0.0546947       0.330741       0.109389
          92800         0.1119       0.473075         0.2238
          92900       0.180482       0.600802       0.360963
          93000      0.0784475         0.3961       0.156895
          93100      0.0101879      -0.142744      0.0203757
          93200      0.0324923      -0.254921      0.0649845
          93300    0.000574737      0.0339039     0.00114947
          93400      0.0215107       0.207416      0.0430213
          93500     0.00378073      0.0869566     0.00756146
          93600    8.57839e-05      0.0130984    0.000171568
          93700    0.000173754     -0.0186416    0.000347508
          93800       0.014808      -0.172093       0.029616
          93900     0.00805144       0.126897      0.0161029
          94000     0.00126265      0.0502523      0.0025253
          94100     0.00311822      0.0789711     0.00623643
          94200      0.0445757       0.298582      0.0891513
          94300    1.01626e-05     0.00450835    2.03252e-05
          94400      0.0498184       0.315653      0.0996368
          94500       0.102757       0.453336       0.205513
          94600      0.0199708       0.199854      0.0399416
          94700     0.00342338     -0.0827451     0.00684676
          94800     0.00928395      -0.136264      0.0185679
          94900     0.00240269     -0.0693208     0.00480538
          95000      0.0649307      -0.360363       0.129861
          95100      0.0115935       0.152273       0.023187
          95200     0.00108752     -0.0466374     0.00217505
          95300      0.0308367      -0.248341      0.0616734
          95400       0.139168      -0.527575       0.278335
          95500       0.237076      -0.688586       0.474151
          95600      0.0205835      -0.202897       0.041167
          95700    0.000968236     -0.0440054     0.00193647
          95800    0.000153498     -0.0175213    0.000306995
          95900       0.150347      -0.548355       0.300693
          96000      0.0416367      -0.288571      0.0832735
          96100     0.00555278      -0.105383      0.0111056
          96200      0.0213953      -0.206859      0.0427905
          96300       0.106096      -0.460642       0.212191
          96400       0.083816      -0.409429       0.167632
          96500       0.277438        -0.7449       0.554876
          96600        0.23455      -0.684909       0.469101
          96700       0.148657      -0.545266       0.297315
          96800      0.0301691      -0.245638      0.0603382
          96900     0.00558246      -0.105664      0.0111649
          97000     0.00337886     -0.0822053     0.00675771
          97100     0.00345983     -0.0831844     0.00691965
          97200     0.00609567      -0.110414      0.0121913
          97300      0.0262055      -0.228934      0.0524109
          97400     0.00170293      0.0583598     0.00340587
          97500     0.00142768      0.0534356     0.00285536
          97600      0.0108849       0.147546      0.0217697
          97700      0.0233451       0.216079      0.0466901
          97800      0.0054744      -0.104637      0.0109488
          97900        0.20382      -0.638468       0.407641
          98000       0.046507      -0.304982       0.093014
          98100     0.00931887       -0.13652      0.0186377
          98200      0.0162783      -0.180435      0.0325567
          98300      0.0158949      -0.178297      0.0317898
          98400       0.167476       -0.57875       0.334952
          98500        0.16158      -0.568472        0.32316
          98600      0.0359185      -0.268024      0.0718371
          98700      0.0033487     -0.0818376     0.00669739
          98800    0.000105159      0.0145024    0.000210319
          98900      0.0634322       -0.35618       0.126864
          99000       0.074349      -0.385614       0.148698
          99100       0.141461      -0.531905       0.282923
          99200       0.129056      -0.508047       0.258112
          99300     0.00484103     -0.0983975     0.00968206
          99400     0.00170455     -0.0583874     0.00340909
          99500     0.00890966      -0.133489      0.0178193
          99600      0.0512238      -0.320074       0.102448
          99700      0.0107578      -0.146682      0.0215157
          99800      0.0493025      -0.314014       0.098605
          99900      0.0281537      -0.237292      0.0563074
         100000     0.00152633     -0.0552509     0.00305266
