              0      0.0255339      -0.225982      0.0510677
            100       0.150739        0.54907       0.301478
            200       0.121711      -0.493379       0.243423
            300      0.0631272       0.355323       0.126254
            400      0.0780283       -0.39504       0.156057
            500       0.122056      -0.494078       0.244113
            600     0.00751154      -0.122569      0.0150231
            700      0.0165764       0.182079      0.0331529
            800       0.320641         0.8008       0.641281
            900      0.0600393      -0.346524       0.120079
           1000      0.0100378      -0.141688      0.0200756
           1100        0.41447      -0.910462        0.82894
           1200     0.00484179     -0.0984052     0.00968359
           1300    0.000584759      0.0341982     0.00116952
           1400    0.000878742     -0.0419224     0.00175748
           1500    0.000639296      0.0357574     0.00127859
           1600       0.187008      -0.611569       0.374016
           1700      0.0343401      -0.262069      0.0686802
           1800      0.0104768       0.144753      0.0209536
           1900       0.244339      -0.699055       0.488678
           2000      0.0767529       0.391798       0.153506
           2100      0.0992487       0.445531       0.198497
           2200      0.0147653      -0.171845      0.0295306
           2300      0.0348849       -0.26414      0.0697699
           2400       0.168888       0.581185       0.337776
           2500      0.0437034      -0.295646      0.0874067
           2600    4.67751e-06      0.0030586    9.35503e-06
           2700       0.239305       0.691816       0.478609
           2800       0.119942        0.48978       0.239885
           2900       0.160661       0.566853       0.321322
           3000       0.223409       0.668445       0.446819
           3100      0.0633609        0.35598       0.126722
           3200       0.188302       0.613681       0.376605
           3300      0.0048527       0.098516     0.00970539
           3400      0.0181579      -0.190567      0.0363158
           3500      0.0100268      -0.141611      0.0200535
           3600      0.0606881       0.348391       0.121376
           3700       0.382853      -0.875046       0.765706
           3800       0.276558      -0.743718       0.553117
           3900     0.00285502      0.0755648     0.00571004
           4000     0.00968464      -0.139174      0.0193693
           4100      0.0269428      -0.232133      0.0538855
           4200      0.0101523       0.142494      0.0203045
           4300       0.112112      -0.473524       0.224225
           4400      0.0567915      -0.337021       0.113583
           4500     0.00567883      -0.106572      0.0113577
           4600     0.00123211      0.0496409     0.00246422
           4700     0.00858442        0.13103      0.0171688
           4800     0.00355651      0.0843388     0.00711303
           4900     0.00294225      0.0767105      0.0058845
           5000      0.0259779       0.227938      0.0519558
           5100     0.00243363      0.0697657     0.00486725
           5200    6.18502e-05     -0.0111221      0.0001237
           5300       0.218516      -0.661084       0.437032
           5400      0.0220212      -0.209863      0.0440424
           5500       0.251723      -0.709539       0.503446
           5600      0.0869399      -0.416989        0.17388
           5700       0.079604       0.399009       0.159208
           5800       0.176561      -0.594241       0.353122
           5900      0.0548305       0.331151       0.109661
           6000      0.0461682      -0.303869      0.0923364
           6100       0.078615       0.396522        0.15723
           6200      0.0076581      -0.123759      0.0153162
           6300       0.145371      -0.539206       0.290743
           6400      0.0317436      -0.251966      0.0634871
           6500      0.0173751      -0.186414      0.0347501
           6600    0.000133356      0.0163313    0.000266711
           6700      0.0470672      -0.306813      0.0941345
           6800       0.257609       0.717787       0.515218
           6900      0.0601659      -0.346889       0.120332
           7000       0.373258       0.864012       0.746516
           7100      0.0159237      -0.178458      0.0318473
           7200      0.0882599      -0.420143        0.17652
           7300     0.00372455      0.0863081     0.00744909
           7400     0.00356613      0.0844527     0.00713227
           7500     0.00201114     -0.0634215     0.00402229
           7600      0.0149642      -0.172998      0.0299285
           7700       0.200309       0.632943       0.400617
           7800      0.0182375      -0.190984      0.0364749
           7900      0.0448818       0.299606      0.0897636
           8000      0.0505948      -0.318103        0.10119
           8100       0.592125        1.08823        1.18425
           8200       0.030695        0.24777        0.06139
           8300      0.0327234       0.255826      0.0654468
           8400    0.000858942     -0.0414474     0.00171788
           8500      0.0508108       0.318781       0.101622
           8600      0.0249084       0.223197      0.0498168
           8700        0.14413      -0.536898       0.288259
           8800       0.413758       0.909679       0.827516
           8900       0.173161       0.588492       0.346323
           9000     0.00143893      0.0536456     0.00287785
           9100     0.00498574     -0.0998573     0.00997147
           9200      0.0128517      -0.160323      0.0257034
           9300       0.161315      -0.568005        0.32263
           9400      0.0628015      -0.354405       0.125603
           9500       0.106823       -0.46222       0.213647
           9600      0.0347363       0.263577      0.0694727
           9700    0.000962099     -0.0438657      0.0019242
           9800      0.0536527       0.327575       0.107305
           9900       0.217336       0.659297       0.434672
          10000       0.130351       -0.51059       0.260702
          10100      0.0574607          0.339       0.114921
          10200      0.0820231      -0.405026       0.164046
          10300       0.184407      -0.607301       0.368815
          10400     0.00197784     -0.0628942     0.00395568
          10500       0.107177      -0.462983       0.214354
          10600      0.0737896       -0.38416       0.147579
          10700     0.00709606       0.119131      0.0141921
          10800     0.00347228       0.083334     0.00694455
          10900      0.0155024      -0.176082      0.0310048
          11000      0.0154952      -0.176041      0.0309905
          11100      0.0368818       0.271594      0.0737636
          11200       0.158322       0.562711       0.316644
          11300      0.0274272        0.23421      0.0548544
          11400      0.0923798      -0.429837        0.18476
          11500      0.0671371      -0.366434       0.134274
          11600       0.139289      -0.527805       0.278578
          11700      0.0304305         0.2467      0.0608611
          11800      0.0117981        0.15361      0.0235961
          11900     0.00217272     -0.0659199     0.00434544
          12000       0.064269      -0.358522       0.128538
          12100      0.0105956      -0.145572      0.0211912
          12200      0.0447962       -0.29932      0.0895924
          12300    0.000870961      0.0417364     0.00174192
          12400     0.00429528      0.0926853     0.00859057
          12500      0.0413975      -0.287741       0.082795
          12600      0.0422922       0.290834      0.0845844
          12700      0.0169205      -0.183959       0.033841
          12800       0.425102       0.922065       0.850204
          12900       0.114879       0.479331       0.229759
          13000       0.325756      -0.807162       0.651511
          13100      0.0416816       0.288727      0.0833632
          13200      0.0287899      -0.239958      0.0575798
          13300     0.00414358     -0.0910339     0.00828716
          13400        0.12889      -0.507721        0.25778
          13500    6.24473e-05      0.0111756    0.000124895
          13600      0.0592723       0.344303       0.118545
          13700      0.0115452      -0.151955      0.0230903
          13800      0.0285872      -0.239112      0.0571744
          13900      0.0152834       0.174834      0.0305669
          14000       0.349418       0.835964       0.698836
          14100      0.0699054      -0.373913       0.139811
          14200      0.0107376       0.146544      0.0214752
          14300       0.247492       0.703551       0.494984
          14400       0.056505        0.33617        0.11301
          14500       0.152881      -0.552958       0.305762
          14600      0.0143436      -0.169373      0.0286872
          14700      0.0108384        0.14723      0.0216767
          14800       0.986465        1.40461        1.97293
          14900      0.0230962       0.214924      0.0461924
          15000     0.00387741     -0.0880614     0.00775482
          15100      0.0506218       0.318188       0.101244
          15200       0.340972      -0.825799       0.681944
          15300      0.0751517       -0.38769       0.150303
          15400       0.250066        -0.7072       0.500132
          15500       0.018713      -0.193458      0.0374261
          15600      0.0249193      -0.223246      0.0498386
          15700      0.0319921       0.252951      0.0639842
          15800     0.00585894       0.108249      0.0117179
          15900      0.0283861      -0.238269      0.0567722
          16000      0.0912127       0.427113       0.182425
          16100       0.062986      -0.354925       0.125972
          16200       0.222491       0.667069       0.444981
          16300      0.0139025       0.166748      0.0278049
          16400     0.00148523      0.0545019     0.00297045
          16500       0.158324       0.562715       0.316648
          16600    8.45912e-05       0.013007    0.000169182
          16700     0.00826665      -0.128582      0.0165333
          16800      0.0418984       0.289477      0.0837967
          16900      0.0788644      -0.397151       0.157729
          17000      0.0029585      -0.076922       0.005917
          17100     0.00108591     -0.0466029     0.00217183
          17200      0.0227615       0.213361      0.0455229
          17300       0.020935       0.204621        0.04187
          17400       0.106906       0.462397       0.213811
          17500    5.14128e-06     0.00320664    1.02826e-05
          17600     0.00176815     -0.0594668     0.00353631
          17700    0.000103426      0.0143824    0.000206852
          17800      0.0522172       0.323163       0.104434
          17900       0.532556        1.03204        1.06511
          18000     0.00264715      0.0727619      0.0052943
          18100     0.00425559      0.0922561     0.00851119
          18200      0.0630361      -0.355067       0.126072
          18300       0.121048       0.492033       0.242097
          18400     0.00120323     -0.0490557     0.00240646
          18500        0.41386       0.909791        0.82772
          18600        0.16521       0.574822        0.33042
          18700      0.0253423      -0.225132      0.0506846
          18800      0.0760912       0.390106       0.152182
          18900        0.10459      -0.457363       0.209181
          19000     0.00221158      0.0665068     0.00442316
          19100    0.000206252      0.0203102    0.000412505
          19200       0.307282       0.783941       0.614564
          19300      0.0540164      -0.328683       0.108033
          19400    0.000776124      0.0393986     0.00155225
          19500       0.126934       0.503853       0.253868
          19600    1.55083e-05     0.00556926    3.10167e-05
          19700     0.00298899      0.0773174     0.00597798
          19800     0.00341348      0.0826254     0.00682696
          19900      0.0278682       0.236085      0.0557363
          20000      0.0308625      -0.248445       0.061725
          20100     0.00685964       0.117129      0.0137193
          20200      0.0151276       -0.17394      0.0302553
          20300       0.128774      -0.507493       0.257549
          20400       0.131812       0.513444       0.263625
          20500       0.253702      -0.712324       0.507405
          20600       0.295682      -0.769002       0.591363
          20700    0.000520311      0.0322587     0.00104062
          20800       0.648573        1.13892        1.29715
          20900      0.0639837      -0.357725       0.127967
          21000       0.216072      -0.657376       0.432143
          21100     0.00177093     -0.0595136     0.00354186
          21200      0.0240213       0.219186      0.0480425
          21300      0.0611381        0.34968       0.122276
          21400      0.0447609       0.299202      0.0895217
          21500       0.113725      -0.476918       0.227451
          21600     0.00051929      -0.032227     0.00103858
          21700        0.17787        0.59644        0.35574
          21800      0.0481319       0.310264      0.0962638
          21900       0.010544       0.145217      0.0210879
          22000       0.020861       -0.20426       0.041722
          22100     0.00855215       0.130783      0.0171043
          22200       0.368208       0.858146       0.736415
          22300       0.448517       0.947119       0.897034
          22400       0.282766      -0.752018       0.565531
          22500      0.0127245       0.159527      0.0254489
          22600    0.000802534      0.0400633     0.00160507
          22700       0.182432       0.604041       0.364865
          22800       0.203016      -0.637206       0.406032
          22900    0.000504917     -0.0317779     0.00100983
          23000     0.00438727      0.0936725     0.00877454
          23100      0.0271275       0.232927      0.0542551
          23200      0.0646951      -0.359709        0.12939
          23300      0.0161268       0.179593      0.0322536
          23400       0.265881      -0.729221       0.531763
          23500      0.0370977       0.272388      0.0741954
          23600      0.0022099     -0.0664816     0.00441981
          23700       0.256549      -0.716308       0.513097
          23800    9.32288e-05      0.0136549    0.000186458
          23900      0.0308939      -0.248572      0.0617878
          24000     0.00664067       0.115245      0.0132813
          24100       0.192485        0.62046       0.384971
          24200     0.00104255      -0.045663     0.00208511
          24300    0.000160628     -0.0179236    0.000321255
          24400     0.00910298      -0.134929       0.018206
          24500       0.152618       0.552482       0.305236
          24600      0.0135656       0.164715      0.0271311
          24700      0.0420567      -0.290023      0.0841134
          24800       0.126541       0.503073       0.253083
          24900      0.0673437       0.366998       0.134687
          25000    0.000113865     -0.0150907     0.00022773
          25100       0.386634       0.879357       0.773269
          25200      0.0244367       0.221073      0.0488734
          25300       0.160403       0.566397       0.320806
          25400      0.0244222       0.221008      0.0488443
          25500      0.0807054        0.40176       0.161411
          25600      0.0214514        0.20713      0.0429029
          25700      0.0964727       0.439255       0.192945
          25800       0.154246       -0.55542       0.308492
          25900     0.00440836     -0.0938974     0.00881673
          26000      0.0560076      -0.334687       0.112015
          26100       0.134446      -0.518548       0.268892
          26200     0.00492635     -0.0992607     0.00985269
          26300       0.098134       0.443022       0.196268
          26400       0.320686       0.800857       0.641371
          26500       0.423187       0.919986       0.846375
          26600       0.473871       -0.97352       0.947742
          26700      0.0149204      -0.172745      0.0298409
          26800      0.0362529       0.269269      0.0725059
          26900     0.00600607        -0.1096      0.0120121
          27000    0.000385014      0.0277494    0.000770027
          27100      0.0308089       0.248229      0.0616179
          27200      0.0147785       0.171921       0.029557
          27300    0.000635576     -0.0356532     0.00127115
          27400      0.0675713       0.367617       0.135143
          27500      0.0189847      -0.194858      0.0379695
          27600       0.271205      -0.736485        0.54241
          27700       0.118059       0.485919       0.236118
          27800       0.748745        1.22372        1.49749
          27900      0.0189126       0.194487      0.0378253
          28000      0.0143686       0.169521      0.0287372
          28100    0.000375451      0.0274026    0.000750902
          28200       0.169972      -0.583048       0.339945
          28300      0.0501863      -0.316817       0.100373
          28400      0.0610127      -0.349321       0.122025
          28500      0.0436865      -0.295589       0.087373
          28600     0.00476721      0.0976444     0.00953442
          28700    0.000351694     -0.0265215    0.000703388
          28800      0.0719226       0.379269       0.143845
          28900    1.62519e-05     0.00570121    3.25038e-05
          29000       0.655113       -1.14465        1.31023
          29100        0.16336       0.571594        0.32672
          29200      0.0578323      -0.340095       0.115665
          29300      0.0464337       0.304742      0.0928674
          29400      0.0311262      -0.249504      0.0622524
          29500      0.0366738      -0.270828      0.0733477
          29600      0.0348594      -0.264043      0.0697189
          29700       0.342198       0.827283       0.684396
          29800      0.0165452      -0.181908      0.0330905
          29900      0.0515906       0.321218       0.103181
          30000      0.0542139      -0.329284       0.108428
          30100      0.0189998       0.194935      0.0379995
          30200      0.0600775      -0.346634       0.120155
          30300     0.00136615     -0.0522714      0.0027323
          30400       0.309533      -0.786808       0.619066
          30500       0.102699        0.45321       0.205399
          30600      0.0590834       0.343754       0.118167
          30700      0.0252993       0.224941      0.0505987
          30800     0.00429673     -0.0927009     0.00859345
          30900        0.09109       0.426826        0.18218
          31000      0.0037751      0.0868919      0.0075502
          31100     0.00215043      0.0655809     0.00430086
          31200     0.00315833      0.0794774     0.00631666
          31300      0.0882823      -0.420196       0.176565
          31400      0.0208692        -0.2043      0.0417385
          31500      0.0367826      -0.271229      0.0735651
          31600      0.0997565       0.446669       0.199513
          31700      0.0305575      -0.247214      0.0611149
          31800       0.137616      -0.524626       0.275233
          31900       0.282218       -0.75129       0.564437
          32000      0.0421896       0.290481      0.0843793
          32100      0.0782156       0.395514       0.156431
          32200      0.0107527      -0.146647      0.0215053
          32300     0.00498697      0.0998696     0.00997393
          32400       0.442282      -0.940513       0.884564
          32500        0.11841      -0.486642        0.23682
          32600      0.0299797       0.244866      0.0599594
          32700    0.000557994      0.0334064     0.00111599
          32800     0.00729677       0.120804      0.0145935
          32900     0.00325127      0.0806383     0.00650254
          33000     0.00023423      0.0216439    0.000468459
          33100       0.019198       0.195949       0.038396
          33200       0.013634       -0.16513      0.0272679
          33300      0.0956572       0.437395       0.191314
          33400       0.021198      -0.205903       0.042396
          33500      0.0469982      -0.306588      0.0939963
          33600    4.85449e-05     0.00985341    9.70898e-05
          33700      0.0414267      -0.287843      0.0828533
          33800       0.125016       0.500032       0.250032
          33900      0.0685634      -0.370306       0.137127
          34000     0.00394584      0.0888352     0.00789168
          34100    0.000437425      0.0295779     0.00087485
          34200      0.0701122       0.374466       0.140224
          34300      0.0833387      -0.408261       0.166677
          34400      0.0332008       0.257685      0.0664016
          34500      0.0194208       0.197083      0.0388416
          34600     0.00257494      0.0717627     0.00514989
          34700      0.0110613      -0.148737      0.0221227
          34800      0.0617808       0.351513       0.123562
          34900       0.281183      -0.749911       0.562367
          35000      0.0933092       0.431994       0.186618
          35100       0.150582       0.548785       0.301164
          35200       0.273822       0.740029       0.547643
          35300      0.0224066       0.211691      0.0448133
          35400       0.154869      -0.556541       0.309737
          35500      0.0599646      -0.346308       0.119929
          35600       0.728239        1.20685        1.45648
          35700      0.0140293      -0.167507      0.0280585
          35800       0.146206      -0.540751       0.292412
          35900       0.162101       0.569387       0.324201
          36000       0.318214      -0.797764       0.636428
          36100    7.26751e-07    -0.00120561     1.4535e-06
          36200       0.166385       0.576862       0.332769
          36300       0.411709      -0.907424       0.823417
          36400      0.0439863      -0.296602      0.0879726
          36500       0.105327       0.458971       0.210654
          36600     0.00732026       0.120998      0.0146405
          36700      0.0959793      -0.438131       0.191959
          36800    0.000470654     -0.0306807    0.000941308
          36900     0.00306972     -0.0783546     0.00613944
          37000      0.0437605        0.29584      0.0875211
          37100       0.158043       0.562215       0.316086
          37200       0.171417      -0.585521       0.342835
          37300        0.11248         0.4743       0.224961
          37400       0.089211        -0.4224       0.178422
          37500       0.278496      -0.746319       0.556992
          37600       0.212316      -0.651637       0.424631
          37700        0.11412       0.477745        0.22824
          37800      0.0159785      -0.178765      0.0319571
          37900       0.157104      -0.560542       0.314207
          38000      0.0819021       0.404727       0.163804
          38100      0.0398518       0.282318      0.0797036
          38200     0.00962985       0.138779      0.0192597
          38300      0.0355414      -0.266614      0.0710828
          38400      0.0108653       0.147413      0.0217306
          38500       0.134057       0.517797       0.268114
          38600      0.0108666       0.147422      0.0217332
          38700    0.000104446     -0.0144531    0.000208891
          38800       0.110331      -0.469746       0.220661
          38900       0.493749       0.993729       0.987497
          39000      0.0883922      -0.420457       0.176784
          39100       0.106838      -0.462251       0.213676
          39200     0.00503428       0.100342      0.0100686
          39300     0.00365054      0.0854464     0.00730109
          39400     0.00241191     -0.0694537     0.00482381
          39500     0.00116376      0.0482445     0.00232753
          39600     0.00262088         0.0724     0.00524177
          39700     0.00197625     -0.0628689      0.0039525
          39800      0.0073595      -0.121322       0.014719
          39900       0.105333       0.458983       0.210665
          40000     0.00967259       0.139087      0.0193452
          40100       0.142522      -0.533894       0.285043
          40200    0.000632544      0.0355681     0.00126509
          40300      0.0804336      -0.401083       0.160867
          40400     0.00910229       0.134924      0.0182046
          40500      0.0487036       0.312101      0.0974072
          40600      0.0121113       0.155636      0.0242225
          40700      0.0155451       0.176324      0.0310902
          40800       0.188288      -0.613658       0.376576
          40900      0.0521817       0.323053       0.104363
          41000      0.0190184       -0.19503      0.0380369
          41100       0.099234       0.445497       0.198468
          41200       0.020601      -0.202983       0.041202
          41300     0.00459109     -0.0958237     0.00918219
          41400      0.0383364      -0.276899      0.0766728
          41500       0.426473       -0.92355       0.852946
          41600       0.388554       0.881538       0.777109
          41700       0.405131       0.900145       0.810261
          41800     0.00815636      -0.127721      0.0163127
          41900      0.0240846       0.219475      0.0481693
          42000       0.135836      -0.521222       0.271673
          42100     0.00548099       0.104699       0.010962
          42200      0.0499029        0.31592      0.0998058
          42300    0.000382289       0.027651    0.000764579
          42400       0.373617      -0.864427       0.747234
          42500       0.105933       0.460289       0.211866
          42600    0.000563585      0.0335734     0.00112717
          42700       0.159363       0.564558       0.318726
          42800      0.0652348      -0.361206        0.13047
          42900      0.0340969       0.261139      0.0681938
          43000     0.00757475       0.123083      0.0151495
          43100      0.0810069       0.402509       0.162014
          43200       0.121933       0.493828       0.243866
          43300    6.31817e-05     -0.0112411    0.000126363
          43400      0.0127622       0.159764      0.0255245
          43500      0.0466357      -0.305404      0.0932713
          43600       0.155308      -0.557329       0.310615
          43700      0.0173366       0.186207      0.0346732
          43800      0.0699278       0.373973       0.139856
          43900     0.00830561      -0.128885      0.0166112
          44000       0.154412       -0.55572       0.308825
          44100       0.027079      -0.232719      0.0541579
          44200      0.0733193      -0.382934       0.146639
          44300       0.125081      -0.500163       0.250163
          44400      0.0419968       0.289816      0.0839936
          44500       0.128783       -0.50751       0.257566
          44600       0.117915       0.485623       0.235829
          44700       0.109284      -0.467513       0.218568
          44800     0.00121913      0.0493788     0.00243827
          44900    7.54662e-05     -0.0122855    0.000150932
          45000       0.232124      -0.681358       0.464249
          45100      0.0579839        0.34054       0.115968
          45200       0.121173       0.492286       0.242345
          45300      0.0477663       0.309083      0.0955325
          45400       0.147178       0.542546       0.294356
          45500      0.0767125      -0.391695       0.153425
          45600        0.68194        1.16785        1.36388
          45700       0.156549       0.559552       0.313099
          45800       0.221265       0.665229        0.44253
          45900     0.00424611     -0.0921532     0.00849222
          46000       0.262556       0.724646       0.525112
          46100       0.096036        0.43826       0.192072
          46200      0.0465884       0.305249      0.0931769
          46300       0.105317       0.458948       0.210634
          46400       0.162587       -0.57024       0.325174
          46500       0.245096      -0.700137       0.490192
          46600       0.034077       0.261063       0.068154
          46700       0.180228       0.600381       0.360457
          46800      0.0419475      -0.289646       0.083895
          46900       0.233043       0.682705       0.466086
          47000       0.280947       0.749596       0.561894
          47100       0.039738       0.281915      0.0794759
          47200       0.457965       0.957043       0.915931
          47300       0.167538       0.578858       0.335077
          47400    0.000750873     -0.0387524     0.00150175
          47500      0.0200381       -0.20019      0.0400762
          47600       0.046337       0.304424      0.0926739
          47700     0.00295826      0.0769189     0.00591652
          47800       0.290211      -0.761854       0.580421
          47900     0.00723142      -0.120262      0.0144628
          48000       0.190102       0.616607       0.380204
          48100       0.132546      -0.514872       0.265093
          48200     0.00204087      0.0638886     0.00408175
          48300      0.0751314      -0.387638       0.150263
          48400     0.00439296     -0.0937333     0.00878592
          48500      0.0276451      -0.235139      0.0552902
          48600      0.0072457        0.12038      0.0144914
          48700       0.400783      -0.895302       0.801566
          48800    1.47923e-05     0.00543918    2.95846e-05
          48900      0.0830075       0.407449       0.166015
          49000      0.0176694      -0.187986      0.0353387
          49100      0.0794027       0.398504       0.158805
          49200      0.0462254      -0.304057      0.0924509
          49300      0.0586252       0.342419        0.11725
          49400       0.152855       -0.55291       0.305709
          49500      0.0665958       0.364954       0.133192
          49600     0.00165398     -0.0575149     0.00330796
          49700     0.00374357     -0.0865283     0.00748714
          49800     0.00539412       0.103866      0.0107882
          49900      0.0173454      -0.186254      0.0346907
          50000    0.000168221     -0.0183424    0.000336442
          50100        0.17335       0.588812         0.3467
          50200      0.0668328      -0.365603       0.133666
          50300       0.291259      -0.763229       0.582518
          50400      0.0693738       0.372488       0.138748
          50500      0.0714555      -0.378036       0.142911
          50600      0.0663152      -0.364185        0.13263
          50700     0.00053137     -0.0325997     0.00106274
          50800      0.0130513       0.161563      0.0261026
          50900    0.000563181      0.0335613     0.00112636
          51000       0.204548       0.639605       0.409095
          51100       0.282722      -0.751961       0.565445
          51200       0.037642       0.274379       0.075284
          51300     0.00747024       0.122231      0.0149405
          51400      0.0578717      -0.340211       0.115743
          51500      0.0553712        0.33278       0.110742
          51600       0.114223        0.47796       0.228446
          51700       0.353777      -0.841162       0.707553
          51800      0.0202329       0.201161      0.0404658
          51900      0.0932116      -0.431768       0.186423
          52000      0.0595323       0.345057       0.119065
          52100       0.621258        1.11468        1.24252
          52200      0.0116213       0.152455      0.0232426
          52300        0.08638       0.415644        0.17276
          52400      0.0778899       0.394689        0.15578
          52500       0.346636       0.832629       0.693271
          52600     0.00586006       -0.10826      0.0117201
          52700       0.246343      -0.701916       0.492686
          52800      0.0643026       0.358616       0.128605
          52900       0.317465       0.796825        0.63493
          53000      0.0520373      -0.322606       0.104075
          53100      0.0438384       0.296103      0.0876769
          53200       0.074753        0.38666       0.149506
          53300       0.150128       0.547956       0.300256
          53400     0.00155092      0.0556941     0.00310184
          53500      0.0974655       -0.44151       0.194931
          53600        0.16748      -0.578758        0.33496
          53700      0.0829954       -0.40742       0.165991
          53800      0.0617175       0.351333       0.123435
          53900      0.0149902       0.173148      0.0299803
          54000         0.0603       0.347275         0.1206
          54100       0.240065       0.692915       0.480131
          54200       0.111298        -0.4718       0.222595
          54300      0.0552781        -0.3325       0.110556
          54400       0.115622      -0.480879       0.231244
          54500       0.142049       0.533008       0.284098
          54600     0.00439307      0.0937345     0.00878615
          54700      0.0111329       0.149217      0.0222658
          54800    0.000608252      0.0348784      0.0012165
          54900    3.86401e-06     0.00277993    7.72802e-06
          55000      0.0966705      -0.439706       0.193341
          55100       0.119333       0.488535       0.238667
          55200     0.00735434      -0.121279      0.0147087
          55300      0.0144316      -0.169892      0.0288632
          55400       0.290087      -0.761692       0.580174
          55500       0.054047      -0.328776       0.108094
          55600    8.17554e-06     0.00404365    1.63511e-05
          55700      0.0860932       0.414953       0.172186
          55800     0.00134414     -0.0518487     0.00268828
          55900      0.0660862      -0.363555       0.132172
          56000     0.00228962      0.0676701     0.00457924
          56100       0.197788      -0.628949       0.395576
          56200      0.0774251        0.39351        0.15485
          56300       0.017053      -0.184678      0.0341059
          56400       0.230761       0.679354       0.461522
          56500      0.0100683       0.141903      0.0201366
          56600       0.161398       0.568151       0.322795
          56700    5.68964e-05     -0.0106674    0.000113793
          56800       0.314197       0.792713       0.628394
          56900      0.0142374       0.168745      0.0284748
          57000       0.444867       0.943257       0.889734
          57100      0.0500778      -0.316474       0.100156
          57200     0.00380234     -0.0872048     0.00760468
          57300     0.00942368      -0.137286      0.0188474
          57400     0.00994369      -0.141023      0.0198874
          57500       0.452414       0.951224       0.904827
          57600    0.000141348      0.0168136    0.000282696
          57700      0.0166165      -0.182299      0.0332331
          57800      0.0526412       0.324472       0.105282
          57900      0.0090775        0.13474       0.018155
          58000        0.81424       -1.27612        1.62848
          58100      0.0477158       -0.30892      0.0954316
          58200     0.00160278      0.0566177     0.00320556
          58300    0.000927732      0.0430751     0.00185546
          58400     0.00830764         0.1289      0.0166153
          58500       0.214364      -0.654773       0.428728
          58600      0.0440618      -0.296856      0.0881236
          58700     0.00610084      -0.110461      0.0122017
          58800     0.00230867      0.0679509     0.00461733
          58900     0.00467887     -0.0967354     0.00935774
          59000      0.0460915       0.303616       0.092183
          59100      0.0114893      -0.151587      0.0229785
          59200     0.00469237     -0.0968748     0.00938473
          59300     0.00460427     -0.0959611     0.00920853
          59400      0.0270365      -0.232536       0.054073
          59500       0.369376      -0.859507       0.738752
          59600      0.0687276       0.370749       0.137455
          59700      0.0880617      -0.419671       0.176123
          59800      0.0552152      -0.332311        0.11043
          59900      0.0317332      -0.251925      0.0634663
          60000      0.0852701       0.412965        0.17054
          60100      0.0956219      -0.437314       0.191244
          60200       0.210037       -0.64813       0.420073
          60300        0.13083       0.511527        0.26166
          60400      0.0458872       0.302943      0.0917743
          60500      0.0841031        0.41013       0.168206
          60600     4.0137e-06     0.00283327     8.0274e-06
          60700        0.25694       0.716854       0.513879
          60800        0.28785      -0.758749       0.575699
          60900       0.166516       -0.57709       0.333032
          61000       0.506521        -1.0065        1.01304
          61100    0.000117282      0.0153155    0.000234563
          61200      0.0704608      -0.375395       0.140922
          61300      0.0848588       0.411968       0.169718
          61400     0.00889834       0.133404      0.0177967
          61500      0.0170942      -0.184901      0.0341883
          61600      0.0969634       0.440371       0.193927
          61700      0.0893231      -0.422666       0.178646
          61800       0.113879        0.47724       0.227758
          61900    0.000290025      0.0240842     0.00058005
          62000       0.326767       0.808414       0.653534
          62100       0.595555       -1.09138        1.19111
          62200       0.266829      -0.730519       0.533657
          62300       0.389619      -0.882744       0.779238
          62400       0.232382       0.681736       0.464764
          62500      0.0759498      -0.389743         0.1519
          62600       0.120954      -0.491842       0.241908
          62700    0.000567482      0.0336892     0.00113496
          62800      0.0362785      -0.269364      0.0725569
          62900     0.00186521     -0.0610771     0.00373042
          63000      0.0560738      -0.334884       0.112148
          63100       0.467482      -0.966935       0.934963
          63200      0.0369592       0.271879      0.0739184
          63300       0.195167      -0.624767       0.390334
          63400       0.334215      -0.817576        0.66843
          63500      0.0236013      -0.217261      0.0472025
          63600      0.0114452       0.151295      0.0228903
          63700     5.6822e-06     0.00337111    1.13644e-05
          63800       0.156414       -0.55931       0.312827
          63900      0.0272854      -0.233604      0.0545708
          64000     0.00275106     -0.0741762     0.00550211
          64100      0.0546932       0.330736       0.109386
          64200       0.163751       0.572279       0.327503
          64300    0.000130572       -0.01616    0.000261145
          64400      0.0162983      -0.180545      0.0325965
          64500       0.175792       0.592945       0.351584
          64600       0.261877       0.723708       0.523753
          64700       0.161828      -0.568908       0.323656
          64800      0.0320294       0.253098      0.0640587
          64900       0.182459      -0.604084       0.364917
          65000     0.00295832     -0.0769197     0.00591664
          65100    0.000704837      0.0375456     0.00140967
          65200     0.00217796      0.0659994     0.00435592
          65300       0.285127       0.755152       0.570255
          65400      0.0200016      -0.200008      0.0400032
          65500       0.018722      -0.193504      0.0374439
          65600     0.00133367     -0.0516463     0.00266734
          65700    3.60819e-05    -0.00849492    7.21637e-05
          65800     0.00599795       0.109526      0.0119959
          65900      0.0725085      -0.380811       0.145017
          66000       0.346128      -0.832019       0.692256
          66100     0.00860234      -0.131167      0.0172047
          66200      0.0169548      -0.184146      0.0339096
          66300      0.0795269      -0.398815       0.159054
          66400      0.0778954      -0.394703       0.155791
          66500      0.0256478      -0.226485      0.0512955
          66600     0.00124313     -0.0498624     0.00248626
          66700     0.00977165      -0.139797      0.0195433
          66800      0.0884405      -0.420572       0.176881
          66900       0.287355      -0.758097       0.574711
          67000       0.216969       -0.65874       0.433938
          67100       0.106554      -0.461636       0.213107
          67200       0.123317      -0.496622       0.246633
          67300       0.133267        0.51627       0.266534
          67400      0.0173036       -0.18603      0.0346073
          67500    0.000174312      0.0186715    0.000348624
          67600       0.119155        0.48817       0.238309
          67700     0.00113189     -0.0475792     0.00226378
          67800      0.0168053       0.183332      0.0336107
          67900      0.0202361      -0.201177      0.0404721
          68000      0.0373129       0.273177      0.0746258
          68100      0.0272699      -0.233537      0.0545397
          68200       0.298422      -0.772557       0.596845
          68300      0.0150535      -0.173514       0.030107
          68400      0.0520038      -0.322502       0.104008
          68500       0.252724      -0.710949       0.505448
          68600     0.00858196       0.131011      0.0171639
          68700       0.149945       0.547623       0.299891
          68800      0.0170513       0.184669      0.0341026
          68900      0.0742344      -0.385316       0.148469
          69000      0.0622811       0.352934       0.124562
          69100      0.0765303      -0.391229       0.153061
          69200      0.0162446      -0.180248      0.0324893
          69300     0.00702277      -0.118514      0.0140455
          69400       0.163228      -0.571364       0.326457
          69500      0.0125562       0.158469      0.0251125
          69600      0.0189737      -0.194801      0.0379473
          69700       0.172371       0.587147       0.344741
          69800      0.0254445       0.225586       0.050889
          69900       0.361029       -0.84974       0.722059
          70000       0.127824      -0.505617       0.255648
          70100       0.252839       0.711111       0.505679
          70200      0.0840721      -0.410054       0.168144
          70300       0.276316      -0.743393       0.552633
          70400      0.0116854      -0.152875      0.0233708
          70500      0.0186448       0.193105      0.0372896
          70600      0.0323726       0.254451      0.0647451
          70700      0.0269975      -0.232368      0.0539951
          70800       0.095681       0.437449       0.191362
          70900    1.01897e-05     0.00451436    2.03795e-05
          71000      0.0833582       0.408309       0.166716
          71100     0.00591241       0.108742      0.0118248
          71200     0.00964717       0.138904      0.0192943
          71300       0.104775      -0.457765       0.209549
          71400       0.119533      -0.488944       0.239066
          71500       0.330372      -0.812861       0.660743
          71600      0.0350163      -0.264637      0.0700327
          71700       0.434825      -0.932551       0.869651
          71800        0.15272       0.552667       0.305441
          71900    0.000769539      0.0392311     0.00153908
          72000      0.0777941      -0.394447       0.155588
          72100      0.0588609       0.343106       0.117722
          72200       0.377614       0.869039       0.755229
          72300       0.138901      -0.527069       0.277801
          72400      0.0427678      -0.292465      0.0855355
          72500      0.0820845       0.405178       0.164169
          72600         0.2317      -0.680735       0.463399
          72700      0.0743671       0.385661       0.148734
          72800       0.515508       -1.01539        1.03102
          72900     0.00792573      -0.125903      0.0158515
          73000      0.0340789        0.26107      0.0681577
          73100       0.041797      -0.289126      0.0835941
          73200       0.266754       0.730417       0.533508
          73300      0.0663405       0.364254       0.132681
          73400      0.0331628      -0.257538      0.0663256
          73500     0.00281674     -0.0750566     0.00563349
          73600       0.123073      -0.496131       0.246146
          73700      0.0241188       -0.21963      0.0482375
          73800      0.0114353       -0.15123      0.0228705
          73900      0.0211149      -0.205499      0.0422297
          74000      0.0986393       0.444161       0.197279
          74100      0.0509467      -0.319207       0.101893
          74200       0.282871      -0.752159       0.565743
          74300       0.167276       0.578404       0.334551
          74400      0.0635699       0.356567        0.12714
          74500      0.0367754       0.271203      0.0735508
          74600     0.00382597     -0.0874754     0.00765194
          74700        0.43292       0.930505        0.86584
          74800        0.16198      -0.569174        0.32396
          74900      0.0979704       0.442652       0.195941
          75000      0.0425514       0.291724      0.0851028
          75100       0.263121      -0.725426       0.526243
          75200      0.0674137       0.367188       0.134827
          75300      0.0800669      -0.400167       0.160134
          75400       0.278258         -0.746       0.556517
          75500       0.372423      -0.863044       0.744845
          75600      0.0869011      -0.416896       0.173802
          75700     0.00392012     -0.0885451     0.00784023
          75800    1.95853e-05    -0.00625864    3.91706e-05
          75900      0.0476615       0.308744       0.095323
          76000      0.0966579      -0.439677       0.193316
          76100       0.296467      -0.770022       0.592934
          76200       0.537145        1.03648        1.07429
          76300       0.170003       0.583101       0.340007
          76400       0.349673      -0.836269       0.699346
          76500       0.152285       0.551879        0.30457
          76600       0.145639       0.539702       0.291279
          76700      0.0362367       0.269209      0.0724734
          76800     0.00183402      0.0605643     0.00366803
          76900      0.0424255       0.291292      0.0848511
          77000     0.00138356     -0.0526035     0.00276713
          77100       0.291802       0.763939       0.583603
          77200      0.0135606       0.164685      0.0271212
          77300      0.0187953       0.193883      0.0375906
          77400        0.19218       0.619968        0.38436
          77500       0.044621      -0.298734      0.0892419
          77600    0.000224874     -0.0212072    0.000449747
          77700       0.172727      -0.587754       0.345454
          77800        0.03406      -0.260998      0.0681199
          77900       0.146376      -0.541066       0.292752
          78000       0.237026       0.688515       0.474052
          78100      0.0354232        0.26617      0.0708464
          78200      0.0114339      -0.151221      0.0228678
          78300      0.0444147       0.298043      0.0888295
          78400       0.143091       0.534959       0.286181
          78500       0.125903       0.501803       0.251806
          78600     0.00365108      0.0854527     0.00730216
          78700      0.0384931      -0.277464      0.0769863
          78800      0.0128931      -0.160581      0.0257862
          78900       0.259442       0.720335       0.518883
          79000      0.0512904      -0.320282       0.102581
          79100    0.000340288     -0.0260878    0.000680575
          79200      0.0078881       0.125603      0.0157762
          79300       0.128207      -0.506373       0.256414
          79400    0.000833907      0.0408389     0.00166781
          79500      0.0728449       0.381693        0.14569
          79600      0.0308219      -0.248282      0.0616437
          79700     0.00160689     -0.0566902     0.00321378
          79800      0.0142243      -0.168667      0.0284487
          79900       0.162725      -0.570483       0.325451
          80000       0.656097       -1.14551        1.31219
          80100       0.024795      -0.222688      0.0495901
          80200       0.544616        1.04366        1.08923
          80300       0.423364      -0.920178       0.846727
          80400       0.366779       -0.85648       0.733557
          80500      0.0133126       0.163172      0.0266252
          80600      0.0569083      -0.337367       0.113817
          80700      0.0122945      -0.156809       0.024589
          80800       0.212583       0.652048       0.425167
          80900       0.143455        0.53564        0.28691
          81000      0.0376912      -0.274559      0.0753824
          81100      0.0132951      -0.163065      0.0265903
          81200       0.219606       0.662731       0.439212
          81300       0.145295       0.539064        0.29059
          81400     0.00431421     -0.0928892     0.00862841
          81500       0.187285       0.612021        0.37457
          81600      0.0283244        0.23801      0.0566487
          81700    0.000361833     -0.0269011    0.000723667
          81800      0.0344282       0.262405      0.0688564
          81900     0.00205248       -0.06407     0.00410497
          82000      0.0211367       0.205605      0.0422735
          82100      0.0455502      -0.301828      0.0911003
          82200       0.043023       0.293336      0.0860459
          82300       0.345618      -0.831406       0.691237
          82400      0.0417498      -0.288963      0.0834996
          82500       0.105633      -0.459636       0.211266
          82600       0.346611         0.8326       0.693222
          82700      0.0152207       0.174475      0.0304415
          82800      0.0662582      -0.364028       0.132516
          82900        1.25336       -1.58327        2.50673
          83000     0.00291654      0.0763747     0.00583309
          83100     0.00736954      -0.121405      0.0147391
          83200     0.00190134      0.0616658     0.00380267
          83300       0.182692      -0.604471       0.365385
          83400       0.207966      -0.644929       0.415933
          83500       0.175418      -0.592315       0.350837
          83600      0.0912155      -0.427119       0.182431
          83700    0.000118523      0.0153963    0.000237047
          83800       0.741097        1.21745        1.48219
          83900       0.241916       0.695581       0.483833
          84000    0.000237936     -0.0218145    0.000475873
          84100      0.0232944       0.215845      0.0465889
          84200     0.00771594       0.124225      0.0154319
          84300      0.0102369      -0.143087      0.0204738
          84400      0.0356688      -0.267091      0.0713376
          84500     0.00718319        0.11986      0.0143664
          84600       0.139621       0.528434       0.279243
          84700      0.0014553       -0.05395      0.0029106
          84800       0.117424      -0.484612       0.234849
          84900      0.0105599       0.145327      0.0211198
          85000      0.0277511       0.235589      0.0555021
          85100      0.0636151       0.356694        0.12723
          85200      0.0775448      -0.393814        0.15509
          85300        0.44238       0.940617       0.884761
          85400        0.34685      -0.832886         0.6937
          85500         0.1155      -0.480625       0.231001
          85600       0.061065       0.349471        0.12213
          85700      0.0506617       0.318313       0.101323
          85800         0.3198       -0.79975         0.6396
          85900     0.00289045     -0.0760322      0.0057809
          86000     0.00250981      0.0708492     0.00501961
          86100      0.0479873       0.309798      0.0959746
          86200       0.276263       0.743321       0.552526
          86300       0.295165      -0.768329        0.59033
          86400      0.0752226       0.387873       0.150445
          86500       0.634591       -1.12658        1.26918
          86600      0.0103963       0.144196      0.0207926
          86700      0.0664359      -0.364516       0.132872
          86800       0.138159       0.525659       0.276318
          86900      0.0186527       0.193146      0.0373054
          87000       0.138949        0.52716       0.277897
          87100      0.0847066       0.411598       0.169413
          87200      0.0152865       0.174851      0.0305729
          87300      0.0191966       0.195942      0.0383933
          87400      0.0118432       0.153904      0.0236864
          87500      0.0649021      -0.360283       0.129804
          87600     0.00233197       0.068293     0.00466394
          87700       0.258438       -0.71894       0.516875
          87800      0.0356399       0.266983      0.0712799
          87900      0.0181981      -0.190778      0.0363962
          88000      0.0700573      -0.374319       0.140115
          88100       0.172677      -0.587668       0.345354
          88200     0.00101281     -0.0450069     0.00202562
          88300      0.0011475      0.0479062       0.002295
          88400      0.0141339        0.16813      0.0282677
          88500      0.0374906       0.273827      0.0749812
          88600      0.0315777       0.251307      0.0631554
          88700       0.394947       -0.88876       0.789894
          88800        0.21702       0.658817        0.43404
          88900       0.166904       0.577761       0.333807
          89000       0.118751       0.487342       0.237502
          89100      0.0715389      -0.378256       0.143078
          89200      0.0439094       0.296342      0.0878188
          89300      0.0536091       0.327442       0.107218
          89400      0.0280524       0.236865      0.0561048
          89500     0.00211983      0.0651126     0.00423965
          89600      0.0308195      -0.248272       0.061639
          89700      0.0479271       0.309603      0.0958541
          89800       0.151803       0.551005       0.303606
          89900       0.111803       0.472871       0.223607
          90000     0.00382707     -0.0874879     0.00765413
          90100       0.652006        1.14193        1.30401
          90200      0.0948592       0.435567       0.189718
          90300      0.0374826       0.273798      0.0749652
          90400       0.198789      -0.630537       0.397577
          90500       0.431002      -0.928442       0.862005
          90600    0.000455133      0.0301706    0.000910267
          90700       0.289936      -0.761493       0.579872
          90800       0.151801       0.551002       0.303603
          90900       0.428513      -0.925756       0.857025
          91000       0.415529      -0.911624       0.831057
          91100       0.289021      -0.760291       0.578043
          91200       0.139657       0.528502       0.279314
          91300     0.00945237      -0.137495      0.0189047
          91400     0.00381073      0.0873009     0.00762145
          91500      0.0533427       0.326627       0.106685
          91600     0.00954253       0.138149      0.0190851
          91700      0.0638166       0.357258       0.127633
          91800       0.014918       0.172731       0.029836
          91900      0.0210619      -0.205241      0.0421238
          92000      0.0717413      -0.378791       0.143483
          92100     0.00103151     -0.0454204     0.00206301
          92200     0.00198245      0.0629675     0.00396491
          92300      0.0113323       0.150548      0.0226646
          92400      0.0633191      -0.355863       0.126638
          92500     0.00112389     -0.0474107     0.00224777
          92600     0.00244727      -0.069961     0.00489454
          92700    0.000131549     -0.0162203    0.000263098
          92800       0.659867         1.1488        1.31973
          92900      0.0279156      -0.236286      0.0558313
          93000       0.217358      -0.659329       0.434715
          93100      0.0576614      -0.339592       0.115323
          93200       0.138176       0.525691       0.276351
          93300       0.159049       0.564001       0.318097
          93400     0.00420442      0.0916997     0.00840883
          93500      0.0457358      -0.302443      0.0914715
          93600      0.0813252       0.403299        0.16265
          93700     0.00497747     -0.0997744     0.00995494
          93800      0.0105861       0.145507      0.0211722
          93900     0.00327594      0.0809436     0.00655187
          94000      0.0112291        0.14986      0.0224582
          94100      0.0533284      -0.326584       0.106657
          94200     0.00288871      0.0760094     0.00577743
          94300     0.00548743       0.104761      0.0109749
          94400      0.0723052      -0.380277        0.14461
          94500      0.0336206       0.259309      0.0672413
          94600     0.00839903      -0.129607      0.0167981
          94700    3.76896e-05     0.00868212    7.53793e-05
          94800     0.00329915     -0.0812299      0.0065983
          94900    0.000787936      0.0396973     0.00157587
          95000     0.00254023      0.0712773     0.00508046
          95100      0.0820844      -0.405177       0.164169
          95200       0.105533      -0.459419       0.211066
          95300    0.000143659     -0.0169505    0.000287319
          95400    0.000549975     -0.0331655     0.00109995
          95500       0.301552      -0.776597       0.603104
          95600       0.154111      -0.555178       0.308222
          95700      0.0173717       0.186396      0.0347434
          95800      0.0437971       0.295963      0.0875941
          95900       0.102394       0.452536       0.204789
          96000     0.00304621       0.078054     0.00609242
          96100      0.0506929      -0.318411       0.101386
          96200      0.0323509      -0.254365      0.0647018
          96300       0.191045       0.618134        0.38209
          96400      0.0936137      -0.432698       0.187227
          96500       0.313423       0.791736       0.626846
          96600       0.201555       0.634909        0.40311
          96700     0.00552542      -0.105123      0.0110508
          96800     0.00181403      0.0602334     0.00362806
          96900    3.80292e-05    -0.00872115    7.60584e-05
          97000       0.105321      -0.458957       0.210642
          97100      0.0218395       0.208995       0.043679
          97200      0.0549169      -0.331412       0.109834
          97300      0.0542028        0.32925       0.108406
          97400        0.31311      -0.791341        0.62622
          97500       0.162122      -0.569424       0.324244
          97600      0.0454654      -0.301547      0.0909308
          97700       0.352732      -0.839919       0.705463
          97800     0.00757875       0.123116      0.0151575
          97900     0.00277209      0.0744593     0.00554419
          98000       0.191074      -0.618181       0.382147
          98100       0.186068       -0.61003       0.372137
          98200    3.06335e-05    -0.00782733    6.12671e-05
          98300       0.109424       0.467811       0.218848
          98400      0.0556874      -0.333729       0.111375
          98500       0.130378       0.510643       0.260757
          98600       0.131857        0.51353       0.263713
          98700      0.0775962       0.393945       0.155192
          98800     0.00156108      0.0558763     0.00312217
          98900       0.030724       0.247887       0.061448
          99000       0.305482       0.781642       0.610964
          99100       0.010777       0.146813      0.0215541
          99200      0.0181808      -0.190687      0.0363616
          99300       0.109964       0.468966       0.219929
          99400       0.123552       0.497095       0.247104
          99500       0.400871       0.895401       0.801743
          99600    0.000541539     -0.0329102     0.00108308
          99700      0.0297614      -0.243973      0.0595229
          99800       0.478998      -0.978773       0.957996
          99900       0.091829       0.428553       0.183658
         100000      0.0270199      -0.232465      0.0540397
