              0       0.999126     -0.0209045       0.000437
            100       0.943896       0.168691      0.0284568
            200       0.967191       0.128612      0.0165412
            300       0.721338       -0.38818       0.150684
            400       0.621976      -0.459723       0.211345
            500      0.0471149      -0.884839        0.78294
            600      0.0133601      -0.940433       0.884414
            700       0.162163      -0.772856       0.597306
            800       0.127841      -0.801531       0.642451
            900     0.00219862      -0.976274       0.953111
           1000       0.174376      -0.763162       0.582416
           1100       0.282964      -0.684146       0.468056
           1200       0.146412       -1.17586        1.38264
           1300       0.242618        -1.2217        1.49256
           1400        1.47352       -1.48791        2.21389
           1500        2.06531       -1.56113        2.43712
           1600        2.64107       -1.62023        2.62514
           1700        4.00923       -1.73272        3.00231
           1800        6.57703       -1.88801        3.56457
           1900        2.90469       -1.64448        2.70431
           2000        1.52747        -1.4953        2.23591
           2100       0.811776       -1.37876        1.90099
           2200        6.61214       -1.88982        3.57141
           2300       0.819334       -1.38028        1.90517
           2400       0.130776       -1.16689        1.36163
           2500       0.381131       -1.27175        1.61736
           2600       0.292562       -1.24133        1.54089
           2700        1.58441       -1.50291        2.25873
           2800       0.443871       -1.29083        1.66624
           2900       0.041817       -1.09749        1.20449
           3000       0.531079       -1.31482        1.72875
           3100       0.681082       -1.35103        1.82528
           3200       0.655825        -1.3453        1.80983
           3300      0.0634626       -1.11889        1.25192
           3400       0.127032      -0.802237       0.643584
           3500    0.000423843       -1.01024        1.02059
           3600      0.0169474       -0.93264       0.869818
           3700      0.0151913       -1.05984        1.12325
           3800       0.609754      -0.468116       0.219132
           3900      0.0949637       -1.14375        1.30816
           4000       0.826543       -1.38172        1.90914
           4100       0.137992        -1.1711        1.37147
           4200       0.328695       -1.25432        1.57332
           4300       0.178954       -1.19291        1.42303
           4400       0.381019       -1.27172        1.61727
           4500       0.280716       -1.23686        1.52983
           4600      0.0877716       -1.13854        1.29626
           4700      0.0932126        -1.1425        1.30531
           4800        2.33657       -1.59015        2.52859
           4900        5.47785        -1.8277        3.34048
           5000        4.82952       -1.78819        3.19762
           5100        4.29005        -1.7525        3.07124
           5200        1.12699       -1.43583         2.0616
           5300         1.3072       -1.46401        2.14333
           5400       0.364088       -1.26625         1.6034
           5500       0.101649        -1.1484        1.31882
           5600      0.0345201      -0.902333       0.814204
           5700     0.00312583      -0.971643       0.944091
           5800    1.27263e-05      -0.998215       0.996433
           5900        0.19464      -0.747542        0.55882
           6000       0.181112       -0.75791       0.574427
           6100      0.0318813       -1.08561        1.17855
           6200       0.375852       -1.27007        1.61307
           6300      0.0869198        -1.1379        1.29482
           6400      0.0682814       -1.12308        1.26131
           6500       0.615083      -0.464465       0.215727
           6600       0.777764      -0.343643       0.118091
           6700        0.99998    -0.00317056    1.00525e-05
           6800       0.999187      0.0201648     0.00040662
           6900       0.781331       0.340692       0.116071
           7000       0.999996     0.00137064    1.87865e-06
           7100       0.970854       0.121164      0.0146807
           7200       0.751366       0.364947       0.133187
           7300       0.853523        0.27593      0.0761372
           7400       0.895868       0.231294      0.0534969
           7500       0.995413     -0.0479193     0.00229626
           7600       0.982005     -0.0950703     0.00903837
           7700       0.949075       0.160609      0.0257953
           7800       0.760673       0.357539       0.127834
           7900       0.989555     -0.0723632     0.00523644
           8000       0.825382       0.302481      0.0914945
           8100       0.934277       0.182811      0.0334198
           8200        0.94304      -0.169993      0.0288975
           8300       0.991033     -0.0670356     0.00449377
           8400       0.974747       0.112727      0.0127074
           8500        0.89341       0.234086      0.0547965
           8600      0.0915024       0.835168       0.697506
           8700     0.00125576       0.982122       0.964563
           8800     0.00701493       0.957207       0.916245
           8900     0.00488365        1.03435        1.06988
           9000       0.495466        1.30533        1.70389
           9100       0.805535         1.3775        1.89752
           9200       0.369554        1.26803        1.60791
           9300       0.783024        1.37291        1.88489
           9400      0.0501995        1.10637        1.22405
           9500        1.44104        1.48339        2.20043
           9600       0.312711        1.24868        1.55921
           9700        1.30554        1.46376         2.1426
           9800        0.48786        1.30325        1.69847
           9900        1.12598        1.43566        2.06112
          10000        1.22677        1.45176         2.1076
          10100       0.324424       0.656063       0.430418
          10200       0.654555       0.436983       0.190954
          10300        0.74635       0.368896       0.136084
          10400       0.832044       0.296371      0.0878357
          10500        0.87396       0.255229      0.0651418
          10600       0.909543      -0.215175      0.0463004
          10700       0.658723      -0.434031       0.188383
          10800       0.831045      -0.297293      0.0883831
          10900      0.0329124      -0.904755       0.818582
          11000        0.80801      -0.317972       0.101106
          11100       0.552967      -0.506342       0.256382
          11200       0.468492      -0.561725       0.315535
          11300       0.955049       0.150778       0.022734
          11400       0.783942       0.338519       0.114595
          11500       0.904919       0.220743      0.0487276
          11600       0.883098       0.245493      0.0602668
          11700       0.961671       0.139111      0.0193519
          11800       0.966092       0.130767         0.0171
          11900       0.683943      -0.415923       0.172992
          12000       0.785016       0.337622       0.113989
          12100       0.689656       0.411758       0.169545
          12200       0.896472       0.230604      0.0531782
          12300       0.998057       0.031178    0.000972069
          12400       0.804234      -0.321262       0.103209
          12500      0.0100126       -0.94865       0.899937
          12600       0.144056       -1.17454        1.37955
          12700        1.71242       -1.51941         2.3086
          12800        3.25732       -1.67475         2.8048
          12900          3.882       -1.72345        2.97028
          13000        5.03814       -1.80127        3.24458
          13100         1.9922       -1.55289        2.41145
          13200        2.16555       -1.57213        2.47158
          13300        4.45598       -1.76378        3.11092
          13400        3.64218       -1.70542        2.90845
          13500        4.38782       -1.75918        3.09471
          13600        9.18823       -2.00779        4.03121
          13700        7.84843       -1.94974        3.80151
          13800       0.586245       -1.32878        1.76567
          13900       0.425767        -1.2855        1.65251
          14000        4.11808       -1.74049        3.02931
          14100        3.80599       -1.71782        2.95089
          14200        6.93661       -1.90624        3.63374
          14300         4.7454       -1.78281        3.17839
          14400        6.11246       -1.86342        3.47234
          14500        21.9168        -2.3836        5.68154
          14600        23.7903       -2.42436        5.87753
          14700        34.6388       -2.62402        6.88547
          14800        18.8225       -2.31052         5.3385
          14900        13.9866       -2.17712        4.73987
          15000        12.8643       -2.14165        4.58668
          15100        19.5089       -2.32742        5.41689
          15200        26.3205       -2.47596        6.13035
          15300        22.8192       -2.40353        5.77694
          15400        17.2856       -2.27103        5.15759
          15500        16.8597       -2.25966        5.10606
          15600        4.38931       -1.75928        3.09507
          15700        1.48097       -1.48894        2.21695
          15800       0.404455       -1.27905        1.63597
          15900      0.0591925      -0.869888       0.756705
          16000       0.142327      -0.789137       0.622737
          16100        0.24203      -0.712766       0.508035
          16200       0.254263      -0.704099       0.495755
          16300        0.74975      -0.366223       0.134119
          16400       0.612415      -0.466294        0.21743
          16500       0.675681      -0.421903       0.178002
          16600       0.999681     -0.0126211    0.000159291
          16700       0.994511      0.0524257     0.00274845
          16800       0.871142      -0.258167      0.0666502
          16900       0.567596      -0.496599        0.24661
          17000       0.996075     -0.0443228     0.00196451
          17100       0.913457      -0.210358      0.0442506
          17200       0.872976       0.256258      0.0656682
          17300       0.972758       0.117111      0.0137149
          17400       0.930047       0.188708      0.0356108
          17500       0.984528      0.0881252     0.00776605
          17600       0.840153       0.288793      0.0834014
          17700       0.844991       0.284194       0.080766
          17800       0.857842       0.271666      0.0738022
          17900       0.631414       0.453193       0.205384
          18000       0.960923       0.140474       0.019733
          18100       0.958826      -0.144234      0.0208035
          18200       0.739217      -0.374463       0.140223
          18300       0.758499      -0.359279       0.129081
          18400       0.999963    -0.00430343    1.85195e-05
          18500       0.735004      -0.377725       0.142676
          18600       0.990155     -0.0702479     0.00493477
          18700        0.99983     -0.0092153    8.49217e-05
          18800       0.989237      0.0734593     0.00539627
          18900       0.515861       0.530816       0.281765
          19000       0.982397      0.0940239     0.00884049
          19100       0.505547       -0.53757       0.288981
          19200       0.973545      -0.115395      0.0133161
          19300       0.823903      -0.303824      0.0923091
          19400       0.603812      -0.472172       0.222947
          19500       0.914977       -0.20846      0.0434557
          19600       0.659988      -0.433132       0.187603
          19700       0.329494      -0.652675       0.425985
          19800       0.775174      -0.345775        0.11956
          19900       0.776693      -0.344526       0.118698
          20000       0.689952      -0.411542       0.169367
          20100       0.899026       0.227663      0.0518303
          20200       0.949979       0.159159      0.0253316
          20300       0.873786       0.255411       0.065235
          20400       0.561058       0.500961       0.250962
          20500       0.162966       0.772211        0.59631
          20600        1.02008        1.41774        2.00999
          20700        1.94895        1.54792        2.39605
          20800       0.730552        1.36188        1.85472
          20900      0.0744564        1.12821        1.27287
          21000        1.56932        1.50091        2.25272
          21100        2.01376        1.55534        2.41907
          21200        5.03464        1.80106         3.2438
          21300        13.1503        2.15089        4.62633
          21400        5.88549        1.85095          3.426
          21500        1.55364        1.49882        2.24645
          21600        1.76817        1.52634        2.32972
          21700        2.25583        1.58175        2.50194
          21800        0.64446        1.34268        1.80278
          21900       0.428434        1.28629        1.65455
          22000      0.0424357        1.09818          1.206
          22100     0.00764099        1.04279        1.08741
          22200       0.337534        0.64732       0.419024
          22300       0.896996       0.230002      0.0529011
          22400       0.996582     -0.0413603     0.00171067
          22500       0.740756      -0.373267       0.139328
          22600       0.597612      -0.476389       0.226946
          22700      0.0252763      -0.917069       0.841015
          22800       0.186455      -0.753788       0.568196
          22900       0.553174      -0.506205       0.256243
          23000       0.425082      -0.589929       0.348017
          23100       0.182768      -0.756628       0.572486
          23200       0.232328      -0.719719       0.517996
          23300       0.424849      -0.590081       0.348195
          23400       0.329584      -0.652614       0.425906
          23500      0.0137611      -0.939517       0.882692
          23600       0.276478      -0.688613       0.474188
          23700      0.0259265       -0.91596       0.838983
          23800      0.0562981       -1.11233        1.23727
          23900       0.492994       -0.54577       0.297865
          24000       0.466904      -0.562757       0.316696
          24100       0.328962       -0.65303       0.426448
          24200       0.478235      -0.555387       0.308454
          24300     0.00249358       -1.02466        1.04994
          24400     0.00432473       -0.96656       0.934237
          24500       0.288679       -1.23987        1.53729
          24600      0.0114724      -0.944929       0.892891
          24700       0.515965       -1.31084        1.71831
          24800     0.00242288      -0.975078       0.950777
          24900       0.683315       -1.35153        1.82663
          25000       0.403232       -1.27867        1.63501
          25100        1.65283       -1.51183        2.28562
          25200        3.81121       -1.71821        2.95223
          25300        1.65453       -1.51205        2.28629
          25400      0.0570484       -1.11304        1.23885
          25500       0.136038       -0.79446       0.631167
          25600       0.192625      -0.749072       0.561109
          25700     0.00106688      -0.983533       0.967337
          25800      0.0293699        -1.0823        1.17138
          25900      0.0532435       -1.10939        1.23075
          26000       0.534543       -1.31572        1.73112
          26100      0.0048729      -0.964466       0.930194
          26200       0.383561      -0.616991       0.380677
          26300      0.0214931      -0.923794       0.853395
          26400       0.317904      -0.660432        0.43617
          26500       0.337228      -0.647523       0.419287
          26600       0.963652      -0.135434      0.0183422
          26700       0.811628      -0.314796      0.0990963
          26800       0.954841       -0.15113      0.0228403
          26900         0.7781      -0.343366         0.1179
          27000       0.628024      -0.455544       0.207521
          27100       0.880297      -0.248513      0.0617587
          27200       0.835097      -0.293537      0.0861637
          27300       0.996811      0.0399445     0.00159556
          27400       0.911272       0.213059      0.0453941
          27500       0.691377       0.410499       0.168509
          27600       0.665912       0.428912       0.183965
          27700       0.830574       0.297727      0.0886416
          27800       0.589085       0.482163       0.232481
          27900       0.374231       0.623102       0.388256
          28000       0.254381       0.704016       0.495639
          28100       0.739325       0.374379        0.14016
          28200       0.154706       0.778893       0.606674
          28300      0.0128564        1.05517        1.11339
          28400      0.0135918       0.939902       0.883416
          28500       0.132507        1.16791        1.36402
          28600       0.233562        0.71883       0.516717
          28700        0.41834       0.594313       0.353208
          28800       0.771885       0.348468        0.12143
          28900       0.791824       0.331896       0.110155
          29000       0.987253     -0.0799635     0.00639416
          29100       0.785865      -0.336912        0.11351
          29200       0.995835      0.0456557     0.00208444
          29300       0.951709       0.156347      0.0244444
          29400       0.615311       0.464308       0.215582
          29500     0.00985481        1.04846        1.09927
          29600    3.47747e-06        1.00093        1.00186
          29700        1.20998        1.44914        2.09999
          29800       0.434848        1.28819        1.65943
          29900        1.76442        1.52588        2.32832
          30000       0.139359        1.17188        1.37331
          30100        2.05476        1.55995        2.43344
          30200       0.955212        1.40618        1.97735
          30300       0.760334         1.3682        1.87197
          30400       0.293579         1.2417        1.54183
          30500       0.416371        1.28268        1.64527
          30600        1.57282        1.50137        2.25412
          30700        6.58052        1.88819        3.56525
          30800        5.29896        1.81713        3.30195
          30900        2.67481        1.62342        2.63549
          31000        3.95488        1.72878        2.98869
          31100        2.17643         1.5733        2.47527
          31200       0.807012         1.3778        1.89834
          31300       0.171744       0.765232        0.58558
          31400       0.778545       0.342998       0.117648
          31500       0.704271       0.400988       0.160792
          31600       0.338524       0.646662       0.418172
          31700      0.0754849        1.12905        1.27475
          31800      0.0818689        1.13408        1.28613
          31900       0.116714        1.15829        1.34163
          32000       0.354613        1.26313        1.59549
          32100      0.0667875       0.861143       0.741567
          32200       0.334633        0.64925       0.421525
          32300       0.868583        0.26081      0.0680218
          32400       0.399632       0.606495       0.367836
          32500      0.0581186       0.871161       0.758922
          32600       0.423464       0.590982       0.349259
          32700       0.106264       0.820986       0.674018
          32800       0.465926       0.563394       0.317412
          32900       0.667368       0.427871       0.183074
          33000       0.527845       0.522944        0.27347
          33100       0.626471       0.456619       0.208501
          33200       0.859194       0.270319      0.0730726
          33300       0.710977       0.395987       0.156806
          33400       0.557325       0.503446       0.253458
          33500       0.864965      -0.264509      0.0699649
          33600       0.990189     -0.0701268     0.00491777
          33700       0.952538      -0.154982      0.0240194
          33800       0.439174      -0.580773       0.337298
          33900       0.764738      -0.354269       0.125507
          34000        0.49155      -0.546712       0.298894
          34100      0.0999024      -0.826999       0.683927
          34200    0.000333503      -0.990827       0.981738
          34300       0.198943      -0.744292        0.55397
          34400       0.194499      -0.747649       0.558979
          34500    0.000362482      -0.990435       0.980961
          34600       0.262963       -1.22996         1.5128
          34700       0.242903       -1.22182        1.49285
          34800       0.606919       -1.33381        1.77905
          34900        1.62707        -1.5085        2.27557
          35000        3.09689       -1.66126         2.7598
          35100         3.6152       -1.70334        2.90137
          35200        6.60578       -1.88949        3.57017
          35300        4.80374       -1.78654        3.19174
          35400        12.1885       -2.11925         4.4912
          35500        10.3857       -2.05492        4.22268
          35600        4.11537        -1.7403        3.02864
          35700        4.44446       -1.76301        3.10819
          35800       0.287034       -1.23926        1.53576
          35900     0.00440033      -0.966263       0.933665
          36000       0.292893       -1.24145         1.5412
          36100       0.207219      -0.738097       0.544787
          36200        0.98346     -0.0911277     0.00830425
          36300       0.920723      -0.201138      0.0404567
          36400       0.999876    -0.00787751    6.20551e-05
          36500        0.99967      0.0128477    0.000165063
          36600       0.678349       0.419977       0.176381
          36700       0.504381       0.538333       0.289802
          36800       0.014981       0.936805       0.877603
          36900      0.0353731        1.08999        1.18808
          37000    6.44451e-05       0.995978       0.991972
          37100        1.60504        1.50562         2.2669
          37200       0.778826        1.37205        1.88251
          37300     0.00652553       0.958759       0.919219
          37400       0.317267        0.66086       0.436736
          37500      0.0073118        1.04188        1.08551
          37600       0.461883       0.566021        0.32038
          37700        0.54927       0.508795       0.258873
          37800       0.240175       0.714089       0.509923
          37900         0.4752       0.557362       0.310652
          38000       0.599955       0.474797       0.225432
          38100       0.884598       0.243864      0.0594694
          38200       0.761915       0.356543       0.127123
          38300       0.894837       0.232469      0.0540416
          38400       0.670133       0.425892       0.181384
          38500       0.940191       0.174256      0.0303653
          38600       0.644491        0.44407       0.197198
          38700       0.872396       0.256863      0.0659788
          38800       0.524579       0.525092       0.275722
          38900       0.190452       0.750727       0.563592
          39000      0.0865142         1.1376        1.29413
          39100        2.44557         1.6012        2.56383
          39200         1.9355        1.54636        2.39122
          39300       0.181598        1.19421        1.42614
          39400       0.956698        1.40645        1.97811
          39500        4.08099        1.73786        3.02015
          39600        9.55818        2.02278        4.09163
          39700        2.43446        1.60009        2.56028
          39800       0.055444        1.11151        1.23547
          39900     0.00360824       0.969501       0.939931
          40000       0.393586       0.610439       0.372636
          40100       0.768653       0.351101       0.123272
          40200       0.672494       0.424197       0.179943
          40300       0.698606       0.405183       0.164173
          40400       0.999097      0.0212453    0.000451361
          40500       0.998269      0.0294251    0.000865834
          40600       0.997343     -0.0364626     0.00132952
          40700       0.992007      0.0632822     0.00400464
          40800        0.99187      0.0638225     0.00407331
          40900       0.369156      -0.626433       0.392418
          41000       0.183867       -0.75578       0.571203
          41100     0.00119167      -0.982588       0.965479
          41200      0.0722338      -0.855124       0.731237
          41300      0.0793554       -1.13212         1.2817
          41400       0.027142       -1.07924        1.16475
          41500      0.0135935      -0.939898       0.883409
          41600       0.530681      -0.521077       0.271521
          41700       0.572617       -0.49324       0.243286
          41800       0.693113      -0.409226       0.167466
          41900       0.771311      -0.348937       0.121757
          42000       0.644693      -0.443928       0.197072
          42100       0.167298      -0.768752        0.59098
          42200        0.14768      -0.784671       0.615709
          42300      0.0541673      -0.875934       0.767261
          42400       0.119393      -0.808991       0.654466
          42500      0.0722509      -0.855105       0.731205
          42600     0.00605669       -1.03818        1.07782
          42700       0.433789      -0.584272       0.341373
          42800       0.267129      -0.695094       0.483155
          42900     0.00200082      -0.977379       0.955269
          43000        1.45147       -1.48485        2.20477
          43100       0.585268       -1.32854        1.76503
          43200       0.746549        -1.3653        1.86403
          43300       0.515263       -1.31066        1.71782
          43400        0.82798         -1.382        1.90993
          43500       0.100099       -1.14734        1.31638
          43600        1.34931       -1.47024         2.1616
          43700        3.43002        -1.6888        2.85203
          43800        8.55543       -1.98115        3.92497
          43900        6.74128       -1.89642         3.5964
          44000        10.7383       -2.06807        4.27693
          44100        5.60856       -1.83528        3.36824
          44200        2.80177       -1.63519        2.67385
          44300      0.0161383      -0.934325       0.872963
          44400       0.695496      -0.407475       0.166036
          44500       0.466785      -0.562835       0.316784
          44600        0.03165      -0.906695       0.822095
          44700       0.751903      -0.364523       0.132877
          44800       0.386815      -0.614862       0.378055
          44900        0.39491      -0.609575       0.371582
          45000      0.0625609      -0.865955       0.749878
          45100    0.000757425       -1.01367        1.02752
          45200     0.00316936      -0.971444       0.943703
          45300        0.10043       -1.14757        1.31691
          45400     0.00651271      -0.958801       0.919299
          45500        4.23791       -1.74889        3.05862
          45600        1.36063       -1.47189        2.16646
          45700        2.15114       -1.57057        2.46668
          45800        2.40968        -1.5976        2.55231
          45900        5.33666       -1.81937        3.31012
          46000        9.93634       -2.03769         4.1522
          46100        7.49638       -1.93338        3.73795
          46200        1.39728       -1.47718        2.18206
          46300        2.18453       -1.57417        2.47802
          46400        1.75599       -1.52484        2.32514
          46500       0.392833       -1.27545        1.62676
          46600     0.00313734       -1.02762        1.05601
          46700       0.110562       -1.15434        1.33251
          46800       0.291541      -0.678274       0.460055
          46900     0.00452605      -0.965776       0.932724
          47000      0.0934877      -0.833212       0.694242
          47100        0.26437      -0.697016       0.485831
          47200      0.0482192       -1.10435        1.21959
          47300      0.0484496      -0.883112       0.779887
          47400      0.0190617        -1.0668        1.13806
          47500      0.0169727       -1.06315        1.13028
          47600      0.0866972       -1.13774        1.29444
          47700        2.76814       -1.63211        2.66377
          47800        2.79227       -1.63432        2.67101
          47900        2.19613       -1.57542        2.48193
          48000      0.0884781       -1.13906        1.29745
          48100       0.102473       -1.14896        1.32011
          48200      0.0343025       -1.08867        1.18521
          48300       0.235161       -1.21858        1.48493
          48400        1.11871       -1.43447        2.05769
          48500       0.484681       -1.30238        1.69619
          48600        1.99206       -1.55287         2.4114
          48700        1.11153       -1.43328        2.05429
          48800      0.0751699       -1.12879        1.27417
          48900       0.828552       -1.38212        1.91025
          49000        0.15834       -1.18234        1.39792
          49100       0.430587       -1.28693        1.65619
          49200        1.65931       -1.51266        2.28814
          49300        12.6599       -2.13497        4.55808
          49400        8.09648       -1.96098        3.84543
          49500        1.43943       -1.48316        2.19976
          49600      0.0650795      -0.863072       0.744893
          49700       0.350429      -0.638772       0.408029
          49800        0.84694      -0.282324      0.0797066
          49900       0.572286      -0.493461       0.243504
          50000     0.00201864      -0.977277       0.955071
          50100      0.0665847       -1.12162        1.25804
          50200       0.485709       -1.30266        1.69693
          50300        7.48108       -1.93266        3.73516
          50400        19.0291       -2.31565        5.36223
          50500        10.0859       -2.04348        4.17582
          50600         15.188       -2.21296        4.89718
          50700        3.21013       -1.67083        2.79168
          50800        1.10652       -1.43245        2.05191
          50900         1.7855       -1.52847        2.33623
          51000        4.83124        -1.7883        3.19801
          51100        4.88254       -1.79155        3.20965
          51200        11.9686       -2.11177        4.45957
          51300        20.2033        -2.3441        5.49481
          51400        7.86028       -1.95029        3.80362
          51500        8.83346       -1.99302        3.97211
          51600        18.0521       -2.29102        5.24878
          51700        11.4917       -2.09522        4.38994
          51800        2.52291       -1.60884        2.58837
          51900        1.70015       -1.51786         2.3039
          52000       0.525917       -1.31347         1.7252
          52100    0.000252878       -1.00792         1.0159
          52200       0.494103       -1.30496        1.70292
          52300       0.670044       -1.34854        1.81856
          52400       0.634042       -1.34025        1.79627
          52500        9.56975       -2.02324         4.0935
          52600        5.73075       -1.84225         3.3939
          52700         3.3537       -1.68265        2.83131
          52800       0.746694       -1.36533        1.86411
          52900     1.0857e-06       -1.00052        1.00104
          53000      0.0225871       -1.07252        1.15029
          53100       0.198977       -1.20253        1.44607
          53200     0.00452693      -0.965773       0.932718
          53300        1.26906       -1.45826        2.12653
          53400        2.67405       -1.62335        2.63525
          53500        2.11016       -1.56609        2.45264
          53600        5.17046       -1.80938        3.27386
          53700        3.96371       -1.72942        2.99091
          53800        2.48984       -1.60559        2.57792
          53900        2.08391       -1.56319        2.44358
          54000       0.256171      -0.702756       0.493867
          54100       0.322364      -0.657441       0.432229
          54200       0.968952       0.125085      0.0156462
          54300       0.350602       0.638658       0.407884
          54400       0.626351       0.456702       0.208577
          54500       0.988516     -0.0758837     0.00575834
          54600       0.997175      0.0375955     0.00141342
          54700       0.866021      -0.263434      0.0693974
          54800       0.945355      -0.166452      0.0277063
          54900       0.986499     -0.0822997     0.00677325
          55000       0.793682       -0.33032       0.109111
          55100       0.589691      -0.481754       0.232087
          55200       0.937409      -0.178329      0.0318012
          55300       0.538693      -0.515793       0.266043
          55400       0.561534      -0.500644       0.250644
          55500        0.72684      -0.383993       0.147451
          55600      0.0654362      -0.862667       0.744195
          55700      0.0422166       -1.09794        1.20547
          55800      0.0668181      -0.861109       0.741508
          55900         0.8717      -0.257588      0.0663515
          56000       0.746659      -0.368654       0.135905
          56100       0.998476     -0.0276085    0.000762232
          56200       0.735471       0.377364       0.142404
          56300       0.983351     -0.0914291     0.00835928
          56400       0.726127      -0.384538       0.147869
          56500       0.689085      -0.412175       0.169889
          56600       0.662031      -0.431679       0.186347
          56700       0.903761      -0.222118      0.0493365
          56800       0.999631      0.0135921    0.000184745
          56900       0.916171      -0.206958      0.0428316
          57000       0.792464      -0.331354       0.109796
          57100       0.556171      -0.504213       0.254231
          57200       0.999709      0.0120726    0.000145747
          57300       0.844421       0.284739      0.0810761
          57400       0.472386       0.559193       0.312697
          57500       0.408932       0.600435       0.360522
          57600       0.836584       0.292148      0.0853506
          57700       0.799582       0.325279       0.105807
          57800       0.572782       0.493129       0.243177
          57900       0.875622       0.253482       0.064253
          58000       0.743807       0.370888       0.137558
          58100       0.331245       0.651507       0.424461
          58200      0.0382837        1.09346        1.19566
          58300        1.62634         1.5084        2.27528
          58400       0.240977       0.713517       0.509106
          58500       0.369483       0.626218       0.392149
          58600      0.0106072        1.05023        1.10299
          58700       0.037681        0.89771       0.805884
          58800       0.683405       0.416313       0.173317
          58900       0.237256       0.716178       0.512911
          59000       0.212414       0.734245       0.539116
          59100      0.0426563       0.890767       0.793466
          59200       0.236674       0.716595       0.513508
          59300      0.0871398       0.839527       0.704805
          59400      0.0259162        1.07749        1.16099
          59500       0.740631        1.36404         1.8606
          59600       0.105534       0.821669        0.67514
          59700       0.173637       0.763742       0.583302
          59800        0.50666       0.536842       0.288199
          59900       0.507631       0.536207       0.287518
          60000        0.32508       0.655623       0.429842
          60100       0.101032        1.14798        1.31786
          60200       0.684367        1.35176        1.82726
          60300          6.649        1.89171        3.57857
          60400        3.40876        1.68709        2.84628
          60500        3.14946        1.66573        2.77467
          60600        8.52977        1.98004        3.92058
          60700        15.3931        2.21887         4.9234
          60800        41.7389         2.7314        7.46057
          60900        28.2539        2.51305        6.31544
          61000        13.9369         2.1756        4.73322
          61100        14.7706        2.20074        4.84326
          61200        7.12728        1.91565         3.6697
          61300        6.87964        1.90339        3.62291
          61400         5.8939        1.85141        3.42774
          61500        16.4475        2.24845        5.05555
          61600        25.4586        2.45879        6.04565
          61700        6.95512        1.90716        3.63726
          61800        9.86641        2.03497        4.14108
          61900        4.74058        1.78249        3.17729
          62000       0.771865        1.37061        1.87856
          62100       0.474081        1.29944        1.68854
          62200       0.701796        1.35563        1.83773
          62300       0.360596       0.632063       0.399503
          62400       0.999054      0.0217467    0.000472919
          62500       0.979374       0.101818       0.010367
          62600       0.880243       0.248571      0.0617875
          62700       0.666334      -0.428611       0.183707
          62800       0.445202      -0.576858       0.332766
          62900       0.806369      -0.319405        0.10202
          63000       0.999919    -0.00635344    4.03662e-05
          63100       0.573268      -0.492803       0.242855
          63200       0.945048      -0.166926      0.0278645
          63300       0.960338       0.141533      0.0200316
          63400       0.719588       0.389506       0.151715
          63500       0.800725       0.324295       0.105168
          63600       0.975306       0.111463       0.012424
          63700       0.995012      0.0499705     0.00249705
          63800       0.668909       0.426769       0.182132
          63900       0.750436       0.365681       0.133723
          64000       0.752179       0.364304       0.132717
          64100       0.683802       0.416025       0.173077
          64200       0.931674      -0.186461      0.0347676
          64300       0.305781        -0.6686       0.447025
          64400      0.0249607      -0.917611       0.842011
          64500       0.688955       -1.35279        1.83003
          64600       0.292204      -0.677821       0.459441
          64700     0.00583046      -0.961063       0.923643
          64800     0.00158971      -0.979862       0.960129
          64900       0.182936       -1.19487        1.42771
          65000       0.314069       -1.24917        1.56042
          65100        2.43148       -1.59979        2.55932
          65200        1.83108       -1.53401        2.35317
          65300       0.205575       -1.20557         1.4534
          65400       0.784872       -1.37329        1.88593
          65500      0.0119094       -1.05315        1.10913
          65600        1.00826       -1.41567        2.00412
          65700        8.07956       -1.96022        3.84246
          65800        10.9495       -2.07581          4.309
          65900        1.88685       -1.54066        2.37363
          66000       0.283638       -1.23797        1.53258
          66100      0.0571217        -1.1131          1.239
          66200     0.00551875       -1.03648        1.07429
          66300      0.0166713      -0.933211       0.870883
          66400       0.560762      -0.501158       0.251159
          66500      0.0553155      -0.874533       0.764808
          66600       0.682165      -0.417213       0.174067
          66700       0.903501      -0.222426      0.0494735
          66800       0.999722     -0.0117829    0.000138837
          66900       0.570519       0.494644       0.244673
          67000       0.454142       0.571051         0.3261
          67100       0.739231       0.374452       0.140214
          67200       0.304789       0.669271       0.447923
          67300       0.653245       0.437909       0.191764
          67400       0.108112       0.819265       0.671196
          67500     0.00177049       0.978735       0.957923
          67600        2.52009        1.60856        2.58748
          67700        1.80599        1.53097        2.34387
          67800        1.13909         1.4378        2.06728
          67900        1.41318        1.47945        2.18877
          68000       0.198535        1.20232        1.44557
          68100        1.82655        1.53346         2.3515
          68200        1.85174        1.53648        2.36078
          68300      0.0019887        1.02205        1.04459
          68400    0.000383506        0.99016       0.980417
          68500        1.37731        1.47431        2.17359
          68600       0.325228        1.25311        1.57029
          68700       0.051913        1.10808        1.22784
          68800       0.332751        1.25573        1.57685
          68900         1.8935        1.54144        2.37605
          69000        3.83598        1.72005        2.95857
          69100        5.41563        1.82405        3.32715
          69200        9.19722        2.00816        4.03269
          69300        2.21079        1.57698        2.48687
          69400         3.4766         1.6925        2.86456
          69500        5.59558        1.83453         3.3655
          69600         3.4845        1.69313        2.86668
          69700        1.50761         1.4926        2.22785
          69800        3.97542        1.73027        2.99385
          69900         7.1666        1.91756        3.67705
          70000        3.66063        1.70683        2.91328
          70100       0.933168        1.40214        1.96601
          70200        0.94513        1.40434        1.97218
          70300     0.00662213        1.03989        1.08138
          70400     0.00523537        1.03555        1.07236
          70500    3.07437e-06       0.999123       0.998247
          70600       0.052178       0.878393       0.771575
          70700       0.332314       0.650794       0.423533
          70800       0.612729       0.466079        0.21723
          70900        0.42996       0.586759       0.344287
          71000        0.17813       0.760228       0.577946
          71100      0.0348614        1.08936        1.18671
          71200       0.236986        1.21935        1.48681
          71300       0.349546        1.26144        1.59122
          71400        1.30573        1.46379        2.14268
          71500     0.00633377        1.03903        1.07958
          71600    0.000257024       0.991952       0.983968
          71700       0.973055        1.40941        1.98644
          71800        1.36808        1.47297        2.16965
          71900        1.81116         1.5316        2.34579
          72000        1.79375        1.52948        2.33931
          72100       0.266672        1.23142         1.5164
          72200       0.105321        1.15088        1.32453
          72300       0.331942        1.25545        1.57614
          72400        0.16449        0.77099       0.594426
          72500       0.370704       0.625416       0.391146
          72600       0.150635        0.78223       0.611883
          72700       0.120198        1.16047         1.3467
          72800        0.48132        1.30145        1.69377
          72900        11.3359        2.08971        4.36689
          73000        3.75449        1.71396        2.93765
          73100        3.03701        1.65611         2.7427
          73200        9.80593        2.03259        4.13144
          73300         4.0253        1.73387        3.00632
          73400       0.857391        1.38779        1.92595
          73500        1.84668        1.53588        2.35892
          73600        2.89259         1.6434        2.70076
          73700        11.3455        2.09005         4.3683
          73800        13.5629        2.16397        4.68279
          73900        11.3787        2.09123        4.37323
          74000         9.5755        2.02347        4.09443
          74100        12.0071        2.11308        4.46512
          74200        2.14489        1.56989        2.46454
          74300       0.872057        1.39063        1.93384
          74400        3.18714        1.66891        2.78526
          74500        1.48289        1.48921        2.21774
          74600        1.57205        1.50127        2.25381
          74700        2.84636        1.63924        2.68712
          74800         14.284        2.18619        4.77941
          74900        3.93065        1.72702        2.98259
          75000       0.034999        1.08953        1.18708
          75100        2.09644        1.56458        2.44791
          75200         3.8701        1.72257        2.96726
          75300         1.8929        1.54137        2.37583
          75400        2.16769        1.57236        2.47231
          75500        2.48893         1.6055        2.57764
          75600        8.55784        1.98126        3.92538
          75700         11.211        2.08525        4.34829
          75800        6.70896        1.89477        3.59017
          75900         7.4071        1.92914         3.7216
          76000        7.40498        1.92904        3.72121
          76100        7.80416        1.94771        3.79359
          76200       0.718722        1.35933        1.84777
          76300      0.0186131       0.929285        0.86357
          76400       0.307983        1.24698        1.55496
          76500      0.0937941       0.832912       0.693742
          76600       0.127443       0.801878       0.643009
          76700       0.499687       0.541401       0.293115
          76800     0.00165501       0.979448       0.959318
          76900       0.490719        1.30404        1.70051
          77000       0.158028        1.18217        1.39753
          77100       0.568349        1.32434        1.75389
          77200       0.321302        1.25173        1.56684
          77300      0.0215304        1.07086        1.14673
          77400       0.003466       0.970117       0.941127
          77500     0.00301243        1.02708        1.05489
          77600       0.297538       0.674188        0.45453
          77700       0.225288       0.724814       0.525355
          77800        0.80448       0.321048       0.103072
          77900       0.261267       0.699183       0.488857
          78000      0.0128499       0.941617       0.886642
          78100     0.00176479        1.02079        1.04201
          78200       0.138433        1.17135        1.37207
          78300       0.260694        1.22906        1.51058
          78400    4.04485e-07       0.999682       0.999364
          78500       0.768036        1.36981        1.87638
          78600        2.34589        1.59111        2.53163
          78700       0.104891       0.822272       0.676131
          78800       0.625206        1.33817         1.7907
          78900       0.341283        0.64483       0.415805
          79000      0.0988375       0.828019       0.685616
          79100       0.394637       0.609753       0.371799
          79200       0.260067       0.700023       0.490033
          79300       0.811046       0.315308      0.0994189
          79400        0.61396      -0.465235       0.216444
          79500        0.98879     -0.0749722     0.00562083
          79600       0.998769     -0.0248177     0.00061592
          79700       0.872169       0.257099         0.0661
          79800       0.800553       0.324444       0.105264
          79900       0.461334       0.566378       0.320784
          80000       0.252823       0.705113       0.497185
          80100       0.567432       0.496708       0.246719
          80200       0.900799       0.225601      0.0508957
          80300       0.911629       -0.21262      0.0452075
          80400       0.223214      -0.726323       0.527545
          80500       0.274212      -0.690179       0.476347
          80600       0.368352      -0.626961        0.39308
          80700       0.824338      -0.303429      0.0920692
          80800     0.00152596      -0.980274       0.960936
          80900       0.486005       -1.30274        1.69714
          81000        2.67787       -1.62371        2.63642
          81100       0.641641       -1.34202        1.80103
          81200        3.49711       -1.69412        2.87006
          81300        3.01044        -1.6538        2.73506
          81400        3.02533        -1.6551        2.73935
          81500        1.52548       -1.49503         2.2351
          81600       0.959793       -1.40701        1.97969
          81700       0.725365       -1.36077        1.85168
          81800       0.374488       -1.26963        1.61195
          81900    0.000279325      -0.991608       0.983287
          82000      0.0138814      -0.939245       0.882181
          82100      0.0604744       -1.11621        1.24592
          82200       0.596837       -1.33137        1.77255
          82300        2.03609       -1.55786        2.42692
          82400        3.39058       -1.68563        2.84135
          82500        7.53465       -1.93518        3.74493
          82600        4.08257       -1.73797        3.02054
          82700        9.15867       -2.00657        4.02633
          82800        6.73871       -1.89629         3.5959
          82900        10.6908       -2.06632        4.26967
          83000        22.4659       -2.39579        5.73982
          83100        18.5851       -2.30457        5.31104
          83200        10.6123       -2.06341        4.25765
          83300        8.58638       -1.98249        3.93025
          83400         12.023       -2.11363        4.46741
          83500        11.2371       -2.08619        4.35218
          83600        4.34255        -1.7561        3.08388
          83700        7.25693       -1.92194        3.69387
          83800        1.48753       -1.48985        2.21964
          83900       0.414561       -1.28213        1.64386
          84000        1.24419       -1.45445        2.11543
          84100        2.26665       -1.58289        2.50554
          84200        3.15217       -1.66596        2.77544
          84300        1.61147       -1.50647        2.26944
          84400        2.86602       -1.64102        2.69293
          84500       0.289715       -1.24026        1.53825
          84600     0.00195041      -0.977669       0.955837
          84700        1.70096       -1.51796        2.30421
          84800        4.91989        -1.7939        3.21808
          84900       0.433238       -1.28771        1.65821
          85000      0.0350865       -1.08964        1.18731
          85100       0.112318       -0.81539       0.664861
          85200    1.02545e-06      -0.999494       0.998987
          85300       0.512383       -1.30989        1.71581
          85400        0.96148       -1.40732        1.98055
          85500      0.0102843      -0.947939       0.898588
          85600       0.800748      -0.324275       0.105155
          85700       0.423064      -0.591242       0.349567
          85800       0.132257      -0.797702       0.636329
          85900       0.700722      -0.403619       0.162908
          86000       0.939518      -0.175251      0.0307128
          86100       0.864361      -0.265123        0.07029
          86200       0.946611      -0.164501      0.0270607
          86300        0.99967      0.0128547    0.000165244
          86400       0.998801      0.0244887    0.000599695
          86500       0.967742        0.12752      0.0162613
          86600       0.881799       0.246897      0.0609582
          86700       0.573288        0.49279       0.242842
          86800       0.667839       0.427534       0.182786
          86900       0.922203       0.199214       0.039686
          87000       0.993728      0.0560441     0.00314094
          87100       0.490941       0.547109       0.299328
          87200       0.779648       0.342087       0.117023
          87300       0.076843       0.850173       0.722794
          87400       0.131548        1.16735         1.3627
          87500       0.268022        1.23195        1.51771
          87600       0.417836        1.28312         1.6464
          87700       0.786085        1.37354        1.88661
          87800        0.47498        1.29969        1.68919
          87900        1.38483        1.47539        2.17679
          88000        2.37281        1.59386        2.54039
          88100        3.40505        1.68679        2.84528
          88200        2.76184        1.63153        2.66188
          88300        6.29016        1.87297        3.50802
          88400        2.74386        1.62986        2.65646
          88500        4.99268        1.79845        3.23443
          88600        5.88092        1.85069        3.42506
          88700         7.4073        1.92915        3.72164
          88800        4.28632        1.75224        3.07034
          88900        2.30005        1.58638        2.51659
          89000        2.36316        1.59288        2.53726
          89100        2.00167        1.55396         2.4148
          89200        2.27602        1.58387        2.50865
          89300        4.80493        1.78662        3.19201
          89400        3.08316        1.66009        2.75589
          89500        2.85927        1.64041        2.69094
          89600        4.01839        1.73338        3.00459
          89700        19.2549        2.32121        5.38804
          89800        13.6975        2.16818        4.70101
          89900        5.04083        1.80144        3.24518
          90000       0.879456        1.39205        1.93779
          90100        1.87178        1.53887        2.36813
          90200       0.487756        1.30323         1.6984
          90300        8.99947        1.99998        3.99991
          90400        1.90202        1.54245        2.37914
          90500      0.0611252         1.1168        1.24724
          90600      0.0557001       0.874066       0.763991
          90700      0.0396038       0.894982       0.800993
          90800     0.00212586        1.02279        1.04611
          90900      0.0465561        1.10262        1.21577
          91000         0.4446        1.29104        1.66678
          91100     0.00187675        1.02143        1.04332
          91200     0.00049131       0.988855       0.977834
          91300      0.0191279        1.06691         1.1383
          91400        0.27659       0.688536       0.474082
          91500       0.818675       0.308534      0.0951935
          91600       0.992916      0.0595677     0.00354831
          91700       0.927803       0.191767      0.0367746
          91800       0.447776       0.575187        0.33084
          91900       0.801159       0.323921       0.104925
          92000       0.598892        0.47552       0.226119
          92100       0.368621       0.626784       0.392859
          92200         0.6116       0.466852       0.217951
          92300       0.987932      -0.077796     0.00605222
          92400       0.994057      -0.054554     0.00297614
          92500       0.666996      -0.428137       0.183302
          92600       0.365988      -0.628515       0.395031
          92700       0.656385      -0.435688       0.189824
          92800       0.485883      -0.550406       0.302947
          92900       0.692891      -0.409389       0.167599
          93000       0.738452      -0.375057       0.140668
          93100       0.888143       0.239972      0.0575868
          93200       0.965982      -0.130981      0.0171561
          93300       0.690087      -0.411443       0.169285
          93400       0.965621      -0.131681      0.0173398
          93500       0.815118      -0.311707      0.0971611
          93600       0.673973       0.423133       0.179041
          93700       0.492017       0.546407       0.298561
          93800       0.574265       0.492136       0.242197
          93900       0.111169       0.816443        0.66658
          94000       0.247985       0.708533       0.502019
          94100       0.507788       0.536104       0.287408
          94200       0.987084     -0.0804922     0.00647899
          94300       0.921075      -0.200683      0.0402737
          94400       0.978328       -0.10438      0.0108951
          94500       0.928755       0.190475      0.0362808
          94600       0.999388      0.0174891    0.000305869
          94700       0.956103       0.148979      0.0221947
          94800       0.990347      0.0695575     0.00483824
          94900        0.97979       0.100779      0.0101564
          95000       0.710011        0.39671       0.157379
          95100       0.909764       0.214905      0.0461843
          95200        0.99689     -0.0394478     0.00155613
          95300       0.868688       0.260702      0.0679656
          95400       0.983064       0.092219     0.00850434
          95500       0.965414       0.132081      0.0174453
          95600        0.90831       0.216672      0.0469469
          95700       0.918737       0.203697      0.0414923
          95800       0.955928      -0.149279      0.0222843
          95900       0.816814      -0.310198      0.0962225
          96000       0.640584      -0.446805       0.199635
          96100       0.928883      -0.190301      0.0362143
          96200       0.879932      -0.248904      0.0619533
          96300       0.143178      -0.788423       0.621611
          96400     0.00730835      -0.956301       0.914511
          96500       0.212066       -1.20851        1.46051
          96600    7.62679e-05       -1.00436        1.00873
          96700     0.00806153       -1.04393        1.08979
          96800      0.0591284      -0.869964       0.756837
          96900         0.5182      -0.529281       0.280139
          97000       0.760939      -0.357326       0.127682
          97100       0.950339      -0.158578      0.0251469
          97200       0.977589       0.106155      0.0112688
          97300       0.477721       0.555721       0.308826
          97400     0.00118448        1.01706        1.03442
          97500        0.56995        1.32475        1.75495
          97600        1.00132        1.41445        2.00066
          97700     0.00810875        1.04405        1.09005
          97800       0.968567         1.4086        1.98416
          97900        0.90056        1.39606        1.94898
          98000        11.7431          2.104        4.42681
          98100        2.83366        1.63809        2.68335
          98200       0.189249        1.19793        1.43503
          98300        1.56546        1.50039        2.25118
          98400        2.38949        1.59556         2.5458
          98500       0.178662        1.19276        1.42268
          98600       0.766174        1.36942        1.87531
          98700     0.00778103       0.954877        0.91179
          98800       0.242484        1.22165        1.49243
          98900        2.45002        1.60164        2.56526
          99000        2.24867          1.581        2.49956
          99100        3.00305        1.65316        2.73293
          99200        10.1338        2.04533        4.18337
          99300        12.6865        2.13584        4.56181
          99400         8.2022        1.96569        3.86395
          99500        1.90779        1.54312        2.38123
          99600        6.04471        1.85973         3.4586
          99700        1.10597        1.43236        2.05165
          99800       0.058573        1.11446        1.24202
          99900       0.478399        0.55528       0.308336
         100000       0.971421       0.119972      0.0143933
