              0              1              0              0
            100       0.785929      -0.336859       0.113474
            200       0.254501       0.703931       0.495519
            300        0.20201       0.741987       0.550544
            400       0.120902       -1.16091        1.34771
            500       0.993723      0.0560679     0.00314361
            600       0.950093       0.158974      0.0252727
            700       0.515652      -0.530953       0.281911
            800      0.0467865      -0.885267       0.783698
            900      0.0197279       -1.06792        1.14046
           1000       0.397223       0.608065       0.369743
           1100    0.000136261      -0.994146       0.988327
           1200     0.00438483        1.03258        1.06622
           1300    3.08825e-05       -1.00277        1.00556
           1400       0.322279       0.657498       0.432304
           1500        1.44642       -1.48414        2.20267
           1600      0.0359402       0.900234       0.810421
           1700       0.144818      -0.787051        0.61945
           1800       0.316186       0.661586       0.437696
           1900     9.7876e-06        1.00156        1.00313
           2000      0.0225542       -1.07246        1.15018
           2100       0.632961       0.452119       0.204411
           2200      0.0684496        1.12322        1.26163
           2300      0.0504755        0.88053       0.775332
           2400        1.09472        1.43049        2.04629
           2500        0.65553      -0.436294       0.190352
           2600      0.0566687        1.11268        1.23805
           2700     0.00564206        0.96171       0.924886
           2800       0.538951        1.31686        1.73413
           2900       0.494584       -1.30509        1.70327
           3000     0.00419397      -0.967078       0.935239
           3100       0.482117        0.55286       0.305654
           3200       0.862409       0.267096      0.0713403
           3300       0.204402      -0.740197       0.547892
           3400       0.113548       0.814268       0.663032
           3500       0.378023       -1.27076        1.61484
           3600        2.68594       -1.62446        2.63888
           3700       0.963087      -0.136492      0.0186301
           3800       0.129271      -0.800286       0.640457
           3900       0.134744      -0.795566       0.632925
           4000       0.300803      -0.671971       0.451545
           4100       0.855111       0.274369      0.0752781
           4200    0.000187953       0.993122        0.98629
           4300       0.288925       0.680061       0.462483
           4400     0.00497344       -1.03466        1.07052
           4500       0.781082        1.37251        1.88379
           4600       0.084424       0.842284       0.709442
           4700       0.716298       -0.39199       0.153656
           4800       0.466167       0.563237       0.317236
           4900     0.00451244       0.965829       0.932825
           5000       0.117434       0.810749       0.657314
           5100       0.191775       0.749719       0.562078
           5200      0.0107316       0.946788       0.896407
           5300      0.0198171       -1.06807        1.14077
           5400       0.729063      -0.382293       0.146148
           5500       0.164368        1.18551        1.40542
           5600      0.0184781        -1.0658        1.13593
           5700     0.00103917        1.01599        1.03224
           5800       0.958315      -0.145136      0.0210643
           5900       0.237197        1.21944        1.48703
           6000     0.00151391       0.980352       0.961091
           6100       0.355517      -0.635411       0.403747
           6200       0.571764       0.493811        0.24385
           6300       0.176243        1.19156        1.41981
           6400       0.676688       0.421176       0.177389
           6500       0.746453      -0.368815       0.136025
           6600      0.0216085      -0.923581       0.853002
           6700       0.441796       0.579071       0.335323
           6800       0.279654      -0.686423       0.471177
           6900       0.225668       0.724538       0.524955
           7000       0.074713       0.852445       0.726663
           7100       0.308294        1.24709        1.55524
           7200       0.999716     -0.0119076    0.000141791
           7300       0.124286       0.804647       0.647457
           7400     0.00417223      -0.967165       0.935407
           7500       0.155312       0.778398       0.605903
           7600      0.0732757       0.853994       0.729305
           7700       0.097834      -0.828985       0.687216
           7800       0.958121      -0.145476      0.0211632
           7900       0.754053       0.362819       0.131638
           8000         2.2111       -1.57702        2.48698
           8100       0.552478       0.506667       0.256712
           8200       0.531486       0.520547       0.270969
           8300       0.865545      -0.263919      0.0696533
           8400       0.993516      0.0569862     0.00324743
           8500        1.27027        1.45845        2.12706
           8600      0.0107817        1.05064        1.10383
           8700       0.122037       0.806636       0.650662
           8800      0.0762633      -0.850789       0.723842
           8900       0.249565       -1.22457        1.49957
           9000       0.668002      -0.427418       0.182686
           9100      0.0085613       -1.04524        1.09253
           9200       0.844769       -1.38532        1.91911
           9300       0.439755       0.580396        0.33686
           9400       0.185172       0.754774       0.569684
           9500      0.0463271       0.885868       0.784763
           9600       0.235055        1.21853        1.48482
           9700      0.0540696       -1.11019        1.23253
           9800      0.0361048       0.899993       0.809987
           9900       0.022529      -0.921902       0.849903
          10000     0.00235012       -0.97546       0.951522
          10100      0.0646036        -1.1199        1.25417
          10200      0.0241938       -1.07496        1.15554
          10300       0.136219      -0.794306       0.630922
          10400       0.258737        1.22828        1.50866
          10500       0.848438      -0.280879      0.0788931
          10600       0.633742      -0.451576       0.203921
          10700       0.587259      -0.483396       0.233672
          10800       0.192666        1.19956        1.43894
          10900       0.348593        1.26112        1.59042
          11000     0.00108656        1.01635        1.03296
          11100        1.69848        1.51765        2.30326
          11200      0.0795416        1.13227        1.28203
          11300       0.994671     -0.0516556     0.00266831
          11400       0.802603      -0.322675       0.104119
          11500      0.0154045       0.935887       0.875885
          11600       0.284485       -1.23829        1.53337
          11700        0.99603      0.0445754     0.00198697
          11800       0.225738      -0.724486       0.524881
          11900        1.11652         1.4341        2.05665
          12000     0.00285276        1.02636        1.05341
          12100       0.350031        -1.2616        1.59163
          12200       0.295272        0.67573       0.456611
          12300      0.0424469        1.09819        1.20603
          12400     0.00926093        1.04701        1.09623
          12500       0.860073       0.269442      0.0725989
          12600      0.0648142       0.863373       0.745414
          12700       0.612995       0.465897        0.21706
          12800       0.924217      -0.196566       0.038638
          12900       0.998887     -0.0235976    0.000556845
          13000       0.193014        1.19972        1.43933
          13100       0.388264       0.613915       0.376891
          13200       0.991647      0.0646941     0.00418532
          13300       0.957008       0.147418       0.021732
          13400        0.28444      -0.683133       0.466671
          13500        1.78111       -1.52793        2.33458
          13600       0.859254       -0.27026      0.0730403
          13700       0.259553         1.2286        1.50946
          13800     0.00558917       0.961894       0.925239
          13900       0.322855        1.25228         1.5682
          14000     0.00060237         1.0122        1.02454
          14100        1.43698       -1.48282        2.19874
          14200       0.925711       -0.19458      0.0378613
          14300       0.364418       0.629547       0.396329
          14400         1.1821        1.44473        2.08724
          14500       0.486594      -0.549943       0.302437
          14600       0.325249       -1.25312        1.57031
          14700        0.95624      -0.148744      0.0221248
          14800       0.447416        0.57542       0.331108
          14900        1.78162         -1.528        2.33477
          15000       0.295876       0.675318       0.456055
          15100        0.24954      -0.707432        0.50046
          15200       0.190529       -1.19854         1.4365
          15300      0.0184034       -1.06567        1.13566
          15400       0.629148      -0.454765       0.206812
          15500      0.0172779      -0.931963       0.868555
          15600       0.169625      -0.766905       0.588144
          15700       0.202769       0.741419       0.549702
          15800       0.441564       0.579221       0.335497
          15900      0.0368575       0.898898       0.808017
          16000       0.980969     -0.0977815     0.00956122
          16100        1.08113        1.42821        2.03978
          16200       0.286306       0.681854       0.464924
          16300      0.0576312        1.11358        1.24007
          16400       0.318974       -1.25091        1.56478
          16500     0.00358773        1.02951         1.0599
          16600      0.0312153      -0.907371       0.823321
          16700       0.187419       -1.19705        1.43292
          16800       0.153645       0.779759       0.608024
          16900        0.07264       0.854682       0.730482
          17000       0.599032       0.475424       0.226028
          17100      0.0384458        1.09365        1.19608
          17200     0.00139176        1.01848        1.03731
          17300       0.837803       0.291005      0.0846841
          17400       0.320804       -1.25156         1.5664
          17500      0.0231993       -1.07346        1.15231
          17600       0.446695       0.575888       0.331647
          17700      0.0383757      -0.896718       0.804103
          17800       0.134538      -0.795742       0.633205
          17900       0.430064       0.586692       0.344208
          18000      0.0183165        1.06552        1.13534
          18100      0.0068738      -0.957649       0.917092
          18200     0.00662245      -0.958447       0.918622
          18300       0.439979      -0.580251       0.336691
          18400       0.156876      -0.777125       0.603924
          18500       0.574884        1.32598        1.75821
          18600      0.0445639        -0.8882       0.788898
          18700       0.517334       -0.52985       0.280741
          18800       0.172078       0.764969       0.585178
          18900       0.160422       0.774256       0.599472
          19000       0.140647       0.790551       0.624971
          19100      0.0156288      -0.935406       0.874985
          19200      0.0415633        1.09721        1.20387
          19300       0.576667      -0.490525       0.240614
          19400       0.691175      -0.410647       0.168631
          19500       0.245654      -0.710187       0.504365
          19600      0.0713027       0.856139       0.732974
          19700      0.0245644       0.918297        0.84327
          19800       0.638983       0.447924       0.200636
          19900      0.0106852        1.05041        1.10337
          20000       0.973114       0.116339      0.0135347
          20100       0.294452       -1.24203        1.54263
          20200       0.691718         1.3534         1.8317
          20300       0.055407       -1.11148        1.23539
          20400       0.300582      -0.672121       0.451746
          20500      0.0106414       -1.05031        1.10316
          20600       0.320938       0.658396       0.433486
          20700      0.0506046       0.880367       0.775045
          20800      0.0462863      -0.885922       0.784858
          20900    0.000138551       -1.00587        1.01177
          21000       0.371579      -0.624842       0.390427
          21100       0.684002      -0.415879       0.172956
          21200       0.934384       0.182659      0.0333644
          21300     0.00475711      -0.964898       0.931028
          21400      0.0747178       -0.85244       0.726654
          21500       0.242525       0.712412       0.507531
          21600    0.000224574        1.00747        1.01499
          21700      0.0619653      -0.866644       0.751072
          21800        0.25353       0.704615       0.496483
          21900       0.783738      -0.338689        0.11471
          22000       0.569355      -0.495423       0.245444
          22100      0.0143431       -1.05819        1.11976
          22200      0.0814538      -0.845339       0.714599
          22300      0.0224883        1.07236        1.14996
          22400      0.0655125       0.862581       0.744046
          22500     0.00313224         1.0276        1.05597
          22600      0.0699717         0.8576       0.735478
          22700        0.72037      -0.388913       0.151254
          22800       0.700758      -0.403593       0.162887
          22900       0.289519        1.24019        1.53807
          23000       0.847253        1.38581        1.92046
          23100     0.00224793       -1.02343        1.04741
          23200        1.06632         1.4257        2.03263
          23300       0.941594       0.172169      0.0296421
          23400       0.925132      -0.195352      0.0381624
          23500     0.00472925       -1.03381        1.06877
          23600         0.3743      -0.623056       0.388199
          23700      0.0258324       -0.91612       0.839276
          23800      0.0886156      -0.838043       0.702316
          23900      0.0963784       -1.14475        1.31045
          24000        1.32226        1.46625        2.14989
          24100       0.949393       0.160101      0.0256322
          24200      0.0190698       -1.06681        1.13809
          24300       0.716429      -0.391891       0.153579
          24400       0.595451      -0.477855       0.228345
          24500       0.189304       0.751604       0.564909
          24600       0.917057      -0.205838      0.0423692
          24700       0.315273         0.6622       0.438508
          24800       0.042882        1.09867        1.20708
          24900       0.900387      -0.226081      0.0511125
          25000       0.426869       -1.28583        1.65335
          25100      0.0261698      -0.915549       0.838229
          25200      0.0117717       -1.05285         1.1085
          25300       0.798179       0.326483       0.106591
          25400       0.947947       0.162401      0.0263741
          25500       0.447612        1.29191        1.66904
          25600       0.829574      -0.298648      0.0891904
          25700        0.99958      0.0144961    0.000210136
          25800       0.122517       -0.80621       0.649975
          25900       0.577151         0.4902       0.240296
          26000       0.074679      -0.852482       0.726725
          26100       0.302411       -1.24496        1.54992
          26200       0.122801       0.805959       0.649571
          26300       0.815551       0.311322      0.0969212
          26400       0.596497       0.477146       0.227668
          26500       0.153635        1.17981        1.39196
          26600       0.544204       0.512151       0.262298
          26700       0.939776        0.17487      0.0305796
          26800       0.203623      -0.740779       0.548754
          26900       0.710369       0.396442       0.157166
          27000      0.0177807       0.930943       0.866656
          27100       0.219018        1.21161        1.46799
          27200        0.42606       0.589294       0.347267
          27300        3.30316        1.67853        2.81746
          27400        1.18739        1.44557        2.08967
          27500       0.116191       0.811869       0.659132
          27600       0.649969        0.44022       0.193794
          27700       0.623213       -0.45887       0.210562
          27800       0.946822      -0.164171      0.0269522
          27900       0.134341      -0.795911       0.633474
          28000      0.0535437       0.876701       0.768605
          28100       0.984881     -0.0871096     0.00758809
          28200       0.142647       0.788869       0.622314
          28300       0.447695       0.575239         0.3309
          28400       0.276045       0.688912         0.4746
          28500       0.938826       0.176266      0.0310698
          28600      0.0992988        1.14679        1.31512
          28700      0.0690781      -0.858588       0.737173
          28800      0.0996433       0.827246       0.684337
          28900       0.794058      -0.330001       0.108901
          29000       0.688296      -0.412751       0.170364
          29100        0.20553        1.20555        1.45335
          29200       0.203736       0.740695       0.548629
          29300       0.969222       0.124536      0.0155091
          29400       0.970122      -0.122688      0.0150524
          29500       0.882637       0.245992      0.0605123
          29600       0.137355       -1.17073        1.37061
          29700    0.000201302       -1.00707        1.01419
          29800        0.99763      0.0344354      0.0011858
          29900       0.723251       0.386728       0.149558
          30000      0.0340905       -1.08841        1.18464
          30100     0.00318225      -0.971385       0.943589
          30200    0.000647905       -1.01265        1.02545
          30300       0.921344      -0.200334      0.0401336
          30400        3.44231       -1.68978        2.85535
          30500      0.0322146      -0.905823       0.820516
          30600      0.0860267        1.13723         1.2933
          30700       0.105637       0.821573       0.674981
          30800      0.0234134        1.07379        1.15301
          30900       0.766804       -1.36955        1.87567
          31000    0.000148968        1.00608        1.01221
          31100     0.00753386        -1.0425         1.0868
          31200       0.399337      -0.606687       0.368069
          31300      0.0175541       -1.06419        1.13249
          31400       0.145826        1.17553        1.38187
          31500     0.00872449      -0.952153       0.906595
          31600      0.0156624       0.935335       0.874851
          31700      0.0263107        1.07806        1.16221
          31800       0.761182        1.36838        1.87246
          31900       0.531889       -1.31503        1.72931
          32000       0.496835         1.3057        1.70487
          32100     0.00191813       0.977857       0.956204
          32200       0.229146       -1.21601        1.47869
          32300      0.0952687       0.831471       0.691344
          32400        0.71259       0.394778        0.15585
          32500      0.0171669        -1.0635        1.13102
          32600      0.0581313      -0.871146       0.758896
          32700       0.307776      -0.667251       0.445224
          32800       0.546892      -0.510371       0.260479
          32900       0.977911      -0.105387      0.0111064
          33000       0.958931       0.144048        0.02075
          33100       0.438502        1.28926         1.6622
          33200        1.45935        1.48595        2.20803
          33300       0.505865       0.537362       0.288758
          33400     0.00214773        1.02291        1.04634
          33500    0.000377062       -1.00966        1.01942
          33600       0.012408        1.05423        1.11139
          33700       0.931979      -0.186036      0.0346093
          33800       0.622522       0.459346       0.210999
          33900       0.477798      -0.555672       0.308771
          34000       0.020494       0.925658       0.856843
          34100        0.78424       0.338271       0.114427
          34200       0.338424       -1.25767        1.58174
          34300       0.344982         1.2599        1.58735
          34400       0.120507        1.16066        1.34714
          34500       0.203289      -0.741029       0.549124
          34600    0.000499214      -0.988765       0.977657
          34700      0.0820249      -0.844748         0.7136
          34800       0.931611      -0.186547      0.0347999
          34900      0.0082068       0.953629       0.909409
          35000       0.332576        0.65062       0.423306
          35100       0.468871       0.561479       0.315258
          35200       0.209774       -1.20748        1.45801
          35300     0.00635155        1.03908         1.0797
          35400       0.348717       -1.26116        1.59052
          35500       0.685212       -1.35195        1.82778
          35600       0.085108       0.841586       0.708267
          35700       0.231786       -0.72011       0.518558
          35800       0.323075       0.656965       0.431603
          35900       0.992624     -0.0607833     0.00369461
          36000       0.374484        1.26963        1.61195
          36100      0.0114501        1.05214        1.10701
          36200       0.263416       -1.23014        1.51324
          36300       0.908116      -0.216908       0.047049
          36400      0.0477645       0.883996       0.781449
          36500       0.998204     -0.0299775    0.000898649
          36600       0.563894       -0.49907       0.249071
          36700    0.000163325        1.00637        1.01278
          36800       0.804225      -0.321269       0.103214
          36900         0.4892      -0.548244       0.300572
          37000       0.162358       0.772699       0.597064
          37100       0.137443        1.17078        1.37073
          37200      0.0693453       -1.12398        1.26334
          37300       0.081829        1.13404        1.28606
          37400    0.000519229        1.01133        1.02279
          37500       0.913014       0.210909      0.0444825
          37600       0.117519        -1.1588        1.34281
          37700       0.307345       0.667542       0.445613
          37800      0.0259302      -0.915954       0.838971
          37900      0.0761683        0.85089       0.724014
          38000       0.892444       0.235175      0.0553074
          38100       0.148776       0.783763       0.614285
          38200       0.599073      -0.475397       0.226002
          38300     0.00262395       0.974051       0.948776
          38400        3.58485       -1.70099        2.89337
          38500        1.96008        -1.5492        2.40003
          38600         0.3404      -0.645416       0.416562
          38700        0.13122       0.798597       0.637756
          38800       0.839099       0.289787      0.0839763
          38900      0.0171608        1.06348          1.131
          39000     0.00880539      -0.951926       0.906163
          39100       0.862721       0.266781      0.0711722
          39200       0.905595       0.219937      0.0483722
          39300       0.296571       -1.24281        1.54458
          39400     0.00103211        1.01594        1.03213
          39500       0.130452      -0.799262       0.638819
          39600       0.847991      -0.281311      0.0791359
          39700       0.106369       -1.15158        1.32614
          39800        0.99917      0.0203726    0.000415044
          39900       0.288573       0.680302        0.46281
          40000      0.0560685       -0.87362       0.763212
          40100       0.271435      -0.692102       0.479005
          40200     0.00675523        1.04028        1.08219
          40300       0.575258        0.49147       0.241542
          40400      0.0502054       -1.10637        1.22407
          40500     0.00134047       0.981523       0.963388
          40600       0.103427        0.82365         0.6784
          40700       0.159864       -1.18314        1.39983
          40800       0.343461       0.643385       0.413945
          40900       0.689515       0.411861        0.16963
          41000       0.967079       0.128835      0.0165985
          41100     0.00205455       -1.02241        1.04533
          41200       0.997651     -0.0342806     0.00117516
          41300    0.000506624        1.01119        1.02251
          41400      0.0825819       0.844174       0.712629
          41500       0.270525      -0.692733       0.479879
          41600       0.789241      -0.334077       0.111608
          41700       0.356517       0.634751       0.402909
          41800        0.52841       0.522572       0.273082
          41900       0.802653      -0.322631       0.104091
          42000       0.620291       0.460884       0.212414
          42100       0.607387       0.469733       0.220649
          42200      0.0120154       0.943602       0.890385
          42300     0.00515454      -0.963434       0.928205
          42400      0.0637529       -1.11915        1.25249
          42500      0.0560572         1.1121        1.23676
          42600      0.0504465       0.880566       0.775397
          42700         0.1786       0.759861       0.577389
          42800     0.00962254         1.0479        1.09809
          42900       0.212521      -0.734166          0.539
          43000       0.330701       -0.65187       0.424934
          43100       0.963757      -0.135235      0.0182886
          43200       0.226755      -0.723749       0.523812
          43300        0.50977      -0.534807       0.286018
          43400      0.0531989      -0.877127       0.769351
          43500       0.172906       0.764317        0.58418
          43600       0.225289       0.724813       0.525353
          43700    1.97458e-07        1.00022        1.00044
          43800       0.377743        -0.6208       0.385392
          43900       0.213548      -0.733408       0.537888
          44000       0.312841       -1.24873        1.55932
          44100       0.585392       -1.32857        1.76511
          44200        0.39725       -1.27682        1.63028
          44300       0.536844      -0.517014       0.267304
          44400     0.00834393       0.953234       0.908655
          44500         0.2155       -0.73197        0.53578
          44600     0.00657711      -0.958593       0.918901
          44700        0.58193      -0.486987       0.237156
          44800    0.000974392       -1.01549        1.03122
          44900        0.12457      -0.804397       0.647055
          45000       0.935695       0.180795      0.0326869
          45100      0.0194181      -0.927713       0.860651
          45200       0.878641        1.39189        1.93736
          45300       0.367119       0.627771       0.394097
          45400       0.790475      -0.333036       0.110913
          45500      0.0397344        1.09514        1.19933
          45600       0.888671       -1.39381        1.94269
          45700      0.0688989      -0.858786       0.737514
          45800       0.955087       0.150714      0.0227147
          45900      0.0157891       -1.06097        1.12565
          46000       0.419951        1.28376        1.64804
          46100       0.300077       0.672464       0.452207
          46200       0.736303        1.36311        1.85808
          46300       0.102461       -1.14895         1.3201
          46400       0.480235       0.554085        0.30701
          46500       0.178445       -1.19266        1.42243
          46600      0.0763405      -0.850707       0.723702
          46700      0.0579795       0.871327       0.759211
          46800        1.54756         -1.498        2.24401
          46900        1.58368       -1.50281        2.25844
          47000        0.36036       0.632218         0.3997
          47100       0.162084      -0.772918       0.597403
          47200        1.30358       -1.46347        2.14174
          47300      0.0639982        1.11937        1.25298
          47400        1.46789        1.48713        2.21157
          47500      0.0347514      -0.901988       0.813583
          47600      0.0493796       -1.10554        1.22222
          47700       0.185843       0.754258       0.568905
          47800       0.999944    -0.00527384    2.78134e-05
          47900     0.00780697        -0.9548       0.911643
          48000       0.302855       -0.67058       0.449677
          48100        0.76846       0.351257       0.123382
          48200       0.979288       0.102031      0.0104103
          48300        0.18584        0.75426       0.568909
          48400       0.224092       -1.21383        1.47338
          48500       0.124172      -0.804748        0.64762
          48600     0.00776226      -0.954933       0.911896
          48700       0.452169       -1.29323        1.67244
          48800       0.387248      -0.614579       0.377708
          48900        0.07591        1.12939        1.27552
          49000      0.0305013       -0.90849       0.825354
          49100      0.0122826        0.94296       0.889173
          49200       0.044038        1.09993        1.20985
          49300       0.189492      -0.751461       0.564693
          49400       0.696885      -0.406453       0.165204
          49500       0.883276      -0.245301      0.0601726
          49600     0.00739857      -0.956026       0.913985
          49700      0.0166552       0.933244       0.870945
          49800       0.974929        1.40975        1.98738
          49900       0.450317      -0.573536       0.328943
          50000      0.0627724       -1.11828        1.25054
          50100       0.139214         1.1718        1.37311
          50200       0.937196       0.178637      0.0319113
          50300        0.91592       -1.39894        1.95704
          50400       0.772776       -0.34774       0.120923
          50500       0.193226       0.748616       0.560425
          50600        2.12761         -1.568        2.45863
          50700     0.00017006        -1.0065        1.01304
          50800       0.668963         1.3483         1.8179
          50900       0.999996      -0.001336    1.78489e-06
          51000       0.386603       0.615001       0.378226
          51100       0.182977       0.756467       0.572242
          51200      0.0186211      -0.929269       0.863541
          51300       0.457606        1.29478        1.67647
          51400     0.00874767       0.952088       0.906471
          51500     0.00360896         1.0296        1.06007
          51600      0.0321077       0.905988       0.820814
          51700      0.0121661       -1.05371         1.1103
          51800       0.129059        0.80047       0.640752
          51900        1.48314       -1.48924        2.21784
          52000       0.153288       -1.17963        1.39152
          52100       0.799901       0.325004       0.105628
          52200        0.43903        1.28942        1.66259
          52300       0.855362       0.274121      0.0751423
          52400      0.0447339      -0.887973       0.788496
          52500      0.0113591       -1.05194        1.10658
          52600       0.219251       0.729217       0.531758
          52700      0.0657618       0.862299       0.743559
          52800      0.0653789      -0.862732       0.744307
          52900      0.0167082        1.06267        1.12926
          53000     0.00367327       -1.02986        1.06061
          53100      0.0312698        1.08482        1.17683
          53200      0.0213467        1.07056         1.1461
          53300       0.235205        -1.2186        1.48498
          53400       0.208691       0.737003       0.543173
          53500     0.00123938       -1.01745         1.0352
          53600      0.0386592       0.896315       0.803381
          53700       0.107112       0.820196       0.672721
          53800       0.172453      -0.764673       0.584725
          53900       0.557393       0.503401       0.253413
          54000      0.0681761       -0.85959       0.738894
          54100      0.0314228       -1.08502        1.17726
          54200       0.178879       -1.19287        1.42294
          54300       0.362585        1.26576        1.60215
          54400       0.147798        1.17662        1.38444
          54500       0.443328      -0.578076       0.334171
          54600       0.431053      -0.586049       0.343454
          54700      0.0317251       0.906578       0.821885
          54800       0.816082      -0.310849      0.0966274
          54900        2.63901        1.62003         2.6245
          55000       0.591266      -0.480689       0.231062
          55100       0.626823      -0.456375       0.208278
          55200       0.634054      -0.451359       0.203725
          55300      0.0208073       0.925069       0.855753
          55400      0.0374508       -1.09248        1.19352
          55500       0.147888        1.17667        1.38456
          55600      0.0994922        1.14692        1.31542
          55700       0.900936        1.39613        1.94918
          55800       0.369471        1.26801        1.60784
          55900       0.830259       0.298018      0.0888147
          56000      0.0501212       -1.10629        1.22388
          56100        0.12735        1.16484        1.35686
          56200       0.479067       0.554845       0.307853
          56300       0.462188        1.29609        1.67984
          56400        3.32862       -1.68061        2.82445
          56500     0.00370501        1.02998        1.06087
          56600      0.0223515       -1.07215         1.1495
          56700       0.523967      -0.525494       0.276144
          56800      0.0714105        1.12571        1.26723
          56900       0.791006      -0.332588       0.110615
          57000       0.259354      -0.700523       0.490732
          57100       0.905869       0.219609      0.0482283
          57200       0.533861       -1.31554        1.73066
          57300      0.0252855       0.917053       0.840986
          57400       0.804733      -0.320828       0.102931
          57500       0.260514       -1.22899        1.51041
          57600       0.960255      -0.141683      0.0200739
          57700      0.0195731       -1.06766         1.1399
          57800      0.0548383      -0.875114       0.765824
          57900      0.0736299       0.853611       0.728652
          58000      0.0462343        1.10228        1.21502
          58100      0.0115164       -0.94482       0.892685
          58200       0.678299      -0.420013       0.176411
          58300      0.0368244      -0.898946       0.808103
          58400       0.978828      -0.103163      0.0106427
          58500       0.231478        1.21701        1.48112
          58600       0.181162          1.194        1.42563
          58700        0.30028        1.24418        1.54798
          58800       0.066316       0.861673       0.742481
          58900       0.198262        1.20219        1.44527
          59000       0.989626      0.0721133     0.00520033
          59100       0.843507       0.285611      0.0815734
          59200       0.649281      -0.440704        0.19422
          59300      0.0225675       0.921833       0.849775
          59400       0.441469        1.29013        1.66443
          59500      0.0513077       -1.10748        1.22651
          59600        0.67112      -0.425183       0.180781
          59700     0.00085811       0.985244       0.970706
          59800       0.576211       -0.49083       0.240914
          59900       0.852408        1.38682        1.92326
          60000       0.736096       -1.36307        1.85796
          60100     0.00369009       -1.02993        1.06075
          60200       0.251609        0.70597       0.498393
          60300       0.553118      -0.506242       0.256281
          60400       0.265571      -0.696179       0.484665
          60500       0.959133      -0.143689      0.0206465
          60600       0.595501        1.33105        1.77169
          60700       0.229757      -0.721575        0.52067
          60800       0.687535       0.413307       0.170823
          60900       0.490606       -1.30401        1.70043
          61000       0.147482       -1.17645        1.38403
          61100       0.066456      -0.861516       0.742209
          61200       0.186548        1.19663        1.43191
          61300       0.194417       -1.20039        1.44093
          61400       0.196705       0.745979       0.556485
          61500    0.000420224        -1.0102         1.0205
          61600       0.988709      0.0752431     0.00566153
          61700      0.0885523        1.13911        1.29758
          61800       0.990606     -0.0686138     0.00470786
          61900      0.0163053        1.06193        1.12769
          62000       0.401117      -0.605526       0.366662
          62100      0.0689651       -1.12366        1.26261
          62200       0.152949        1.17944        1.39109
          62300    0.000358888       -1.00943        1.01894
          62400       0.145394      -0.786571       0.618695
          62500      0.0556369        -1.1117        1.23587
          62600       0.944697      -0.167466       0.028045
          62700       0.155607       -1.18088        1.39447
          62800    0.000157588        1.00626        1.01255
          62900      0.0286112        1.08127        1.16915
          63000     0.00246263       -1.02451        1.04962
          63100       0.026765        -1.0787         1.1636
          63200        0.49928       0.541667       0.293403
          63300       0.879538        1.39206        1.93784
          63400      0.0133506       0.940455       0.884455
          63500       0.325512       -1.25321        1.57054
          63600       0.365969       -1.26687        1.60495
          63700        1.91637       -1.54413        2.38433
          63800       0.118467      -0.809821       0.655809
          63900     0.00553091      -0.962097        0.92563
          64000       0.998612      0.0263465    0.000694139
          64100       0.287577        1.23946        1.53626
          64200       0.142865      -0.788685       0.622025
          64300     0.00628767      -0.959534       0.920705
          64400      0.0592754        0.86979       0.756535
          64500      0.0725635       -1.12667        1.26938
          64600       0.532907       -0.51961       0.269995
          64700        0.74849      -0.367215       0.134847
          64800       0.843865      -0.285269      0.0813785
          64900       0.981507     -0.0963821      0.0092895
          65000       0.584886      -0.484996       0.235221
          65100        1.14956        -1.4395        2.07217
          65200       0.985851     -0.0842597      0.0070997
          65300        0.36322       0.630336       0.397323
          65400       0.860576        1.38841        1.92767
          65500      0.0627632        1.11827        1.25053
          65600       0.289688        1.24025        1.53823
          65700     0.00127685      -0.981971       0.964267
          65800       0.374264        1.26956        1.61177
          65900       0.740185       0.373711        0.13966
          66000      0.0860092        0.84067       0.706727
          66100       0.494447       0.544822       0.296831
          66200        0.48784       0.549131       0.301545
          66300     0.00441342       0.966212       0.933566
          66400       0.861584       0.267926      0.0717846
          66500       0.110515      -0.817045       0.667562
          66600        1.22146        1.45093         2.1052
          66700       0.696028       0.407084       0.165717
          66800      0.0137551       0.939531       0.882718
          66900       0.148735       0.783797       0.614338
          67000       0.385873      -0.615478       0.378814
          67100     0.00460023       0.965492       0.932175
          67200       0.932839      -0.184835      0.0341639
          67300       0.959403       -1.40694        1.97949
          67400       0.237057        1.21938        1.48688
          67500      0.0145229       -1.05854        1.12051
          67600       0.978939       0.102892      0.0105867
          67700       0.323413       0.656739       0.431306
          67800      0.0404235      -0.893837       0.798944
          67900      0.0152016      -0.936325       0.876705
          68000       0.228712       0.722331       0.521762
          68100      0.0143604       -1.05822        1.11983
          68200       0.179728       0.758984       0.576057
          68300      0.0731488        1.12715        1.27046
          68400      0.0354495        1.09008        1.18828
          68500       0.505337       0.537708        0.28913
          68600       0.396326       -1.27654        1.62954
          68700        0.26491       0.696639       0.485306
          68800       0.482522       0.552596       0.305362
          68900       0.839154      -0.289735      0.0839466
          69000       0.591844      -0.480298       0.230686
          69100      0.0475741       0.884243       0.781885
          69200      0.0149884      -0.936789       0.877573
          69300     0.00808965         -1.044        1.08994
          69400       0.536113      -0.517496       0.267802
          69500       0.106255       -1.15151        1.32597
          69600       0.637375        1.34103        1.79836
          69700       0.973946      -0.114513      0.0131131
          69800       0.204387        1.20503        1.45209
          69900       0.695183       0.407705       0.166223
          70000     0.00410068       -1.03152        1.06404
          70100      0.0932601      -0.833436       0.694615
          70200       0.414161        1.28201        1.64355
          70300       0.417841       -1.28312        1.64641
          70400       0.190063       0.751024       0.564038
          70500     0.00656513       0.958632       0.918975
          70600      0.0216546        1.07105        1.14716
          70700      0.0291819      -0.910589       0.829173
          70800      0.0386928       0.896267       0.803295
          70900      0.0250587        1.07624         1.1583
          71000      0.0312228        1.08476         1.1767
          71100    9.35325e-05        1.00482        1.00967
          71200       0.384128       0.616619       0.380219
          71300       0.794739      -0.329422       0.108519
          71400        3.08135       -1.65993        2.75538
          71500       0.185871        -1.1963        1.43113
          71600        0.98249      -0.093774     0.00879357
          71700       0.171511      -0.765416       0.585861
          71800       0.146907       -1.17613        1.38328
          71900      0.0413391       0.892569        0.79668
          72000       0.829952        -0.2983      0.0889832
          72100       0.719826        1.35957        1.84843
          72200        0.12576      -0.803351       0.645373
          72300       0.278909       0.686937       0.471882
          72400       0.561761       0.500493       0.250493
          72500       0.196923       0.745815        0.55624
          72600       0.698084      -0.405569       0.164486
          72700     0.00299144      -0.972268       0.945306
          72800       0.774749      -0.346124       0.119802
          72900      0.0420858        1.09779        1.20515
          73000      0.0877181        -1.1385        1.29617
          73100       0.531417      -0.520592       0.271016
          73200       0.352889       0.637146       0.405955
          73300       0.101465       0.825509       0.681464
          73400       0.278132       -1.23587        1.52738
          73500       0.620007        0.46108       0.212595
          73600       0.121376       0.807223       0.651609
          73700       0.883099       0.245492      0.0602665
          73800       0.374636        1.26968        1.61207
          73900       0.999458      0.0164605    0.000270948
          74000      0.0235368       0.920099       0.846583
          74100     0.00188017      -0.978079       0.956639
          74200       0.401684      -0.605157       0.366215
          74300       0.257369      -0.701915       0.492685
          74400       0.389832        1.27451        1.62437
          74500      0.0436712       0.889395       0.791023
          74600       0.904185       0.221616      0.0491135
          74700       0.233515       0.718865       0.516766
          74800        1.06136        1.42486        2.03023
          74900      0.0585362       0.870665       0.758057
          75000      0.0961343       -1.14458        1.31006
          75100      0.0438643        1.09974        1.20944
          75200         1.1626        1.44161        2.07824
          75300      0.0533768       0.876907       0.768966
          75400       0.186577        1.19664        1.43195
          75500       0.965566      -0.131787      0.0173679
          75600       0.559251      -0.502164       0.252169
          75700       0.172141       0.764919       0.585101
          75800     0.00474601       -1.03387        1.06889
          75900       0.181995       0.757226       0.573392
          76000    0.000294155       0.991387       0.982849
          76100      0.0351576        1.08973         1.1875
          76200       0.887988      -0.240143      0.0576686
          76300       0.260072        0.70002       0.490028
          76400      0.0225087        1.07239        1.15003
          76500        1.30408        1.46355        2.14196
          76600     0.00594019      -0.960691       0.922927
          76700       0.015826       -1.06104         1.1258
          76800       0.380033         0.6193       0.383532
          76900      0.0184522       0.929603       0.864161
          77000     0.00189226      -0.978008         0.9565
          77100      0.0584448      -0.870773       0.758246
          77200         0.7727       0.347803       0.120967
          77300       0.266944       0.695222       0.483334
          77400       0.636996        0.44931        0.20188
          77500       0.335666       -1.25673        1.57937
          77600       0.979878       0.100559      0.0101121
          77700       0.801338      -0.323767       0.104825
          77800       0.132516       0.797479       0.635973
          77900      0.0093753        1.04729        1.09683
          78000       0.104772       -1.15051        1.32368
          78100      0.0543605      -0.875698       0.766847
          78200       0.934568      -0.182399      0.0332696
          78300        0.44803      -0.575021        0.33065
          78400      0.0609917        1.11668        1.24696
          78500     0.00101652       0.983929       0.968117
          78600       0.150279      -0.782523       0.612342
          78700       0.498521       -1.30616        1.70606
          78800       0.346306        -0.6415       0.411523
          78900       0.959239       0.143501      0.0205924
          79000       0.375918       -1.27009        1.61312
          79100      0.0234592      -0.920237       0.846836
          79200      0.0791388      -0.847752       0.718684
          79300      0.0853312       0.841359       0.707885
          79400       0.159243        1.18282        1.39905
          79500       0.546946        1.31892        1.73956
          79600       0.116943        0.81119        0.65803
          79700       0.562477       0.500015       0.250015
          79800     0.00804557       -1.04389         1.0897
          79900      0.0413649        1.09699        1.20338
          80000       0.630664       0.453714       0.205857
          80100        0.99955     -0.0149951    0.000224852
          80200        1.56947        1.50093        2.25279
          80300       0.110009       0.817511       0.668325
          80400       0.429489       0.587066       0.344646
          80500      0.0546649       0.875326       0.766195
          80600      0.0222726      -0.922367        0.85076
          80700      0.0233183      -0.920487       0.847297
          80800        1.01993        1.41772        2.00992
          80900       0.820444       0.306947      0.0942162
          81000      0.0124912        -1.0544        1.11176
          81100      0.0575433        -1.1135        1.23988
          81200       0.473185       0.558673       0.312116
          81300        0.46863      -0.561636       0.315435
          81400     0.00600754      -0.960464       0.922492
          81500       0.450562        1.29276        1.67124
          81600     0.00706602      -0.957048        0.91594
          81700       0.571856        0.49375       0.243789
          81800       0.751705       0.364679       0.132991
          81900       0.287366      -0.681127       0.463934
          82000       0.371216        0.62508       0.390725
          82100      0.0710586       -1.12542        1.26657
          82200       0.673469       -1.34932        1.82065
          82300       0.012432        1.05428         1.1115
          82400       0.162774       -1.18467        1.40345
          82500       0.590595      -0.481142       0.231498
          82600      0.0256289      -0.916466        0.83991
          82700      0.0753314      -0.851783       0.725534
          82800       0.222898      -0.726553       0.527879
          82900       0.983363     -0.0913965     0.00835333
          83000       0.270012       -1.23273        1.51963
          83100      0.0670475        1.12202        1.25894
          83200     0.00623482      -0.959708       0.921039
          83300     0.00854367      -0.952664       0.907568
          83400       0.476314      -0.556637       0.309845
          83500      0.0658188        1.12096        1.25655
          83600    0.000200458       0.992896       0.985842
          83700       0.201558       -1.20372        1.44895
          83800       0.128243        0.80118       0.641889
          83900        0.11442       -1.15683        1.33826
          84000       0.426703      -0.588876       0.346775
          84100       0.282022        1.23736        1.53106
          84200     0.00561589      -0.961801       0.925061
          84300       0.551844       0.507087       0.257138
          84400       0.431268        0.58591        0.34329
          84500       0.916164       0.206967      0.0428355
          84600       0.182306        1.19456        1.42697
          84700      0.0923917        0.83429        0.69604
          84800      0.0902774        1.14038        1.30046
          84900       0.875584       0.253523      0.0642738
          85000      0.0810246       0.845785       0.715352
          85100       0.423164       0.591176       0.349489
          85200      0.0357439      -0.900522        0.81094
          85300      0.0219303        0.92299       0.851911
          85400       0.210393        0.73574       0.541314
          85500       0.266437       -1.23133        1.51618
          85600      0.0208004       0.925082       0.855777
          85700       0.943709       0.168977      0.0285534
          85800     0.00675905        1.04029        1.08221
          85900      0.0113644       -1.05195         1.1066
          86000       0.338856       0.646442       0.417887
          86100       0.613785      -0.465356       0.216556
          86200       0.441633       0.579176       0.335445
          86300       0.648307       -0.44139       0.194825
          86400        1.59964       -1.50491        2.26477
          86500       0.168485       -1.18763        1.41047
          86600      0.0274494        1.07967        1.16568
          86700        1.19735       -1.44715        2.09424
          86800       0.823109        1.38103        1.90725
          86900       0.445269        1.29123        1.66728
          87000       0.176672      -0.761365       0.579676
          87100       0.441519        0.57925       0.335531
          87200       0.998341     -0.0288095    0.000829988
          87300       0.966794       0.129395       0.016743
          87400       0.190617      -0.750601       0.563402
          87500       0.778514      -0.343024       0.117666
          87600       0.724121       0.386066       0.149047
          87700       0.939745      -0.174915      0.0305953
          87800       0.898977       -1.39576        1.94814
          87900        2.50647       -1.60723        2.58318
          88000       0.656359       0.435707        0.18984
          88100       0.425135      -0.589895       0.347976
          88200       0.824027      -0.303712      0.0922409
          88300      0.0187664       0.928983       0.863009
          88400       0.904522       0.221216      0.0489366
          88500        0.39936      -0.606672       0.368051
          88600       0.279706       0.686387       0.471128
          88700        0.34094       -1.25853         1.5839
          88800       0.100374       -1.14753        1.31682
          88900       0.763068       0.355615       0.126462
          89000       0.133461        1.16847        1.36532
          89100       0.652427       0.438487       0.192271
          89200      0.0597914       -1.11558        1.24452
          89300      0.0325322        1.08645        1.18037
          89400       0.366071        0.62846       0.394962
          89500       0.212485      -0.734193       0.539039
          89600       0.111334       0.816292       0.666333
          89700        1.01921        1.41759        2.00956
          89800       0.419675       0.593445       0.352177
          89900         0.1248       0.804195       0.646729
          90000       0.972576       0.117505      0.0138074
          90100      0.0837553       0.842968       0.710595
          90200       0.152649        1.17928         1.3907
          90300      0.0175774      -0.931354        0.86742
          90400      0.0229421       -1.07306        1.15147
          90500       0.264139      -0.697177       0.486055
          90600     0.00331161        1.02837        1.05755
          90700       0.213422      -0.733501       0.538023
          90800        0.86104       0.268473      0.0720777
          90900      0.0850499        -1.1365        1.29163
          91000       0.308581       0.666708       0.444499
          91100       0.978913      -0.102954      0.0105996
          91200        1.22028       -1.45075        2.10466
          91300      0.0205912       0.925475       0.856504
          91400          1.772        1.52682        2.33117
          91500      0.0850966      -0.841598       0.708287
          91600       0.187929       -1.19729        1.43351
          91700       0.824588       0.303202      0.0919315
          91800       0.261613       0.698941       0.488519
          91900       0.465275       0.563817        0.31789
          92000       0.270107      -0.693023       0.480281
          92100       0.985749     -0.0845635     0.00715099
          92200       0.209091        1.20717        1.45726
          92300       0.124102      -0.804809       0.647718
          92400       0.998951     -0.0229024    0.000524521
          92500      0.0553341        0.87451       0.764768
          92600       0.579766        1.32719        1.76142
          92700        1.17094        1.44295         2.0821
          92800      0.0148214       -1.05912        1.12174
          92900        0.30646      -0.668141       0.446412
          93000      0.0717916      -0.855605        0.73206
          93100     0.00903721      -0.951281       0.904936
          93200     0.00384426        1.03053          1.062
          93300      0.0536421       -0.87658       0.768392
          93400       0.861971        1.38868        1.92842
          93500       0.476271      -0.556665       0.309876
          93600       0.193025      -0.748768       0.560653
          93700       0.574651       -1.32592        1.75806
          93800      0.0994431       0.827438       0.684654
          93900       0.613857       -1.33547        1.78349
          94000       0.248193       -1.22401        1.49819
          94100      0.0850935       -1.13653        1.29171
          94200     0.00301211       0.972171       0.945117
          94300       0.390476       0.612469       0.375119
          94400      0.0605211      -0.868326        0.75399
          94500     0.00381788       0.968613       0.938211
          94600      0.0926243        1.14208        1.30434
          94700      0.0103621       0.947737       0.898206
          94800      0.0751802        -1.1288        1.27419
          94900       0.463666       -1.29651        1.68093
          95000       0.604895      -0.471434        0.22225
          95100      0.0901957      -0.836465       0.699674
          95200       0.100754       0.826185       0.682582
          95300       0.745298       -1.36503        1.86331
          95400       0.549546        1.31959        1.74131
          95500       0.992069     -0.0630353     0.00397345
          95600    0.000200787       -0.99289        0.98583
          95700       0.616634        1.33614        1.78526
          95800      0.0198574        1.06814        1.14092
          95900       0.754789       0.362235       0.131214
          96000       0.567041        0.49697       0.246979
          96100       0.015112       -0.93652       0.877069
          96200      0.0328577       0.904839       0.818733
          96300       0.903754       0.222126      0.0493401
          96400        3.01891       -1.65454         2.7375
          96500      0.0907055       -1.14069        1.30117
          96600      0.0557446      -0.874012       0.763897
          96700       0.461055       0.566559        0.32099
          96800        0.41026      -0.599571       0.359485
          96900       0.305385      -0.668867       0.447383
          97000       0.413856       -0.59723       0.356684
          97100       0.594449      -0.478534       0.228995
          97200     0.00230024         1.0237        1.04796
          97300        1.07494        1.42716        2.03679
          97400    0.000945329      -0.984507       0.969254
          97500       0.292696      -0.677485       0.458986
          97600       0.696544       -1.35447        1.83459
          97700     0.00636923        1.03914        1.07981
          97800       0.483199      -0.552155       0.304875
          97900       0.848993      -0.280343      0.0785921
          98000       0.326686       -1.25362        1.57156
          98100       0.109923      -0.817591       0.668454
          98200       0.477139       -1.30029        1.69075
          98300       0.847299      -0.281978      0.0795117
          98400     0.00934325        1.04722        1.09666
          98500        0.94306       -1.40396        1.97111
          98600       0.846014       0.283213      0.0802096
          98700      0.0907494       0.835915       0.698754
          98800     0.00358552       0.969598       0.940121
          98900       0.331997      -0.651006       0.423808
          99000       0.234882       -1.21846        1.48465
          99100       0.164513       0.770972       0.594398
          99200      0.0641124        1.11947         1.2532
          99300      0.0153864      -0.935926       0.875958
          99400      0.0160301       0.934553        0.87339
          99500       0.345088      -0.642307       0.412558
          99600       0.100931       -1.14791         1.3177
          99700     0.00157282       -1.01964        1.03966
          99800       0.179618      -0.759069       0.576186
          99900       0.132686       -1.16802        1.36426
         100000       0.764188      -0.354713       0.125821
