              0       0.915564      -0.207723      0.0431488
            100       0.316759       -1.25013        1.56281
            200     0.00124855       -1.01751        1.03533
            300       0.145264      -0.786679       0.618864
            400      0.0854182       0.841271       0.707736
            500       0.100656       0.826279       0.682737
            600       0.296404      -0.674959        0.45557
            700       0.140582        1.17258        1.37494
            800       0.832364       0.296074        0.08766
            900       0.962467       0.137645       0.018946
           1000       0.746141        0.36906       0.136205
           1100       0.504332       0.538365       0.289837
           1200       0.997656       0.034243     0.00117259
           1300       0.462654       -0.56552       0.319813
           1400       0.987688     -0.0785824      0.0061752
           1500     0.00887616       0.951728       0.905787
           1600       0.117765      -0.810451       0.656831
           1700        1.24208       -1.45413        2.11449
           1800      0.0570384      -0.872452       0.761173
           1900       0.979837      -0.100661      0.0101326
           2000       0.353044       -1.26261        1.59417
           2100       0.526296      -0.523963       0.274537
           2200      0.0911932       -1.14104        1.30198
           2300       0.199838       0.743618       0.552968
           2400       0.106443      -0.820819       0.673744
           2500       0.023945        1.07459        1.15474
           2600     0.00176749         1.0208        1.04204
           2700       0.366061      -0.628466        0.39497
           2800        0.97551          0.111       0.012321
           2900     9.0937e-05       0.995221       0.990464
           3000       0.444427        1.29099        1.66665
           3100       0.022299       -1.07207        1.14933
           3200        0.59425        1.33074        1.77088
           3300       0.612763       0.466056       0.217208
           3400       0.292438      -0.677661       0.459224
           3500        2.79854        -1.6349        2.67288
           3600     0.00360056       0.969534       0.939995
           3700     0.00906858      -0.951194       0.904771
           3800      0.0110724         1.0513        1.10523
           3900      0.0823809      -0.844381       0.712979
           4000       0.683037       -1.35147        1.82646
           4100      0.0243356       -1.07517          1.156
           4200       0.230438       -1.21657        1.48004
           4300       0.679829        1.35075        1.82452
           4400      0.0644891         1.1198        1.25395
           4500       0.830584       0.297718       0.088636
           4600       0.691277      -0.410572       0.168569
           4700       0.961302      -0.139785        0.01954
           4800      0.0299091       0.909427       0.827058
           4900       0.998276      0.0293642    0.000862255
           5000    0.000879721      -0.985058        0.97034
           5100      0.0601253       -1.11589         1.2452
           5200       0.380695       0.618866       0.382995
           5300       0.297314        0.67434       0.454735
           5400       0.571753      -0.493818       0.243856
           5500      0.0405245      -0.893696       0.798693
           5600       0.962653       0.137299       0.018851
           5700       0.644939       0.443755       0.196919
           5800       0.654903       0.436737       0.190739
           5900       0.460091       0.567186         0.3217
           6000       0.138987        1.17167        1.37281
           6100    0.000314893        1.00883        1.01775
           6200       0.337149       0.647576       0.419355
           6300     0.00465744       0.965274       0.931755
           6400         0.1023       -1.14884        1.31984
           6500      0.0244283        1.07531         1.1563
           6600       0.958354       0.145067      0.0210444
           6700       0.104766       0.822389       0.676324
           6800       0.661836       0.431818       0.186467
           6900       0.490578         -1.304        1.70041
           7000       0.160249      -0.774396       0.599689
           7100       0.779153       0.342496       0.117303
           7200        0.46082       0.566712       0.321163
           7300        0.63532       0.450478        0.20293
           7400       0.217933        1.21113        1.46683
           7500       0.114709       0.813211       0.661313
           7600        2.48785        1.60539        2.57729
           7700       0.137766       0.792989       0.628832
           7800    0.000413775      -0.989777       0.979659
           7900    1.43718e-08        0.99994        0.99988
           8000       0.461703       0.566139       0.320513
           8100       0.478102      -0.555473       0.308551
           8200       0.655794      -0.436107       0.190189
           8300       0.027982       0.912536       0.832722
           8400       0.292394        1.24126        1.54073
           8500       0.930018      -0.188748      0.0356257
           8600       0.122406       0.806309       0.650134
           8700        0.99299     -0.0592559     0.00351127
           8800       0.255991      -0.702883       0.494044
           8900     0.00973632       -1.04818        1.09867
           9000      0.0936776       0.833026       0.693932
           9100      0.0111864       -0.94564       0.894234
           9200    0.000524214       0.988486       0.977104
           9300       0.937857      -0.177678      0.0315696
           9400       0.129978       -1.16642        1.36052
           9500      0.0275021      -0.913325       0.834162
           9600      0.0345325      -0.902314       0.814171
           9700      0.0224101      -0.922117         0.8503
           9800       0.210689       0.735521       0.540992
           9900       0.427119      -0.588606       0.346457
          10000       0.948357      -0.161753      0.0261639
          10100      0.0184612      -0.929585       0.864128
          10200      0.0348782       -1.08938        1.18676
          10300       0.925562        1.40074        1.96206
          10400       0.027634       0.913108       0.833765
          10500       0.976221       0.109367      0.0119611
          10600     0.00618184      -0.959883       0.921375
          10700       0.132491        -1.1679        1.36399
          10800      0.0587279       0.870438       0.757662
          10900       0.304339       0.669575       0.448331
          11000        1.20133       -1.44777        2.09605
          11100       0.101038       -1.14798        1.31786
          11200       0.013605      -0.939872        0.88336
          11300      0.0290395       0.910818        0.82959
          11400    0.000165908       -1.00642        1.01288
          11500      0.0893965       -1.13973        1.29899
          11600      0.0252403        0.91713       0.841128
          11700       0.244763        0.71082       0.505265
          11800        0.90369       -1.39665        1.95063
          11900       0.976329       0.109117      0.0119065
          12000    0.000804273      -0.985718        0.97164
          12100       0.523263       -1.31277        1.72337
          12200       0.133014       -1.16821        1.36471
          12300       0.457286       -1.29469        1.67623
          12400       0.109386      -0.818086       0.669265
          12500      0.0761191      -0.850942       0.724103
          12600       0.442796       0.578421        0.33457
          12700       0.465623       -0.56359       0.317634
          12800      0.0294471       0.910164       0.828398
          12900       0.277553       0.687871       0.473167
          13000     0.00300606         0.9722       0.945172
          13100       0.377658       -1.27065        1.61454
          13200       0.347443        1.26073        1.58944
          13300       0.710557       0.396301       0.157055
          13400       0.130034       0.799623       0.639398
          13500       0.283585        0.68372       0.467473
          13600       0.158173       0.776074        0.60229
          13700        0.11928         1.1599        1.34537
          13800      0.0448636      -0.887801        0.78819
          13900       0.969675        0.12361      0.0152794
          14000     0.00473849        1.03385        1.06884
          14100       0.046625      -0.885478       0.784072
          14200        0.26022       0.699916       0.489883
          14300        2.46421       -1.60305        2.56978
          14400       0.178477       -1.19267        1.42247
          14500       0.333068      -0.650292        0.42288
          14600       0.775894        1.37144        1.88085
          14700        0.52972        1.31447        1.72782
          14800       0.572292      -0.493457         0.2435
          14900       0.205065        1.20534        1.45284
          15000       0.101686      -0.825298       0.681117
          15100         2.1085       -1.56591        2.45207
          15200        0.94656      -0.164581      0.0270869
          15300       0.801803      -0.323366       0.104565
          15400      0.0706693       -1.12509        1.26584
          15500       0.145755       -0.78627       0.618221
          15600       0.134373         -1.169        1.36657
          15700       0.376854       0.621382       0.386116
          15800       0.271297      -0.692198       0.479138
          15900       0.878858       0.250051      0.0625256
          16000       0.577332      -0.490078       0.240176
          16100       0.386256      -0.615228       0.378505
          16200       0.967156      -0.128681      0.0165589
          16300       0.338422        0.64673       0.418259
          16400      0.0601368         1.1159        1.24523
          16500       0.333126       0.650253       0.422829
          16600       0.632576       0.452386       0.204653
          16700       0.438512      -0.581204       0.337798
          16800      0.0551551       -1.11124        1.23485
          16900       0.494615      -0.544712       0.296711
          17000       0.015504       0.935674       0.875485
          17100        1.18795        1.44566        2.08993
          17200       0.347439        1.26073        1.58944
          17300       0.210207        1.20768        1.45848
          17400       0.284346       -1.23824        1.53324
          17500      0.0474152       -1.10352        1.21775
          17600        3.34084        1.68161         2.8278
          17700       0.575802       0.491105       0.241184
          17800       0.912994      -0.210933      0.0444926
          17900      0.0232685       0.920576        0.84746
          18000    2.62481e-05        1.00256        1.00512
          18100      0.0171605       0.932203       0.869002
          18200       0.170624      -0.766115       0.586933
          18300         1.1216        1.43494        2.05906
          18400       0.628826      -0.454989       0.207015
          18500       0.246774       0.709392       0.503237
          18600      0.0837409        1.13551        1.28938
          18700       0.282582       0.684409       0.468415
          18800       0.348921      -0.639769       0.409305
          18900       0.154356        -1.1802        1.39288
          19000      0.0730227      -0.854267       0.729773
          19100       0.044454      -0.888346       0.789159
          19200       0.987247     -0.0799807     0.00639691
          19300      0.0376292      -0.897785       0.806017
          19400       0.478406       0.555275       0.308331
          19500       0.304064        1.24556        1.55142
          19600      0.0033766       0.970511       0.941892
          19700       0.463488       -1.29646         1.6808
          19800        0.75944      -0.358527       0.128542
          19900       0.101514      -0.825462       0.681387
          20000       0.372678       -1.26904        1.61047
          20100     0.00165749      -0.979432       0.959288
          20200       0.851591        1.38666        1.92282
          20300       0.877738       0.251243       0.063123
          20400        0.80374       -0.32169       0.103485
          20500       0.381396       -1.27184        1.61757
          20600      0.0147999       -1.05908        1.12165
          20700      0.0166454       -1.06255        1.12902
          20800       0.119971      -0.808475       0.653632
          20900       0.939343      -0.175508       0.030803
          21000      0.0122447       -0.94305       0.889344
          21100      0.0865379       0.840135       0.705827
          21200        3.40011        -1.6864        2.84394
          21300       0.873619       0.255585      0.0653239
          21400       0.856801      -0.272699      0.0743645
          21500        0.54415        1.31821        1.73767
          21600      0.0936499       0.833053       0.693977
          21700       0.809361       0.316789       0.100355
          21800       0.217681      -0.730368       0.533437
          21900       0.213819      -0.733208       0.537594
          22000       0.142764       -1.17381        1.37784
          22100       0.898821         0.2279      0.0519384
          22200      0.0783897       -1.13136        1.27998
          22300       0.698263      -0.405436       0.164379
          22400       0.899016      -0.227674      0.0518354
          22500       0.855926      -0.273564      0.0748375
          22600      0.0939482       -1.14303        1.30651
          22700       0.934396       0.182643      0.0333583
          22800      0.0433824        1.09922        1.20828
          22900       0.867496       0.261926      0.0686054
          23000       0.162701       0.772423       0.596637
          23100       0.423395       0.591026       0.349312
          23200        0.19456        1.20045        1.44109
          23300       0.531372       0.520622       0.271047
          23400     0.00127725        1.01771        1.03574
          23500     0.00231594       0.975641       0.951876
          23600       0.794908      -0.329278       0.108424
          23700      0.0104868       0.947415       0.897595
          23800      0.0775416       0.849433       0.721537
          23900       0.868862        1.39001        1.93213
          24000       0.668971       0.426724       0.182093
          24100       0.213638       -1.20922        1.46221
          24200     0.00382645        1.03047        1.06186
          24300       0.244399      -0.711079       0.505633
          24400        0.30029      -0.672319       0.452013
          24500       0.246306        1.22323        1.49629
          24600      0.0530895       -1.10924        1.23041
          24700       0.881221       -0.24752      0.0612663
          24800      0.0765476        -1.1299        1.27667
          24900     0.00717296        1.04149        1.08469
          25000     0.00397755      -0.967953       0.936932
          25100       0.352759        1.26251        1.59394
          25200       0.733683      -0.378744       0.143447
          25300       0.981494      0.0964168      0.0092962
          25400      0.0177146      -0.931077       0.866904
          25500       0.998719      0.0253129    0.000640745
          25600      0.0704723        1.12493        1.26547
          25700      0.0426899        1.09846        1.20662
          25800       0.387478       0.614428       0.377522
          25900        2.69991        1.62577        2.64314
          26000     0.00592797      -0.960732       0.923007
          26100       0.313204      -0.663591       0.440353
          26200       0.407916       0.601097       0.361317
          26300       0.651307      -0.439277       0.192964
          26400       0.100523       0.826405       0.682946
          26500      0.0818421        1.13405        1.28608
          26600       0.506802       0.536749       0.288099
          26700       0.330896      -0.651739       0.424764
          26800       0.102723      -0.824315       0.679495
          26900        0.36909       0.626476       0.392472
          27000       0.999316      0.0184948    0.000342058
          27100      0.0385307       0.896497       0.803708
          27200       0.232874       -1.21761        1.48257
          27300     0.00629158      -0.959521       0.920681
          27400        0.81831       0.308861      0.0953952
          27500        0.43529       0.583296       0.340235
          27600        0.95692       -0.14757      0.0217771
          27700       0.871664      -0.257624      0.0663703
          27800        0.22662      -0.723847       0.523954
          27900       0.211916      -0.734613       0.539657
          28000        1.84756       -1.53598        2.35925
          28100       0.211771       -1.20838        1.46019
          28200      0.0541345       -1.11026        1.23267
          28300       0.732921       0.379331       0.143892
          28400       0.633285      -0.451894       0.204208
          28500       0.157655       0.776494       0.602943
          28600       0.158786       -1.18257        1.39848
          28700       0.525513       -1.31336        1.72492
          28800       0.996366      0.0426468     0.00181875
          28900     0.00168374       0.979268       0.958967
          29000       0.420853       0.592679       0.351268
          29100       0.462521       -1.29618        1.68009
          29200       0.029702      -0.909757       0.827657
          29300       0.186313       0.753897        0.56836
          29400      0.0786289       -1.13155        1.28041
          29500       0.159205       0.775239       0.600995
          29600       0.944428       -1.40421        1.97182
          29700      0.0755834      -0.851514       0.725076
          29800       0.910613      -0.213868      0.0457394
          29900       0.404418       0.603375       0.364062
          30000       0.135281       0.795106       0.632194
          30100       0.186716        1.19671        1.43211
          30200       0.410936       -1.28103        1.64104
          30300       0.845584       -1.38548        1.91956
          30400        0.41465       -1.28216        1.64393
          30500      0.0895436       0.837115       0.700762
          30600        0.57945       -1.32711        1.76122
          30700      0.0442471       0.888623        0.78965
          30800       0.502018        1.30711        1.70853
          30900       0.202321       0.741754       0.550199
          31000        1.99546       -1.55326        2.41261
          31100       0.986876       0.081141     0.00658386
          31200      0.0542698        1.11039        1.23296
          31300     0.00219146       -1.02314        1.04681
          31400     0.00182626        1.02114        1.04273
          31500       0.803658       0.321761        0.10353
          31600       0.713795      -0.393873       0.155136
          31700       0.070195       0.857354       0.735057
          31800     0.00329436        -1.0283         1.0574
          31900       0.382042       0.617984       0.381905
          32000       0.267438       -1.23172        1.51714
          32100      0.0546189      -0.875382       0.766293
          32200       0.108037      -0.819335        0.67131
          32300      0.0559111       -0.87381       0.763545
          32400       0.576178       0.490852       0.240936
          32500      0.0308683        1.08429        1.17569
          32600       0.354169       0.636301       0.404879
          32700       0.174253       0.763258       0.582563
          32800      0.0252795       0.917063       0.841005
          32900       0.237739       -1.21967        1.48758
          33000     0.00836531       0.953173       0.908538
          33100       0.148296       -0.78416       0.614907
          33200        0.92825      -0.191161      0.0365425
          33300      0.0339972      -0.903115       0.815617
          33400      0.0522248        1.10839        1.22853
          33500      0.0850786        1.13652        1.29168
          33600       0.723889      -0.386242       0.149183
          33700       0.238184        1.21985        1.48804
          33800       0.416332      -0.595619       0.354762
          33900    4.30397e-05       -1.00327        1.00656
          34000       0.102392       0.824629       0.680012
          34100       0.190478      -0.750708       0.563563
          34200      0.0450253       0.887586       0.787808
          34300       0.753403      -0.363334       0.132012
          34400       0.977099       0.107317       0.011517
          34500      0.0309001       0.907863       0.824216
          34600       0.173718       -1.19029        1.41679
          34700       0.104812      -0.822346       0.676253
          34800       0.967364       0.128271      0.0164535
          34900    1.51969e-05       -1.00195         1.0039
          35000       0.164667       0.770849       0.594208
          35100       0.828918      -0.299251      0.0895509
          35200      0.0208727      -0.924947       0.855526
          35300       0.160391        1.18342        1.40049
          35400       0.228726       -1.21583        1.47825
          35500       0.940169        0.17429       0.030377
          35600       0.647305      -0.442094       0.195447
          35700       0.967273       -1.40837         1.9835
          35800       0.235156        1.21858        1.48493
          35900      0.0820725       0.844699       0.713517
          36000        0.30321        1.24525        1.55064
          36100       0.341011        0.64501       0.416038
          36200       0.985777     -0.0844803     0.00713692
          36300       0.835513       0.293148      0.0859359
          36400       0.112757        1.15577        1.33579
          36500        0.95241      -0.155193       0.024085
          36600      0.0886504      -0.838008       0.702258
          36700      0.0451935       0.887363       0.787412
          36800       0.425951      -0.589365       0.347351
          36900      0.0041252      -0.967353       0.935772
          37000       0.906077        0.21936       0.048119
          37100       0.900035      -0.226492      0.0512984
          37200       0.284018       0.683423       0.467066
          37300      0.0120995      -0.943399       0.890002
          37400       0.193572       -1.19999        1.43997
          37500       0.773249      -0.347353       0.120654
          37600       0.119184      -0.809178       0.654769
          37700       0.131205       -0.79861       0.637778
          37800       0.599449      -0.475141       0.225759
          37900       0.165103      -0.770501       0.593672
          38000       0.505569      -0.537556       0.288966
          38100       0.141848        -1.1733        1.37663
          38200       0.626892      -0.456327       0.208235
          38300    0.000525227       -1.01139        1.02292
          38400    0.000326937          1.009        1.01808
          38500       0.316203       0.661574       0.437681
          38600       0.100857       0.826087        0.68242
          38700        1.28171       -1.46018        2.13213
          38800       0.274333      -0.690096       0.476232
          38900       0.974428      -0.113441      0.0128688
          39000      0.0416185       -1.09727        1.20401
          39100       0.366172       -1.26693        1.60512
          39200       0.241386        1.22119        1.49131
          39300      0.0433359       0.889847       0.791827
          39400      0.0668611       -0.86106       0.741425
          39500       0.751512       0.364832       0.133102
          39600       0.167494       -1.18712        1.40926
          39700         0.8395        1.38428        1.91624
          39800       0.846148      -0.283085       0.080137
          39900       0.352286       -1.26235        1.59354
          40000      0.0365513        1.09141        1.19118
          40100       0.616014      -0.463826       0.215134
          40200      0.0122791       0.942968       0.889189
          40300       0.159961        -1.1832        1.39995
          40400      0.0447617      -0.887936        0.78843
          40500      0.0671696      -0.860714       0.740829
          40600        0.60256      -0.473025       0.223753
          40700       0.325669       -0.65523       0.429326
          40800       0.425328       -1.28537        1.65217
          40900      0.0234752       -1.07388        1.15322
          41000       0.268557         0.6941       0.481775
          41100       0.178495       0.759943       0.577514
          41200       0.172038        1.18944        1.41477
          41300       0.572343      -0.493423       0.243466
          41400       0.816771      -0.310236      0.0962464
          41500        1.34493        -1.4696        2.15971
          41600     0.00281134       0.973128       0.946978
          41700       0.384419         1.2728        1.62002
          41800       0.484675       0.551193       0.303814
          41900       0.244218       0.711207       0.505816
          42000      0.0395413        1.09492        1.19885
          42100       0.226557       0.723892        0.52402
          42200       0.455604       0.570101       0.325015
          42300    4.47543e-06       -1.00106        1.00212
          42400        0.10193        1.14859        1.31926
          42500       0.754722      -0.362288       0.131253
          42600      0.0274738      -0.913372       0.834248
          42700      0.0339685       0.903158       0.815695
          42800       0.672331        1.34906        1.81996
          42900      0.0342573       0.902725       0.814913
          43000       0.865931       0.263525      0.0694457
          43100       0.856395        -0.2731      0.0745837
          43200       0.243194        1.22194        1.49315
          43300       0.284869      -0.682839       0.466269
          43400     0.00055698       0.988129         0.9764
          43500       0.455264        1.29411        1.67473
          43600       0.109845       0.817662       0.668572
          43700       0.565827        1.32371        1.75221
          43800      0.0573924       0.872028       0.760433
          43900      0.0305269       0.908449        0.82528
          44000      0.0658118       0.862242       0.743462
          44100       0.115053        -0.8129       0.660806
          44200       0.418045      -0.594505       0.353436
          44300       0.267825      -0.694609       0.482482
          44400       0.271046       0.692372       0.479379
          44500        0.99735      0.0364108     0.00132575
          44600       0.177979       0.760345       0.578124
          44700       0.129628      -0.799976       0.639962
          44800       0.508938       0.535352       0.286601
          44900        0.53749       0.516588       0.266863
          45000        0.99863      0.0261737    0.000685062
          45100       0.890739      -0.237087      0.0562103
          45200       0.313472       -1.24895        1.55989
          45300        0.97696      -0.107644      0.0115872
          45400       0.050879      -0.880021       0.774436
          45500     0.00813366        1.04412        1.09019
          45600       0.946877       0.164085      0.0269238
          45700      0.0396467        1.09504        1.19911
          45800      0.0141563      -0.938627        0.88102
          45900       0.899692       -0.22689      0.0514791
          46000      0.0198606       0.926861       0.859072
          46100       0.164138      -0.771272       0.594861
          46200      0.0377803      -0.897568       0.805628
          46300    4.77261e-08       -1.00011        1.00022
          46400      0.0909882         1.1409        1.30164
          46500      0.0599261       0.869024       0.755202
          46600       0.432359         0.5852        0.34246
          46700       0.148208       -1.17685        1.38498
          46800       0.196936       -1.20157        1.44377
          46900      0.0172718        1.06368        1.13142
          47000       0.982443      0.0939016     0.00881752
          47100       0.997535      0.0351193     0.00123336
          47200      0.0816923      -0.845093       0.714181
          47300       0.557155      -0.503559       0.253572
          47400    0.000132981       0.994217       0.988468
          47500      0.0216277      -0.923546       0.852937
          47600      0.0279296      -0.912622       0.832878
          47700       0.950138       0.158902      0.0252497
          47800       0.720342       0.388935       0.151271
          47900      0.0379503       0.897325       0.805192
          48000      0.0818624       -1.13407        1.28612
          48100       0.612838       0.466005       0.217161
          48200      0.0732283        1.12721        1.27061
          48300       0.689937        1.35301        1.83062
          48400      0.0503934      -0.880633       0.775515
          48500       0.925822      -0.194432      0.0378037
          48600       0.233903       -1.21805        1.48364
          48700       0.627361       0.456003       0.207938
          48800       0.181341        1.19409        1.42584
          48900       0.983453      0.0911489     0.00830812
          49000       0.387377        1.27373         1.6224
          49100       0.335972        1.25683        1.57963
          49200     0.00749679       -1.04239        1.08658
          49300      0.0813023       -1.13364        1.28514
          49400       0.935112       0.181626      0.0329881
          49500       0.531752         -1.315        1.72921
          49600       0.998305      0.0291166    0.000847776
          49700      0.0773825        1.13056        1.27818
          49800       0.206124        1.20582        1.45401
          49900     0.00452853      -0.965767       0.932706
          50000      0.0145944      -0.937653       0.879193
          50100       0.253986        1.22636        1.50397
          50200      0.0419296       -1.09762        1.20477
          50300       0.888615       -0.23945      0.0573361
          50400        1.15287       -1.44004        2.07372
          50500     0.00225063       0.975991       0.952559
          50600       0.834224        1.38324        1.91336
          50700      0.0370297        1.09198        1.19243
          50800       0.282491       0.684471       0.468501
          50900       0.503379       0.538988       0.290508
          51000      0.0621252      -0.866459       0.750751
          51100       0.405315       -1.27931        1.63664
          51200     0.00428543        1.03221        1.06546
          51300       0.424034       0.590611       0.348821
          51400       0.623118       0.458936       0.210622
          51500       0.727266       0.383668       0.147201
          51600        0.97968       0.101056      0.0102124
          51700       0.150321       0.782488       0.612287
          51800       0.155024        1.18056        1.39373
          51900      0.0166281       -1.06252        1.12895
          52000       0.119092       -0.80926       0.654902
          52100       0.220679      -0.728173       0.530235
          52200    0.000222123       -1.00742         1.0149
          52300       0.121471       0.807139       0.651473
          52400      0.0949485      -0.831783       0.691863
          52500       0.204896       -1.20526        1.45265
          52600       0.271095      -0.692338       0.479332
          52700       0.299072       0.673146       0.453125
          52800       0.304658      -0.669359       0.448042
          52900       0.103339        1.14955        1.32146
          53000     0.00546634       0.962323       0.926065
          53100       0.444224       -1.29093         1.6665
          53200       0.139422       0.791585       0.626607
          53300      0.0483336       -1.10447        1.21985
          53400       0.529974      -0.521543       0.272007
          53500    0.000811862        0.98565       0.971507
          53600        0.14428        1.17467        1.37984
          53700        0.31409       0.662995       0.439563
          53800       0.278545       0.687187       0.472226
          53900     0.00293339      -0.972543       0.945839
          54000       0.363095       -1.26593        1.60257
          54100       0.137345        1.17073         1.3706
          54200      0.0217922        1.07127        1.14762
          54300       0.012082       0.943441       0.890082
          54400       0.597773       0.476279       0.226842
          54500       0.887556       -0.24062      0.0578979
          54600       0.223085      -0.726417       0.527682
          54700       0.956491       0.148312      0.0219966
          54800      0.0924905       0.834193       0.695877
          54900       0.650078       0.440143       0.193726
          55000    0.000138226      -0.994104       0.988243
          55100       0.488285        1.30337        1.69877
          55200       0.146409      -0.785726       0.617365
          55300       0.735589      -0.377273       0.142335
          55400      0.0478196       0.883925       0.781323
          55500       0.992336      0.0619646     0.00383961
          55600      0.0947569        0.83197       0.692174
          55700       0.558233      -0.502842        0.25285
          55800       0.930203       0.188494      0.0355299
          55900     0.00602054        1.03807        1.07759
          56000       0.180804      -0.758149        0.57479
          56100        0.12277       -1.16206        1.35038
          56200      0.0327122       -1.08668        1.18087
          56300      0.0311613      -0.907455       0.823474
          56400      0.0138701       -1.05725        1.11777
          56500        1.88701        1.54068        2.37369
          56600       0.227701       -1.21539        1.47718
          56700      0.0579876      -0.871317       0.759194
          56800       0.251648       0.705942       0.498354
          56900       0.196775      -0.745927       0.556407
          57000       0.371043      -0.625194       0.390867
          57100       0.639099        1.34143        1.79944
          57200       0.391477       -1.27502        1.62568
          57300      0.0695718        1.12417        1.26376
          57400      0.0248247      -0.917846       0.842442
          57500      0.0130774       -1.05563        1.11436
          57600     0.00530637       0.962889       0.927155
          57700       0.247232       -1.22361        1.49722
          57800       0.169334      -0.767136       0.588498
          57900       0.473335      -0.558575       0.312007
          58000      0.0857678        1.13704        1.29286
          58100     0.00682611        1.04049        1.08262
          58200       0.798205        1.37602        1.89342
          58300       0.927689      -0.191922      0.0368339
          58400      0.0309752        1.08443          1.176
          58500       0.200151        1.20307        1.44738
          58600      0.0408915       0.893187       0.797783
          58700       0.300069         1.2441        1.54779
          58800       0.427689       -1.28607        1.65398
          58900       0.494682      -0.544668       0.296663
          59000       0.956958       0.147505      0.0217577
          59100       0.808738      -0.317335       0.100702
          59200    0.000479069        1.01088        1.02189
          59300     0.00184957        0.97826       0.956993
          59400        1.01421       -1.41671        2.00708
          59500       0.115833       -1.15773        1.34034
          59600       0.858102       0.271408       0.073662
          59700      0.0899457      -0.836714       0.700091
          59800       0.601603       0.473677        0.22437
          59900      0.0393489       -0.89534       0.801635
          60000       0.172277        1.18956        1.41506
          60100       0.999966    -0.00409853    1.67979e-05
          60200      0.0725331       0.854798        0.73068
          60300      0.0268982       -1.07889        1.16401
          60400      0.0759401      -0.851133       0.724428
          60500        0.90754      -0.217603       0.047351
          60600      0.0143281       0.938243         0.8803
          60700       0.991139      0.0666348      0.0044402
          60800       0.114637       0.813277       0.661419
          60900       0.584541       -1.32836        1.76455
          61000       0.286732      -0.681561       0.464526
          61100       0.245765       -1.22301        1.49575
          61200    0.000424606        1.01025        1.02061
          61300       0.291879      -0.678042       0.459741
          61400       0.012431        1.05427        1.11149
          61500      0.0339848      -0.903134        0.81565
          61600       0.145377      -0.786586       0.618717
          61700       0.047273      -0.884634       0.782577
          61800       0.371884       -1.26879        1.60982
          61900       0.470793       0.560229       0.313857
          62000      0.0329999       -1.08704        1.18166
          62100        0.07826       -1.13126        1.27975
          62200       0.621671      -0.459933       0.211539
          62300      0.0359836        0.90017       0.810307
          62400      0.0158568         1.0611        1.12592
          62500      0.0981474      -0.828683       0.686715
          62600         0.6133      -0.465688       0.216865
          62700      0.0625766         1.1181        1.25015
          62800       0.306404      -0.668179       0.446463
          62900       0.935061       0.181699      0.0330146
          63000       0.882256      -0.246405      0.0607152
          63100       0.298602       -1.24356        1.54645
          63200        0.39795       0.607591       0.369167
          63300       0.448464        1.29216        1.66967
          63400       0.444081      -0.577587       0.333606
          63500       0.908253      -0.216742      0.0469771
          63600       0.992684      0.0605369     0.00366471
          63700       0.421136      -0.592495        0.35105
          63800     0.00736168      -0.956138         0.9142
          63900        0.48007       0.554193       0.307129
          64000       0.380445        0.61903       0.383198
          64100     0.00818227        1.04425        1.09046
          64200      0.0117869        1.05289        1.10857
          64300       0.728547      -0.382688        0.14645
          64400      0.0102537       0.948019        0.89874
          64500        0.47705      -0.556158       0.309312
          64600       0.959335      -0.143329      0.0205433
          64700       0.981869      0.0954295     0.00910679
          64800       0.789955      -0.333475       0.111206
          64900       0.525863       0.524248       0.274836
          65000       0.412075        1.28138        1.64193
          65100       0.683017       0.416595       0.173552
          65200       0.452395      -0.572186       0.327397
          65300       0.851491      -0.277916      0.0772371
          65400      0.0271032       -1.07918        1.16463
          65500       0.969764       0.123427      0.0152342
          65600       0.736795      -0.376341       0.141633
          65700     0.00426866      -0.966781       0.934665
          65800       0.591231      -0.480712       0.231084
          65900        3.95966       -1.72913        2.98989
          66000       0.975206      -0.111691       0.012475
          66100       0.961323      -0.139747      0.0195292
          66200      0.0242854       0.918783       0.844162
          66300       0.688634      -0.412505        0.17016
          66400       0.198339       -1.20223        1.44535
          66500       0.578789      -0.489099       0.239218
          66600      0.0945836      -0.832139       0.692456
          66700       0.537905       -1.31659        1.73342
          66800      0.0198692       0.926845       0.859042
          66900      0.0406723        1.09621        1.20167
          67000        0.55015       -1.31974        1.74172
          67100       0.754143      -0.362748       0.131586
          67200       0.882264       0.246395      0.0607107
          67300        1.20963        1.44908        2.09983
          67400      0.0338308       -1.08809        1.18393
          67500      0.0373408       -1.09235        1.19324
          67600       0.816323      -0.310635       0.096494
          67700        1.75107        1.52423        2.32328
          67800       0.301249      -0.671668       0.451139
          67900       0.646202      -0.442869       0.196133
          68000     0.00850974        0.95276       0.907752
          68100        2.09879        1.56484        2.44872
          68200       0.165165        1.18592         1.4064
          68300       0.476625        1.30015        1.69038
          68400       0.248762       0.707983       0.501239
          68500       0.106161       0.821082       0.674176
          68600      0.0908018        1.14076        1.30133
          68700       0.443326       0.578077       0.334173
          68800       0.561155       -1.32254         1.7491
          68900       0.409102        1.28047        1.63961
          69000        0.48702      -0.549665       0.302132
          69100       0.170788      -0.765986       0.586734
          69200       0.179465       0.759188       0.576367
          69300       0.995422       0.047871     0.00229164
          69400       0.205202        -0.7396       0.547008
          69500       0.156888        1.18156        1.39609
          69600       0.270908       -1.23308        1.52049
          69700       0.426756      -0.588841       0.346734
          69800       0.598296       -1.33173         1.7735
          69900       0.390627       0.612371       0.374998
          70000     0.00535611       0.962712       0.926815
          70100        0.82106      -0.306393      0.0938765
          70200       0.798165       0.326495       0.106599
          70300       0.422045      -0.591904        0.35035
          70400     0.00582831      -0.961071       0.923657
          70500       0.340897        1.25852        1.58386
          70600       0.147684        1.17656         1.3843
          70700      0.0211623       0.924406       0.854527
          70800         0.7755       0.345507       0.119375
          70900        0.18674        1.19672        1.43213
          71000      0.0633698      -0.865024       0.748266
          71100       0.203861      -0.740601        0.54849
          71200       0.807001       0.318854       0.101668
          71300       0.219992       -1.21204        1.46903
          71400      0.0710706      -0.856393       0.733409
          71500       0.925752      -0.194525      0.0378399
          71600       0.787289       0.335718       0.112707
          71700       0.126693        1.16445        1.35594
          71800     0.00411546      -0.967392       0.935848
          71900        0.12997       0.799679       0.639486
          72000       0.235012       -1.21852        1.48478
          72100       0.448739       -1.29224        1.66988
          72200    0.000548072      -0.988225       0.976589
          72300       0.398795       -0.60704       0.368498
          72400       0.563051       0.499633       0.249633
          72500      0.0025453      -0.974448       0.949549
          72600      0.0295356       -1.08252        1.17186
          72700      0.0243094      -0.918741       0.844085
          72800       0.242454       -1.22164         1.4924
          72900      0.0144743      -0.937918       0.879691
          73000          0.847      -0.282265      0.0796738
          73100      0.0333958       -1.08754        1.18275
          73200       0.298127      -0.673788        0.45399
          73300       0.449769       -1.29254        1.67065
          73400        0.86607       0.263384      0.0693712
          73500       0.853949       0.275511      0.0759064
          73600        0.81821       -0.30895      0.0954503
          73700       0.393993       -1.27581        1.62769
          73800       0.170207        1.18851        1.41256
          73900       0.564659       -0.49856       0.248562
          74000      0.0334162      -0.903991       0.817199
          74100        0.14474        1.17492        1.38045
          74200       0.104383       0.822749       0.676916
          74300       0.910216       0.214353      0.0459474
          74400       0.337364       -1.25731        1.58083
          74500       0.954475       0.151749      0.0230278
          74600       0.998245      0.0296305    0.000877968
          74700       0.790313        1.37441          1.889
          74800       0.557908        1.32172        1.74693
          74900       0.869491       0.259875      0.0675351
          75000        1.00577        1.41523        2.00288
          75100       0.492148        1.30443        1.70153
          75200       0.273381       0.690754       0.477141
          75300       0.893803       -1.39478        1.94541
          75400    0.000338513      -0.990758       0.981601
          75500     0.00604436        1.03815        1.07775
          75600       0.868836       -1.39001        1.93211
          75700       0.292337        0.67773       0.459318
          75800       0.509765        0.53481       0.286021
          75900        1.91551        1.54403        2.38402
          76000       0.649982      -0.440211       0.193785
          76100       0.561766       0.500489       0.250489
          76200     0.00468492       -1.03366        1.06845
          76300       0.139746       0.791312       0.626174
          76400       0.940455       -1.40349        1.96977
          76500       0.159781      -0.774773       0.600273
          76600      0.0313107      -0.907222       0.823052
          76700       0.219892      -0.728748       0.531074
          76800       0.958484      -0.144837      0.0209779
          76900       0.751841       0.364572       0.132913
          77000         0.7808       -1.37245        1.88363
          77100    0.000390306       0.990073       0.980244
          77200        0.38023        1.27147        1.61663
          77300       0.975614      -0.110762      0.0122682
          77400       0.472641       0.559027       0.312511
          77500       0.218764      -0.729574       0.532278
          77600       0.144647        1.17487        1.38033
          77700       0.605687       -1.33351        1.77826
          77800     0.00368658        1.02991        1.06072
          77900        0.33347       -1.25597        1.57747
          78000       0.692495       0.409679       0.167837
          78100    1.87498e-06        1.00068        1.00137
          78200       0.464234       -1.29667        1.68135
          78300      0.0836063        1.13541        1.28915
          78400       0.234957       0.717828       0.515277
          78500       0.297442        1.24313        1.54538
          78600      0.0656486        1.12081        1.25622
          78700    0.000143659       0.993989       0.988014
          78800        1.72272         1.5207        2.31253
          78900      0.0331385       0.904411        0.81796
          79000       0.329827      -0.652453       0.425695
          79100       0.199665      -0.743748       0.553161
          79200     0.00876821        1.04577        1.09364
          79300       0.200465        1.20322        1.44773
          79400      0.0217435       0.923333       0.852543
          79500       0.274806        1.23459        1.52422
          79600      0.0281181      -0.912313       0.832316
          79700       0.202162      -0.741873       0.550375
          79800       0.929574       -1.40148        1.96414
          79900       0.229056       0.722082       0.521402
          80000    0.000301681        1.00865        1.01737
          80100       0.240481        1.22081        1.49039
          80200      0.0641176      -0.864167       0.746785
          80300       0.137251      -0.793427       0.629526
          80400        1.03065        1.41958        2.01521
          80500       0.998217     -0.0298641    0.000891863
          80600      0.0675369      -0.860303       0.740121
          80700       0.817888       0.309238      0.0956283
          80800       0.979808       0.100735      0.0101475
          80900      0.0162924         1.0619        1.12764
          81000       0.123479       0.805359       0.648604
          81100       0.138322       -1.17129        1.37192
          81200      0.0283991        1.08098        1.16852
          81300       0.752744      -0.363857       0.132392
          81400       0.517594       0.529679        0.28056
          81500      0.0562117      -0.873447        0.76291
          81600       0.997823     -0.0330042     0.00108927
          81700      0.0698345        1.12439        1.26426
          81800       0.016626       0.933305       0.871058
          81900       0.602802       -0.47286       0.223597
          82000       0.194893       -1.20061        1.44147
          82100       0.872298       0.256966      0.0660313
          82200        1.74002       -1.52286         2.3191
          82300        1.25862        1.45667        2.12188
          82400       0.766601       0.352764       0.124443
          82500      0.0431404        1.09896         1.2077
          82600       0.445607      -0.576595       0.332462
          82700       0.402061      -0.604911       0.365917
          82800     0.00427663       0.966749       0.934604
          82900      0.0439461        1.09983        1.20963
          83000       0.117275       -1.15864        1.34245
          83100       0.057626       -1.11358        1.24005
          83200      0.0313128       0.907219       0.823046
          83300       0.512844      -0.532793       0.283868
          83400        1.79477        -1.5296        2.33969
          83500    0.000568408       -1.01185        1.02384
          83600       0.815696       0.311193       0.096841
          83700       0.967854      -0.127296      0.0162043
          83800      0.0354246      -0.900992       0.811786
          83900       0.141052       -0.79021       0.624432
          84000       0.281674      -0.685033        0.46927
          84100      0.0266695      -0.914709       0.836692
          84200      0.0230256       -1.07319        1.15174
          84300       0.537406       0.516643        0.26692
          84400      0.0557633        1.11182        1.23614
          84500       0.569129        1.32454        1.75441
          84600       0.143305      -0.788317       0.621444
          84700        0.76144       0.356924       0.127394
          84800     0.00675893       -1.04029        1.08221
          84900       0.104585        1.15039         1.3234
          85000     0.00636748        1.03913         1.0798
          85100         1.2562         1.4563         2.1208
          85200       0.504941      -0.537967       0.289408
          85300         0.5341      -0.518824       0.269178
          85400      0.0274529       0.913406       0.834311
          85500        0.50184       0.539994       0.291594
          85600       0.190773      -0.750483       0.563224
          85700       0.217261      -0.730676       0.533888
          85800       0.489482      -0.548061        0.30037
          85900       0.990449      0.0691873     0.00478688
          86000       0.185491      -0.754528       0.569313
          86100      0.0818957        -1.1341        1.28617
          86200      0.0571455       0.872324       0.760949
          86300     0.00347002        -0.9701       0.941093
          86400      0.0163842       -1.06207          1.128
          86500      0.0233937       0.920353        0.84705
          86600       0.436882       0.582263        0.33903
          86700       0.131634       -0.79824       0.637186
          86800      0.0314693       -1.08508         1.1774
          86900       0.203827       -1.20477        1.45147
          87000       0.160541         1.1835        1.40068
          87100       0.551892      -0.507056       0.257106
          87200       0.197453       0.745415       0.555643
          87300       0.869889      -0.259464      0.0673217
          87400       0.434629       -1.28812        1.65926
          87500       0.644206       0.444269       0.197375
          87600      0.0445097       0.888272       0.789027
          87700        1.49692        1.49114        2.22349
          87800       0.136992        1.17052        1.37012
          87900      0.0541689        1.11029        1.23274
          88000      0.0084505       -1.04495        1.09193
          88100       0.333669      -0.649892       0.422359
          88200      0.0694952      -0.858126       0.736381
          88300       0.223191      -0.726339       0.527569
          88400      0.0945467       0.832175       0.692516
          88500       0.205834       0.739129       0.546311
          88600      0.0468554        1.10293        1.21646
          88700       0.474803        1.29964        1.68906
          88800       0.309303       0.666221        0.44385
          88900     0.00432588       -1.03236        1.06577
          89000       0.257059         1.2276        1.50701
          89100       0.799847      -0.325051       0.105658
          89200       0.170835       -1.18883        1.41332
          89300       0.192309       0.749313       0.561469
          89400       0.734238       -1.36267        1.85688
          89500        0.79326       0.330679       0.109349
          89600        0.49486      -0.544552       0.296537
          89700      0.0513238      -0.879461       0.773453
          89800       0.885101      -0.243314      0.0592017
          89900       0.956795       0.147788      0.0218412
          90000        0.94727      -0.163469       0.026722
          90100       0.607145        1.33386         1.7792
          90200       0.363317       0.630271       0.397242
          90300       0.948596        1.40498        1.97396
          90400      0.0267091       -1.07862        1.16343
          90500       0.201924       -1.20389        1.44936
          90600       0.473678      -0.558353       0.311758
          90700       0.407523      -0.601353       0.361625
          90800      0.0112856       -1.05178        1.10623
          90900       0.514584      -0.531653       0.282655
          91000       0.607082       0.469942       0.220846
          91100       0.279869        1.23654        1.52903
          91200       0.177343       0.760841       0.578879
          91300     0.00707324        -1.0412         1.0841
          91400      0.0120193       -1.05339        1.10963
          91500       0.999872    -0.00799593    6.39348e-05
          91600       0.297615      -0.674136       0.454459
          91700    9.29497e-05      -0.995168       0.990359
          91800      0.0106401       0.947021       0.896849
          91900      0.0702483       -1.12474        1.26504
          92000       0.467642        1.29763        1.68384
          92100    3.91497e-05       0.996867       0.993743
          92200       0.312958        1.24877        1.55943
          92300       0.208395       -1.20686         1.4565
          92400     0.00465972       0.965266       0.931738
          92500       0.955184        1.40618        1.97734
          92600       0.627883       0.455642        0.20761
          92700       0.365451        -1.2667        1.60453
          92800       0.262997       0.697974       0.487168
          92900       0.013587      -0.939913       0.883437
          93000      0.0581399       0.871136       0.758878
          93100        0.13503      -0.795321       0.632536
          93200       0.622317      -0.459488       0.211129
          93300      0.0479729       0.883727       0.780973
          93400       0.356487      -0.634771       0.402934
          93500       0.425791      -0.589469       0.347473
          93600         1.0553        1.42382        2.02728
          93700       0.994088      0.0544072     0.00296014
          93800       0.195483      -0.746904       0.557865
          93900       0.105708        1.15114        1.32513
          94000       0.805883       0.319829        0.10229
          94100      0.0788393       0.848066       0.719217
          94200       0.249399      -0.707532       0.500601
          94300       0.231947       0.719994       0.518392
          94400      0.0123488        -1.0541        1.11113
          94500       0.582976      -0.486283       0.236472
          94600       0.758666      -0.359145       0.128985
          94700     0.00873396       0.952126       0.906544
          94800       0.527632       0.523084       0.273617
          94900      0.0230002      -0.921055       0.848342
          95000     0.00310088        1.02747        1.05569
          95100       0.109168       -1.15343        1.33041
          95200       0.587302       -1.32904        1.76636
          95300        1.49297       -1.49059        2.22187
          95400        0.10359       0.823496       0.678146
          95500       0.484738       0.551152       0.303769
          95600       0.120957        1.16094        1.34779
          95700       0.144073      -0.787674       0.620431
          95800      0.0722498       0.855106       0.731207
          95900       0.477868       0.555626        0.30872
          96000       0.352514      -0.637394       0.406271
          96100       0.971017      -0.120822       0.014598
          96200     0.00641396        1.03927        1.08009
          96300       0.109362       0.818108       0.669301
          96400       0.257248          0.702       0.492803
          96500       0.398712      -0.607095       0.368564
          96600       0.732554       0.379613       0.144106
          96700       0.951798       -1.40556         1.9756
          96800        0.40348        1.27875         1.6352
          96900        0.60956      -0.468249       0.219257
          97000       0.428081      -0.587981       0.345721
          97100       0.905954      -0.219508      0.0481838
          97200       0.028357        1.08092         1.1684
          97300       0.856101      -0.273391      0.0747427
          97400       0.248392       0.708245       0.501611
          97500       0.345157       0.642261       0.412499
          97600      0.0279571        1.08037         1.1672
          97700      0.0545214       -1.11063         1.2335
          97800       0.693183      -0.409175       0.167424
          97900       0.589007      -0.482215       0.232532
          98000      0.0135986        -1.0567        1.11661
          98100       0.118056       -0.81019       0.656407
          98200       0.988145       0.077104     0.00594503
          98300       0.461801      -0.566074        0.32044
          98400      0.0734964      -0.853755       0.728898
          98500     0.00615986        -1.0385        1.07848
          98600       0.211564      -0.734873       0.540039
          98700     0.00167738       0.979308       0.959044
          98800       0.113066        1.15596        1.33625
          98900       0.354769      -0.635905       0.404375
          99000       0.926916      -0.192965      0.0372354
          99100       0.139952       -1.17222         1.3741
          99200        1.78321       -1.52819        2.33537
          99300       0.472647       0.559023       0.312507
          99400       0.464517       0.564309       0.318445
          99500       0.592483      -0.479865       0.230271
          99600       0.051346       0.879434       0.773403
          99700       0.013469        1.05644        1.11606
          99800       0.938722       0.176418      0.0311232
          99900       0.152017      -0.781093       0.610106
         100000       0.042426       -0.89108       0.794024
