              0    0.000275403     -0.0234692    0.000550806
            100      0.0126701       0.159186      0.0253402
            200      0.0338497       0.260191      0.0676993
            300     0.00124251       -0.04985     0.00248502
            400     0.00281362      -0.075015     0.00562725
            500     0.00123132       0.049625     0.00246264
            600      0.0139899      -0.167272      0.0279799
            700       0.341278      -0.826169       0.682555
            800       0.485788      -0.985686       0.971576
            900       0.286864      -0.757448       0.573727
           1000       0.682057       -1.16795        1.36411
           1100          1.084       -1.47242        2.16801
           1200        1.36858       -1.65444        2.73716
           1300       0.825949       -1.28526         1.6519
           1400        1.13927       -1.50948        2.27854
           1500       0.670463       -1.15798        1.34093
           1600        1.14745       -1.51489         2.2949
           1700        1.24799       -1.57987        2.49598
           1800       0.929561        -1.3635        1.85912
           1900        1.05268       -1.45098        2.10535
           2000        1.23704       -1.57292        2.47407
           2100        1.31142       -1.61952        2.62284
           2200        2.23088       -2.11229        4.46176
           2300        1.82194        -1.9089        3.64388
           2400        2.44849       -2.21291        4.89699
           2500        1.90627       -1.95257        3.81254
           2600        1.68902       -1.83794        3.37803
           2700        3.01003       -2.45358        6.02005
           2800         2.6616       -2.30721        5.32321
           2900        3.88176       -2.78631        7.76352
           3000        4.65865       -3.05242        9.31729
           3100          4.292       -2.92985          8.584
           3200        3.09256       -2.48699        6.18513
           3300        3.02834       -2.46103        6.05667
           3400        3.77327        -2.7471        7.54654
           3500        4.04348       -2.84376        8.08696
           3600        4.00321       -2.82956        8.00643
           3700        4.46245       -2.98746        8.92491
           3800        6.10052         -3.493         12.201
           3900        7.40539       -3.84848        14.8108
           4000        7.32511       -3.82756        14.6502
           4100         6.0762       -3.48603        12.1524
           4200        8.03617       -4.00903        16.0723
           4300        9.54667       -4.36959        19.0933
           4400        10.7126       -4.62874        21.4252
           4500        10.0965       -4.49366         20.193
           4600        8.82808       -4.20192        17.6562
           4700        8.97564       -4.23689        17.9513
           4800        7.78256       -3.94526        15.5651
           4900        8.83719       -4.20409        17.6744
           5000        9.76207       -4.41861        19.5241
           5100        7.27212       -3.81369        14.5442
           5200        6.08937       -3.48981        12.1787
           5300         6.9688       -3.73331        13.9376
           5400        5.97105       -3.45573        11.9421
           5500         4.8494       -3.11429        9.69881
           5600        5.00837       -3.16492        10.0167
           5700        4.90341       -3.13158        9.80682
           5800        4.88393       -3.12536        9.76785
           5900        4.48805       -2.99601         8.9761
           6000        3.77401       -2.74737        7.54802
           6100        4.02498       -2.83725        8.04996
           6200        4.49543       -2.99847        8.99085
           6300        3.31471       -2.57477        6.62943
           6400        1.91518       -1.95713        3.83035
           6500        1.48461       -1.72314        2.96922
           6600        1.61958       -1.79977        3.23917
           6700        1.21039       -1.55589        2.42078
           6800        1.78351       -1.88866        3.56702
           6900        1.30069       -1.61288        2.60137
           7000        1.17177       -1.53087        2.34355
           7100       0.922824       -1.35855        1.84565
           7200       0.466787      -0.966216       0.933573
           7300       0.132201        -0.5142       0.264401
           7400      0.0516559      -0.321422       0.103312
           7500      0.0890834      -0.422098       0.178167
           7600       0.244789      -0.699698       0.489578
           7700       0.477992      -0.977744       0.955984
           7800       0.825372       -1.28481        1.65074
           7900        1.07239       -1.46451        2.14478
           8000        1.62971       -1.80539        3.25942
           8100        1.60742         -1.793        3.21483
           8200        1.38424       -1.66388        2.76849
           8300        1.47737       -1.71894        2.95475
           8400       0.756276       -1.22986        1.51255
           8500       0.824005       -1.28375        1.64801
           8600       0.817143       -1.27839        1.63429
           8700        1.10977       -1.48981        2.21953
           8800        1.04505       -1.44572        2.09011
           8900       0.365166      -0.854595       0.730332
           9000       0.344891      -0.830531       0.689782
           9100       0.526867       -1.02652        1.05373
           9200       0.476768      -0.976492       0.953537
           9300      0.0975341      -0.441665       0.195068
           9400       0.025487      -0.225774      0.0509741
           9500      0.0823377      -0.405802       0.164675
           9600       0.204116       -0.63893       0.408232
           9700       0.259825      -0.720868       0.519651
           9800       0.160906      -0.567284       0.321812
           9900     0.00687688      -0.117276      0.0137538
          10000    0.000641758     -0.0358262     0.00128352
          10100       0.126729      -0.503447       0.253459
          10200       0.540448       -1.03966         1.0809
          10300       0.120229      -0.490364       0.240457
          10400       0.450018      -0.948702       0.900036
          10500       0.622739       -1.11601        1.24548
          10600       0.640692       -1.13198        1.28138
          10700       0.412764      -0.908586       0.825528
          10800       0.374295      -0.865211        0.74859
          10900       0.103386      -0.454722       0.206772
          11000      0.0649992      -0.360553       0.129998
          11100       0.257585      -0.717754       0.515171
          11200       0.407137      -0.902371       0.814274
          11300       0.425593      -0.922598       0.851186
          11400       0.869331       -1.31858        1.73866
          11500       0.504356       -1.00435        1.00871
          11600       0.156784      -0.559972       0.313568
          11700       0.317879      -0.797345       0.635759
          11800       0.408282      -0.903639       0.816563
          11900        1.09908       -1.48262        2.19816
          12000        1.50356       -1.73411        3.00713
          12100        1.26117       -1.58819        2.52234
          12200        0.56837       -1.06618        1.13674
          12300       0.292996      -0.765501       0.585992
          12400       0.721766       -1.20147        1.44353
          12500       0.657176       -1.14645        1.31435
          12600       0.552555       -1.05124        1.10511
          12700        0.53521       -1.03461        1.07042
          12800       0.551534       -1.05027        1.10307
          12900       0.596837       -1.09255        1.19367
          13000       0.642467       -1.13355        1.28493
          13100       0.909441       -1.34866        1.81888
          13200       0.978136       -1.39867        1.95627
          13300        1.10449       -1.48627        2.20898
          13400        1.02115       -1.42909        2.04231
          13500        1.00335       -1.41658         2.0067
          13600        2.04092       -2.02036        4.08185
          13700        1.92266       -1.96095        3.84532
          13800        1.41334       -1.68127        2.82668
          13900        1.87885       -1.93848        3.75769
          14000        2.23692       -2.11514        4.47383
          14100         1.5932       -1.78505         3.1864
          14200        2.67134       -2.31142        5.34267
          14300        2.43798       -2.20816        4.87597
          14400        1.94405       -1.97183         3.8881
          14500        1.77624        -1.8848        3.55248
          14600        1.98974       -1.99486        3.97948
          14700        1.66863       -1.82682        3.33726
          14800        1.73975       -1.86534        3.47949
          14900        1.09463       -1.47961        2.18926
          15000       0.897638       -1.33988        1.79528
          15100       0.952034       -1.37988        1.90407
          15200        1.35412       -1.64567        2.70824
          15300       0.775033       -1.24502        1.55007
          15400         1.1316       -1.50439        2.26319
          15500        1.01617        -1.4256        2.03234
          15600        1.39565       -1.67072         2.7913
          15700         1.8349       -1.91567         3.6698
          15800        1.67123       -1.82824        3.34246
          15900        1.77212       -1.88262        3.54425
          16000        1.27557       -1.59723        2.55114
          16100        1.67335        -1.8294        3.34671
          16200        1.87925       -1.93869        3.75851
          16300        3.20097       -2.53021        6.40195
          16400        3.29146       -2.56572        6.58291
          16500        1.96345       -1.98164         3.9269
          16600        1.38897       -1.66671        2.77793
          16700        1.00607        -1.4185        2.01215
          16800         0.5914       -1.08757         1.1828
          16900       0.283145      -0.752522        0.56629
          17000       0.516048       -1.01592         1.0321
          17100        1.03081       -1.43583        2.06162
          17200        1.42242       -1.68667        2.84484
          17300        1.18667       -1.54056        2.37333
          17400        1.17011       -1.52978        2.34021
          17500        1.11873       -1.49581        2.23746
          17600       0.988187       -1.40584        1.97637
          17700       0.570772       -1.06843        1.14154
          17800        1.39932       -1.67292        2.79865
          17900       0.972797       -1.39485        1.94559
          18000       0.678461       -1.16487        1.35692
          18100        1.17856       -1.53529        2.35713
          18200       0.449954      -0.948635       0.899909
          18300       0.054149      -0.329087       0.108298
          18400        0.21185      -0.650923       0.423701
          18500      0.0852278      -0.412863       0.170456
          18600     0.00341415     -0.0826335      0.0068283
          18700     0.00321119      0.0801397     0.00642237
          18800      0.0289072      -0.240446      0.0578144
          18900       0.227566      -0.674635       0.455132
          19000       0.221367      -0.665382       0.442734
          19100      0.0927649      -0.430732        0.18553
          19200       0.162656      -0.570361       0.325312
          19300       0.255242      -0.714482       0.510484
          19400       0.436343      -0.934176       0.872685
          19500        1.01525       -1.42495        2.03049
          19600       0.996717       -1.41189        1.99343
          19700        1.32133       -1.62563        2.64266
          19800       0.960819       -1.38623        1.92164
          19900       0.824941       -1.28448        1.64988
          20000        1.10472       -1.48642        2.20943
          20100        1.07747       -1.46797        2.15495
          20200       0.953023        -1.3806        1.90605
          20300         1.1818        -1.5374         2.3636
          20400        1.77819       -1.88583        3.55637
          20500        1.65924       -1.82167        3.31848
          20600        2.50458       -2.23812        5.00916
          20700        3.78824       -2.75254        7.57648
          20800        4.73802       -3.07832        9.47605
          20900        6.93534       -3.72434        13.8707
          21000        6.82647       -3.69499        13.6529
          21100        8.04538       -4.01133        16.0908
          21200        9.60622        -4.3832        19.2124
          21300         10.712       -4.62861         21.424
          21400        10.9744       -4.68496        21.9488
          21500        10.4614       -4.57415        20.9228
          21600        9.73749       -4.41305         19.475
          21700        9.13088       -4.27338        18.2618
          21800         8.7275       -4.17792         17.455
          21900        8.35653       -4.08816        16.7131
          22000        8.24623       -4.06109        16.4925
          22100        8.52798       -4.12989         17.056
          22200        9.92314       -4.45492        19.8463
          22300        8.36076        -4.0892        16.7215
          22400        7.89475        -3.9736        15.7895
          22500        5.37599       -3.27902         10.752
          22600        6.06685       -3.48335        12.1337
          22700        5.96014       -3.45257        11.9203
          22800        8.85218       -4.20765        17.7044
          22900        8.37254       -4.09208        16.7451
          23000        8.07825       -4.01952        16.1565
          23100        8.14442       -4.03594        16.2888
          23200        8.54614       -4.13428        17.0923
          23300        8.57675       -4.14168        17.1535
          23400         8.3055       -4.07566         16.611
          23500        9.39943       -4.33576        18.7989
          23600        6.81435       -3.69171        13.6287
          23700        7.52541       -3.87954        15.0508
          23800         8.0948       -4.02363        16.1896
          23900        5.87578       -3.42805        11.7516
          24000        6.31618        -3.5542        12.6324
          24100        6.62511       -3.64009        13.2502
          24200        5.80381       -3.40699        11.6076
          24300        4.48852       -2.99617        8.97703
          24400        3.29439       -2.56686        6.58878
          24500        3.87953       -2.78551        7.75906
          24600        4.87987       -3.12406        9.75973
          24700        4.42973       -2.97648        8.85946
          24800        3.93498       -2.80535        7.86996
          24900         3.3723       -2.59704         6.7446
          25000        2.42863       -2.20392        4.85726
          25100        3.17114       -2.51839        6.34227
          25200        2.73135       -2.33724         5.4627
          25300        3.12187       -2.49875        6.24374
          25400        4.37478       -2.95796        8.74955
          25500        4.31402       -2.93735        8.62805
          25600        3.81738       -2.76311        7.63476
          25700        3.68123       -2.71339        7.36246
          25800        2.73585       -2.33917         5.4717
          25900        2.79563       -2.36458        5.59125
          26000         2.2988        -2.1442         4.5976
          26100        1.24806       -1.57991        2.49612
          26200       0.963663       -1.38828        1.92733
          26300        1.25397       -1.58365        2.50795
          26400        1.56507       -1.76922        3.13013
          26500        2.23869       -2.11598        4.47738
          26600        1.45185       -1.70403        2.90371
          26700        2.01813       -2.00905        4.03627
          26800        2.12592         -2.062        4.25185
          26900        1.71167       -1.85023        3.42333
          27000        2.43032       -2.20469        4.86065
          27100        3.13078       -2.50231        6.26156
          27200        3.43049       -2.61935        6.86098
          27300        2.95395       -2.43062         5.9079
          27400        3.06542       -2.47605        6.13083
          27500          3.446       -2.62526          6.892
          27600        2.94809       -2.42821        5.89619
          27700        1.42543       -1.68845        2.85085
          27800        1.77262       -1.88288        3.54524
          27900        1.84202       -1.91938        3.68404
          28000        1.67644       -1.83109        3.35288
          28100        2.39782        -2.1899        4.79564
          28200        3.48868       -2.64147        6.97736
          28300        3.65696       -2.70443        7.31393
          28400         3.4485       -2.62621        6.89699
          28500        3.65834       -2.70494        7.31669
          28600        3.18793       -2.52505        6.37586
          28700         3.8171         -2.763        7.63419
          28800        5.35121       -3.27145        10.7024
          28900        4.57885       -3.02617        9.15771
          29000        4.58795       -3.02917        9.17589
          29100        3.34444       -2.58629        6.68888
          29200        2.75418       -2.34699        5.50837
          29300        1.77107       -1.88206        3.54213
          29400        2.36591       -2.17527        4.73182
          29500        3.09071       -2.48625        6.18143
          29600         2.7606       -2.34972        5.52121
          29700        3.62974       -2.69434        7.25948
          29800        3.42364       -2.61673        6.84727
          29900        3.90721       -2.79543        7.81442
          30000        5.21168       -3.22852        10.4234
          30100        6.16443       -3.51125        12.3289
          30200        5.50184       -3.31718        11.0037
          30300         6.3795       -3.57197         12.759
          30400        6.31242       -3.55314        12.6248
          30500        6.40886       -3.58018        12.8177
          30600        6.91732        -3.7195        13.8346
          30700        7.96433       -3.99107        15.9287
          30800        8.40961       -4.10113        16.8192
          30900         8.5671       -4.13935        17.1342
          31000        6.36917       -3.56908        12.7383
          31100        5.87657       -3.42828        11.7531
          31200        6.73336        -3.6697        13.4667
          31300        5.81932       -3.41154        11.6386
          31400        6.06887       -3.48393        12.1377
          31500         4.6534        -3.0507        9.30679
          31600        3.75189        -2.7393        7.50378
          31700        4.26779       -2.92157        8.53559
          31800        3.39674       -2.60643        6.79347
          31900         4.8268       -3.10702        9.65359
          32000        4.21613       -2.90383        8.43226
          32100        5.63016       -3.35564        11.2603
          32200        5.86798       -3.42578         11.736
          32300        5.97253       -3.45616        11.9451
          32400          6.818        -3.6927         13.636
          32500        6.30247       -3.55034        12.6049
          32600         6.6417       -3.64464        13.2834
          32700        7.42414       -3.85335        14.8483
          32800        8.64049       -4.15704         17.281
          32900        7.19892       -3.79445        14.3978
          33000        6.85197       -3.70188        13.7039
          33100        7.15816       -3.78369        14.3163
          33200        8.36943       -4.09132        16.7389
          33300        6.53572       -3.61545        13.0714
          33400        7.99187       -3.99797        15.9837
          33500        9.39774       -4.33538        18.7955
          33600        10.0508       -4.48347        20.1015
          33700        9.34301       -4.32273         18.686
          33800        7.72479        -3.9306        15.4496
          33900        6.45653       -3.59348        12.9131
          34000        6.69528       -3.65931        13.3906
          34100        5.30987        -3.2588        10.6197
          34200        4.23391       -2.90995        8.46781
          34300        3.38557       -2.60214        6.77113
          34400        3.96514       -2.81608        7.93028
          34500        4.32023       -2.93947        8.64046
          34600        4.59754       -3.03234        9.19508
          34700        3.87753       -2.78479        7.75507
          34800        4.52825        -3.0094        9.05649
          34900         4.8364       -3.11011        9.67281
          35000        4.71277        -3.0701        9.42553
          35100        3.88266       -2.78663        7.76532
          35200        4.50668       -3.00223        9.01337
          35300        5.38499       -3.28176          10.77
          35400        4.95385       -3.14765         9.9077
          35500        4.77115       -3.08906        9.54229
          35600        6.16132       -3.51036        12.3226
          35700        6.56216       -3.62275        13.1243
          35800        5.08419       -3.18879        10.1684
          35900        5.58312       -3.34159        11.1662
          36000        6.76405       -3.67806        13.5281
          36100        6.28675       -3.54591        12.5735
          36200        7.26969       -3.81305        14.5394
          36300        7.05123       -3.75532        14.1025
          36400        9.05422        -4.2554        18.1084
          36500         11.197       -4.73223         22.394
          36600        9.25049       -4.30128         18.501
          36700        9.57227       -4.37545        19.1445
          36800        9.03234       -4.25026        18.0647
          36900        8.69217       -4.16945        17.3843
          37000        6.87811       -3.70894        13.7562
          37100        6.52472        -3.6124        13.0494
          37200        6.75609       -3.67589        13.5122
          37300        4.77824       -3.09135        9.55647
          37400        3.06902       -2.47751        6.13803
          37500        2.65663       -2.30505        5.31325
          37600        3.51148       -2.65009        7.02296
          37700        3.55408       -2.66611        7.10815
          37800        3.33231       -2.58159        6.66462
          37900        3.71158       -2.72455        7.42317
          38000        2.91898       -2.41619        5.83796
          38100        1.70966       -1.84914        3.41932
          38200        1.66747       -1.82618        3.33494
          38300        2.01532       -2.00764        4.03063
          38400        1.52783       -1.74805        3.05567
          38500        1.64445       -1.81353        3.28891
          38600        1.06134       -1.45694        2.12268
          38700        1.41463       -1.68204        2.82927
          38800        1.08549       -1.47342        2.17097
          38900        1.24998       -1.58113        2.49996
          39000        1.05958       -1.45573        2.11916
          39100       0.863557        -1.3142        1.72711
          39200        1.92091       -1.96006        3.84182
          39300        1.92322       -1.96123        3.84644
          39400        1.41167       -1.68028        2.82335
          39500        1.55281       -1.76228        3.10561
          39600        1.45394       -1.70525        2.90789
          39700        2.02455       -2.01224         4.0491
          39800        1.28826       -1.60515        2.57651
          39900       0.676839       -1.16348        1.35368
          40000        1.25838       -1.58643        2.51675
          40100        1.38798       -1.66612        2.77597
          40200        1.12545        -1.5003        2.25091
          40300        1.36866       -1.65449        2.73733
          40400        1.21021       -1.55577        2.42042
          40500       0.960179       -1.38577        1.92036
          40600       0.966625       -1.39041        1.93325
          40700       0.131997      -0.513804       0.263995
          40800       0.442889      -0.941158       0.885779
          40900       0.354616      -0.842159       0.709232
          41000       0.570124       -1.06782        1.14025
          41100          1.095       -1.47986        2.18999
          41200        1.21496       -1.55882        2.42992
          41300        1.33393       -1.63336        2.66787
          41400        0.82563       -1.28501        1.65126
          41500       0.818435        -1.2794        1.63687
          41600       0.872433       -1.32093        1.74487
          41700        1.23176       -1.56956        2.46352
          41800       0.884384       -1.32995        1.76877
          41900        1.79181       -1.89305        3.58362
          42000        1.98745       -1.99371         3.9749
          42100        1.60223        -1.7901        3.20446
          42200       0.983253       -1.40232        1.96651
          42300        1.28717       -1.60447        2.57433
          42400         1.2209       -1.56263        2.44181
          42500        1.41133       -1.68008        2.82266
          42600        1.09265       -1.47828        2.18531
          42700        1.09818       -1.48201        2.19637
          42800        1.68107       -1.83362        3.36215
          42900        2.14174       -2.06965        4.28347
          43000         2.5305       -2.24967        5.06101
          43100        1.68689       -1.83678        3.37378
          43200       0.970535       -1.39322        1.94107
          43300        0.67656       -1.16324        1.35312
          43400       0.337911      -0.822084       0.675823
          43500      0.0430152      -0.293309      0.0860304
          43600       0.030419      -0.246654       0.060838
          43700      0.0291197      -0.241328      0.0582393
          43800    4.20904e-05     0.00917501    8.41808e-05
          43900     0.00566355      -0.106429      0.0113271
          44000       0.028439       0.238491       0.056878
          44100     0.00292173      0.0764425     0.00584346
          44200    0.000304841     -0.0246918    0.000609683
          44300      0.0196851      -0.198419      0.0393703
          44400       0.013261       0.162856       0.026522
          44500       0.182881       0.604783       0.365762
          44600      0.0580876       0.340845       0.116175
          44700       0.190669       0.617525       0.381337
          44800       0.071035       0.376922        0.14207
          44900       0.118866       0.487577       0.237732
          45000      0.0189391       0.194623      0.0378782
          45100      0.0746955       0.386511       0.149391
          45200      0.0494682       0.314541      0.0989363
          45300      0.0286809      -0.239503      0.0573617
          45400       0.166402      -0.576892       0.332804
          45500       0.165844      -0.575923       0.331687
          45600      0.0970715      -0.440617       0.194143
          45700      0.0407385      -0.285442      0.0814769
          45800       0.114526      -0.478594       0.229052
          45900      0.0195488       0.197731      0.0390975
          46000     0.00843969       0.129921      0.0168794
          46100      0.0693828       0.372512       0.138766
          46200      0.0392246       0.280088      0.0784491
          46300      0.0353568        0.26592      0.0707137
          46400     0.00311331     -0.0789089     0.00622661
          46500     0.00155521     -0.0557711     0.00311042
          46600    0.000454614      0.0301534    0.000909228
          46700       0.236429       0.687647       0.472858
          46800       0.276822       0.744072       0.553643
          46900       0.303469       0.779063       0.606939
          47000       0.384037       0.876398       0.768073
          47100       0.552582        1.05127        1.10516
          47200        1.46444         1.7114        2.92889
          47300        2.06015        2.02985        4.12029
          47400        1.86073        1.92911        3.72146
          47500        1.75914        1.87571        3.51828
          47600        2.10379        2.05124        4.20757
          47700        1.46201        1.70998        2.92402
          47800        1.52944        1.74896        3.05887
          47900        2.03524        2.01754        4.07048
          48000        3.08947        2.48575        6.17893
          48100         2.9868         2.4441        5.97361
          48200        2.82434         2.3767        5.64869
          48300        2.80454        2.36835        5.60907
          48400        2.24927        2.12098        4.49855
          48500        2.70065        2.32407         5.4013
          48600         4.5987        3.03272         9.1974
          48700        5.14766        3.20863        10.2953
          48800        6.54862        3.61901        13.0972
          48900        6.00418        3.46531        12.0084
          49000        5.72029        3.38239        11.4406
          49100        4.79487        3.09673        9.58974
          49200        5.84136          3.418        11.6827
          49300        5.74755        3.39044        11.4951
          49400        5.98034        3.45842        11.9607
          49500        7.25368        3.80885        14.5074
          49600        5.03084        3.17201        10.0617
          49700        5.92372        3.44201        11.8474
          49800        6.31365        3.55349        12.6273
          49900        4.30506         2.9343        8.61011
          50000        5.10469        3.19521        10.2094
          50100        5.13137        3.20355        10.2627
          50200        4.64436        3.04774        9.28872
          50300        3.98735        2.82395         7.9747
          50400        4.05416        2.84751        8.10831
          50500         3.3071        2.57181         6.6142
          50600        4.42029        2.97331        8.84058
          50700        5.39017        3.28334        10.7803
          50800        6.04494        3.47705        12.0899
          50900        5.87018        3.42642        11.7404
          51000          3.548        2.66383          7.096
          51100        4.66351        3.05402        9.32702
          51200        4.29348        2.93035        8.58696
          51300         4.5944         3.0313        9.18881
          51400        4.22802        2.90793        8.45605
          51500        4.59503        3.03151        9.19007
          51600         4.5786        3.02609        9.15719
          51700        4.11182        2.86769        8.22365
          51800        4.80462        3.09988        9.60925
          51900         6.1904        3.51864        12.3808
          52000         7.2291        3.80239        14.4582
          52100        6.77796        3.68184        13.5559
          52200        8.31274        4.07744        16.6255
          52300        9.14739        4.27724        18.2948
          52400        8.00009        4.00002        16.0002
          52500        8.77941        4.19032        17.5588
          52600        9.92668        4.45571        19.8534
          52700        8.67649        4.16569         17.353
          52800         7.9985        3.99962         15.997
          52900        7.89127        3.97273        15.7825
          53000        10.7898        4.64539        21.5797
          53100        11.7741        4.85265        23.5482
          53200        11.8934        4.87717        23.7868
          53300        10.5968        4.60364        21.1935
          53400        11.9564        4.89007        23.9128
          53500          11.82         4.8621        23.6401
          53600         12.345         4.9689          24.69
          53700        13.5695        5.20952        27.1391
          53800        14.0642        5.30362        28.1283
          53900        12.7811         5.0559        25.5621
          54000        12.5308        5.00616        25.0616
          54100        13.4131         5.1794        26.8262
          54200        14.6227         5.4079        29.2453
          54300         15.275         5.5272          30.55
          54400        12.9566         5.0905        25.9132
          54500         12.538        5.00759         25.076
          54600          16.05        5.66569           32.1
          54700        17.8726        5.97872        35.7451
          54800        16.7619        5.78998        33.5239
          54900        18.7118        6.11748        37.4236
          55000        18.9529        6.15677        37.9058
          55100         17.832        5.97194         35.664
          55200         17.263        5.87588         34.526
          55300        15.3622        5.54296        30.7244
          55400        15.5806        5.58223        31.1613
          55500        15.3326        5.53761        30.6652
          55600         13.474        5.19116        26.9481
          55700        12.6867         5.0372        25.3734
          55800        14.3589         5.3589        28.7178
          55900        13.3334        5.16399        26.6668
          56000        13.6776        5.23022        27.3552
          56100        12.9795        5.09499        25.9589
          56200        14.5648        5.39718        29.1296
          56300        14.1562        5.32094        28.3124
          56400        15.9222        5.64308        31.8444
          56500         12.845        5.06853          25.69
          56600        10.9637        4.68267        21.9274
          56700        10.4764        4.57743        20.9528
          56800        9.18693        4.28647        18.3739
          56900        9.50818        4.36078        19.0164
          57000        7.21107        3.79765        14.4221
          57100        5.55734        3.33387        11.1147
          57200        5.68444        3.37178        11.3689
          57300        6.59083        3.63066        13.1817
          57400        6.80909        3.69028        13.6182
          57500        7.50193        3.87348        15.0039
          57600        7.32823        3.82838        14.6565
          57700        9.24654        4.30036        18.4931
          57800        8.49913        4.12289        16.9983
          57900        10.0256        4.47786        20.0513
          58000        9.85961        4.44063        19.7192
          58100        11.0164         4.6939        22.0327
          58200        10.3682        4.55373        20.7364
          58300        10.8517        4.65868        21.7033
          58400        10.0107        4.47452        20.0213
          58500        8.70844        4.17335        17.4169
          58600        7.49629        3.87203        14.9926
          58700        7.43213        3.85542        14.8643
          58800        8.33051        4.08179         16.661
          58900        9.69217        4.40277        19.3843
          59000        11.4292        4.78104        22.8583
          59100         12.761        5.05192        25.5219
          59200         12.402        4.98037        24.8041
          59300        11.8137         4.8608        23.6274
          59400        13.4796        5.19222        26.9591
          59500        12.3027        4.96037        24.6053
          59600        10.9434        4.67834        21.8868
          59700         10.952        4.68017         21.904
          59800        10.8941        4.66779        21.7882
          59900        10.5475        4.59293         21.095
          60000        13.2021        5.13849        26.4041
          60100        10.9381         4.6772        21.8762
          60200        10.9395         4.6775         21.879
          60300        12.7044        5.04071        25.4088
          60400        13.6088        5.21704        27.2175
          60500        12.7509        5.04992        25.5017
          60600        11.9585         4.8905         23.917
          60700        9.47258         4.3526        18.9452
          60800        8.03112        4.00777        16.0622
          60900         7.5379        3.88276        15.0758
          61000        6.33379        3.55915        12.6676
          61100        5.60543        3.34826        11.2109
          61200        5.44638        3.30042        10.8928
          61300        4.05237        2.84688        8.10474
          61400        4.71518        3.07089        9.43036
          61500        4.70533        3.06768        9.41067
          61600        5.72823        3.38474        11.4565
          61700         7.1381        3.77839        14.2762
          61800        5.66845        3.36703        11.3369
          61900        5.78695        3.40204        11.5739
          62000        5.43245        3.29619        10.8649
          62100        4.14944        2.88078        8.29889
          62200        5.80914        3.40856        11.6183
          62300        5.60147        3.34708        11.2029
          62400         5.8651        3.42494        11.7302
          62500        5.44381        3.29964        10.8876
          62600        4.56064        3.02015        9.12128
          62700        3.99681         2.8273        7.99361
          62800        3.26198         2.5542        6.52395
          62900        3.61337        2.68826        7.22674
          63000        3.69274        2.71763        7.38549
          63100        2.37074         2.1775        4.74149
          63200        2.54924        2.25798        5.09848
          63300        3.40814         2.6108        6.81627
          63400        3.09043        2.48613        6.18085
          63500        2.77269        2.35486        5.54538
          63600        2.59159        2.27666        5.18318
          63700        3.00227        2.45042        6.00454
          63800        2.31055        2.14968         4.6211
          63900        2.21161        2.10314        4.42321
          64000        3.16786        2.51709        6.33572
          64100        2.64495        2.29998        5.28991
          64200        3.11208        2.49483        6.22416
          64300        4.42357        2.97441        8.84713
          64400        4.95186        3.14702        9.90372
          64500        4.97033        3.15288        9.94066
          64600        5.40596        3.28815        10.8119
          64700        5.91842        3.44047        11.8368
          64800         6.1901        3.51855        12.3802
          64900        6.63659        3.64324        13.2732
          65000        6.64517        3.64559        13.2903
          65100        6.96867        3.73328        13.9373
          65200        8.17065        4.04244        16.3413
          65300        8.98912        4.24008        17.9782
          65400        8.29466          4.073        16.5893
          65500         8.5133        4.12633        17.0266
          65600        10.2597        4.52983        20.5194
          65700        12.3326        4.96641        24.6652
          65800        11.8039        4.85879        23.6079
          65900        11.1951        4.73184        22.3903
          66000        12.2649        4.95276        24.5298
          66100        12.2468        4.94909        24.4935
          66200        13.6211         5.2194        27.2421
          66300        13.2208        5.14214        26.4416
          66400        15.3547        5.54161        30.7095
          66500        15.9719        5.65189        31.9439
          66600         14.932         5.4648         29.864
          66700        16.5047        5.74539        33.0095
          66800        15.8886        5.63713        31.7773
          66900        15.7191        5.60698        31.4382
          67000        18.4969        6.08225        36.9937
          67100         18.394        6.06532        36.7881
          67200        18.2622        6.04354        36.5244
          67300        17.6872        5.94763        35.3744
          67400        17.3069        5.88335        34.6138
          67500        15.1511        5.50475        30.3022
          67600        15.5119         5.5699        31.0238
          67700        17.0765        5.84406         34.153
          67800        17.4849        5.91352        34.9697
          67900        17.9425        5.99042        35.8851
          68000        18.6761        6.11165        37.3523
          68100        16.5869        5.75967        33.1738
          68200        17.8334        5.97216        35.6667
          68300        19.6049        6.26177        39.2097
          68400        20.0458        6.33179        40.0916
          68500        19.3554         6.2218        38.7108
          68600        17.3864        5.89685        34.7729
          68700        19.8155        6.29532         39.631
          68800        20.4553        6.39615        40.9107
          68900        24.3816        6.98307        48.7633
          69000        27.9427        7.47566        55.8855
          69100        31.4908         7.9361        62.9817
          69200        32.0614        8.00767        64.1228
          69300        32.7256         8.0902        65.4513
          69400        29.6601        7.70196        59.3202
          69500         29.236         7.6467         58.472
          69600        29.5152        7.68312        59.0303
          69700        30.3988        7.79728        60.7976
          69800        29.0225        7.61873         58.045
          69900        28.8743        7.59925        57.7486
          70000        30.7865        7.84685        61.5731
          70100        30.1236        7.76191        60.2473
          70200        33.8044        8.22246        67.6088
          70300        29.0123        7.61739        58.0246
          70400        28.8101         7.5908        57.6202
          70500        28.2021        7.51028        56.4043
          70600         28.699        7.57615         57.398
          70700        24.5311        7.00444        49.0622
          70800        24.7519        7.03589        49.5038
          70900        23.7471         6.8916        47.4942
          71000        21.8124        6.60491        43.6249
          71100        24.3264        6.97515        48.6527
          71200        23.0472        6.78929        46.0944
          71300        21.8803        6.61518        43.7606
          71400          24.69        7.02709          49.38
          71500        26.2281        7.24266        52.4561
          71600        26.6908        7.30626        53.3815
          71700        26.5753        7.29045        53.1506
          71800        26.0142        7.21308        52.0285
          71900        24.6172        7.01672        49.2343
          72000        24.5686         7.0098        49.1373
          72100        24.8521        7.05012        49.7041
          72200        25.5028        7.14183        51.0057
          72300        23.6464        6.87698        47.2929
          72400        26.9843        7.34633        53.9686
          72500         26.473         7.2764        52.9459
          72600        24.5968        7.01381        49.1935
          72700        21.9899        6.63173        43.9798
          72800        23.6397          6.876        47.2794
          72900        26.8848        7.33277        53.7695
          73000        27.9812         7.4808        55.9623
          73100        28.0188        7.48583        56.0377
          73200        27.2552        7.38312        54.5105
          73300        25.4764        7.13812        50.9528
          73400        26.1766        7.23556        52.3533
          73500         29.765        7.71557          59.53
          73600         27.822        7.45949         55.644
          73700        32.7655        8.09512         65.531
          73800        34.1887        8.26907        68.3775
          73900        35.5967        8.43762        71.1934
          74000        32.0878        8.01096        64.1755
          74100        31.7424        7.96773        63.4847
          74200        33.2915        8.15985        66.5831
          74300        33.5782        8.19489        67.1563
          74400        40.3611        8.98455        80.7221
          74500        41.2062        9.07813        82.4124
          74600        38.7667        8.80531        77.5334
          74700        37.7355         8.6874         75.471
          74800        35.2953        8.40182        70.5906
          74900        36.4481        8.53792        72.8961
          75000        38.2961        8.75169        76.5921
          75100        41.2563        9.08364        82.5126
          75200        40.4307         8.9923        80.8614
          75300        37.4037        8.64913        74.8075
          75400        37.7868         8.6933        75.5735
          75500        37.2854        8.63544        74.5708
          75600        36.5508        8.54995        73.1016
          75700         33.516        8.18731        67.0321
          75800         36.165         8.5047          72.33
          75900        33.7496        8.21579        67.4992
          76000        33.0535        8.13063        66.1071
          76100        31.6278        7.95334        63.2557
          76200        32.7668        8.09528        65.5336
          76300        36.0781        8.49448        72.1562
          76400        35.0496        8.37252        70.0991
          76500        31.7212        7.96508        63.4425
          76600        26.2964        7.25208        52.5927
          76700        28.5242        7.55304        57.0484
          76800        28.1042        7.49723        56.2084
          76900        30.1413        7.76418        60.2825
          77000         30.723        7.83875        61.4461
          77100        28.2823        7.52094        56.5646
          77200        27.9797        7.48061        55.9595
          77300        27.8328        7.46094        55.6656
          77400        24.0715        6.93851         48.143
          77500        23.2326        6.81654        46.4652
          77600        21.0247        6.48455        42.0494
          77700        21.5843        6.57029        43.1687
          77800        25.3781        7.12434        50.7563
          77900         27.678        7.44016         55.356
          78000        28.9661        7.61132        57.9322
          78100        26.8222        7.32423        53.6443
          78200        28.9989        7.61563        57.9978
          78300        31.6901        7.96117        63.3802
          78400        30.7593        7.84337        61.5185
          78500        32.0572        8.00715        64.1144
          78600        34.7251        8.33368        69.4502
          78700        31.4717        7.93368        62.9433
          78800        26.6929        7.30656        53.3858
          78900        23.6138        6.87223        47.2276
          79000        24.0941        6.94178        48.1883
          79100        26.4524        7.27357        52.9049
          79200        31.0793        7.88407        62.1586
          79300        29.2784        7.65225        58.5569
          79400        30.5567         7.8175        61.1133
          79500        34.1241        8.26124        68.2481
          79600        34.0954        8.25777        68.1908
          79700        35.5258        8.42921        71.0516
          79800        32.1312        8.01639        64.2625
          79900        29.0312        7.61987        58.0624
          80000        28.2304        7.51404        56.4609
          80100         27.328        7.39297         54.656
          80200        26.7937        7.32034        53.5873
          80300        26.7969        7.32078        53.5939
          80400         28.196        7.50946        56.3921
          80500        27.9202        7.47264        55.8403
          80600        27.8204        7.45928        55.6408
          80700         27.981        7.48078        55.9621
          80800        28.3091        7.52451        56.6183
          80900        33.7767        8.21909        67.5534
          81000        33.5005        8.18541         67.001
          81100        31.4667        7.93305        62.9333
          81200        31.5114        7.93869        63.0227
          81300        29.0312        7.61987        58.0624
          81400         26.731        7.31177        53.4619
          81500        31.8115         7.9764         63.623
          81600        31.6453        7.95554        63.2906
          81700        29.0137        7.61757        58.0274
          81800        32.8708        8.10812        65.7417
          81900        33.7291         8.2133        67.4583
          82000        32.5482        8.06823        65.0964
          82100        30.4213        7.80016        60.8426
          82200        24.0388         6.9338        48.0776
          82300        23.8413        6.90527        47.6827
          82400          21.36        6.53606        42.7201
          82500        19.8281        6.29732        39.6563
          82600        19.8627        6.30281        39.7255
          82700         18.751        6.12389         37.502
          82800        19.2871        6.21081        38.5741
          82900        16.5166        5.74745        33.0332
          83000        16.5615        5.75526         33.123
          83100        16.5586        5.75476        33.1172
          83200        18.5469        6.09047        37.0938
          83300        17.5377        5.92245        35.0754
          83400        16.9325        5.81937        33.8651
          83500         17.239        5.87179         34.478
          83600        16.8791        5.81017        33.7581
          83700        16.9592        5.82395        33.9184
          83800        15.6411        5.59306        31.2823
          83900        15.8325        5.62716         31.665
          84000         15.322        5.53571        30.6441
          84100        17.0198        5.83435        34.0396
          84200         18.382        6.06333         36.764
          84300        16.7585        5.78939        33.5171
          84400        17.7078        5.95111        35.4157
          84500        13.9891        5.28943        27.9781
          84600        14.7132        5.42461        29.4263
          84700        14.1177        5.31371        28.2355
          84800        13.9636        5.28463        27.9273
          84900         13.763        5.24652         27.526
          85000        12.2205        4.94378         24.441
          85100        11.6428        4.82553        23.2857
          85200        13.3608        5.16929        26.7216
          85300        12.0792        4.91511        24.1583
          85400        9.82567        4.43298        19.6513
          85500        9.89344        4.44825        19.7869
          85600        11.2581        4.74512        22.5161
          85700        9.42109        4.34076        18.8422
          85800        9.95344        4.46171        19.9069
          85900        12.0948         4.9183        24.1896
          86000        12.9736        5.09384        25.9472
          86100        13.1976        5.13763        26.3953
          86200        12.5854        5.01706        25.1709
          86300        10.6946        4.62486        21.3893
          86400        9.25272        4.30179        18.5054
          86500        8.04421        4.01104        16.0884
          86600        8.44013        4.10856        16.8803
          86700        8.93015        4.22615        17.8603
          86800        9.80313         4.4279        19.6063
          86900        9.38426        4.33226        18.7685
          87000         9.2867        4.30969        18.5734
          87100        8.72193        4.17659        17.4439
          87200        7.94995        3.98747        15.8999
          87300        8.64197         4.1574        17.2839
          87400        8.20299        4.05043         16.406
          87500        5.55407        3.33289        11.1081
          87600        3.89786        2.79208        7.79572
          87700        2.39146        2.18699        4.78293
          87800        2.25366        2.12305        4.50732
          87900        3.47898        2.63779        6.95795
          88000         3.7758        2.74802         7.5516
          88100        3.42997        2.61915        6.85994
          88200        3.06825        2.47719        6.13649
          88300        2.71388        2.32975        5.42776
          88400        3.90256        2.79376        7.80511
          88500        5.50799        3.31903         11.016
          88600         6.1476        3.50645        12.2952
          88700        4.84049        3.11143        9.68098
          88800         5.3702        3.27725        10.7404
          88900        6.05615        3.48027        12.1123
          89000        8.13225        4.03293        16.2645
          89100        7.86894         3.9671        15.7379
          89200        7.83185        3.95774        15.6637
          89300        9.03658        4.25125        18.0732
          89400        8.58919        4.14468        17.1784
          89500        9.53572        4.36708        19.0714
          89600        10.1409        4.50353        20.2818
          89700        10.4459        4.57075        20.8917
          89800        8.65732        4.16109        17.3146
          89900        9.71316        4.40753        19.4263
          90000        10.8646        4.66146        21.7292
          90100        12.1152        4.92245        24.2305
          90200        13.2643        5.15059        26.5286
          90300        14.6423        5.41152        29.2845
          90400        17.1161        5.85083        34.2322
          90500        18.0801        6.01334        36.1602
          90600        17.9214        5.98688        35.8428
          90700         22.966        6.77731        45.9319
          90800        23.1311        6.80164        46.2623
          90900        25.8001        7.18332        51.6001
          91000        27.0769        7.35892        54.1537
          91100         25.146        7.09169         50.292
          91200        24.8972        7.05652        49.7945
          91300        27.8841        7.46782        55.7683
          91400        30.6737        7.83246        61.3474
          91500         34.306        8.28324         68.612
          91600        35.2744        8.39933        70.5487
          91700        37.9803        8.71554        75.9606
          91800        39.7426        8.91545        79.4852
          91900        40.7039        9.02263        81.4078
          92000        35.6014        8.43818        71.2029
          92100        33.9765        8.24337        67.9531
          92200        29.9635        7.74125        59.9269
          92300        29.9121         7.7346        59.8241
          92400        29.0512         7.6225        58.1025
          92500        28.7606        7.58427        57.5212
          92600        30.0655        7.75441        60.1309
          92700        27.5771        7.42659        55.1542
          92800        25.2445        7.10556         50.489
          92900        23.5594        6.86432        47.1188
          93000        23.2046        6.81242        46.4091
          93100        23.9895        6.92669         47.979
          93200        26.8141        7.32312        53.6281
          93300        25.5695        7.15115         51.139
          93400        27.1305        7.36621         54.261
          93500        26.2144        7.24078        52.4289
          93600        28.2423        7.51562        56.4846
          93700        27.8466        7.46278        55.6932
          93800        29.8432         7.7257        59.6865
          93900        31.1591        7.89418        62.3181
          94000        29.0353        7.62041        58.0706
          94100        28.3981        7.53633        56.7963
          94200         30.156        7.76608         60.312
          94300        32.0204        8.00255        64.0407
          94400        27.9971        7.48293        55.9942
          94500        29.0461        7.62183        58.0922
          94600        27.8992        7.46984        55.7984
          94700        26.4745        7.27661         52.949
          94800        25.1285        7.08922         50.257
          94900        24.8605        7.05131         49.721
          95000        24.3007        6.97147        48.6014
          95100         26.303        7.25301        52.6061
          95200          26.99        7.34711        53.9801
          95300        29.1806        7.63945        58.3612
          95400        24.4125        6.98749        48.8249
          95500         24.659        7.02268         49.318
          95600        23.3524         6.8341        46.7049
          95700        22.8924        6.76645        45.7848
          95800        19.4694         6.2401        38.9388
          95900        18.9936        6.16337        37.9871
          96000        18.9355        6.15394         37.871
          96100        16.7356        5.78543        33.4712
          96200        17.3324        5.88768        34.6648
          96300        19.9819        6.32169        39.9637
          96400        19.4668        6.23969        38.9337
          96500        17.4498        5.90759        34.8996
          96600        15.6368        5.59228        31.2736
          96700         12.955        5.09019        25.9101
          96800        15.0204        5.48094        30.0407
          96900        17.5646        5.92698        35.1291
          97000         18.191        6.03176        36.3821
          97100        15.7289        5.60872        31.4577
          97200        14.9838        5.47427        29.9676
          97300        13.2027        5.13862        26.4055
          97400        13.1184        5.12219        26.2368
          97500        11.2216        4.73742        22.4432
          97600        10.3228        4.54374        20.6456
          97700        10.8411        4.65642        21.6822
          97800         10.011        4.47459         20.022
          97900         9.2124        4.29241        18.4248
          98000        10.0293        4.47868        20.0586
          98100        9.57641        4.37639        19.1528
          98200        8.36543        4.09034        16.7309
          98300        9.44655        4.34662        18.8931
          98400        9.19001        4.28719          18.38
          98500        9.30804        4.31464        18.6161
          98600        9.60085        4.38197        19.2017
          98700        10.4889        4.58016        20.9778
          98800        10.4077        4.56239        20.8154
          98900        10.5736         4.5986        21.1472
          99000        10.4155        4.56409         20.831
          99100        11.9913         4.8972        23.9825
          99200         10.226         4.5224        20.4521
          99300        9.00199        4.24311         18.004
          99400        10.0594         4.4854        20.1188
          99500        11.4766        4.79096        22.9533
          99600        13.1238        5.12324        26.2476
          99700        12.4538        4.99074        24.9075
          99800        13.8729        5.26742        27.7457
          99900        16.3092        5.71125        32.6184
         100000        15.6634        5.59704        31.3269
