              0       0.999153     -0.0205805    0.000423558
            100      0.0200732      -0.926456        0.85832
            200      0.0955939      -0.831154       0.690817
            300      0.0148532       -1.05919        1.12187
            400     0.00305146       -1.02725        1.05524
            500       0.118471      -0.809817       0.655803
            600     0.00218437      -0.976352       0.953263
            700      0.0324693      -0.905432       0.819808
            800     0.00315752      -0.971498       0.943808
            900     0.00296164       -1.02685        1.05442
           1000      0.0496818      -0.881536       0.777106
           1100      0.0674886      -0.860357       0.740214
           1200    0.000378759       -1.00968        1.01946
           1300      0.0417574       -1.09743        1.20435
           1400      0.0232495       -0.92061       0.847522
           1500       0.128573      -0.800893        0.64143
           1600     0.00508547       -1.03504        1.07131
           1700      0.0933776       -1.14262        1.30558
           1800      0.0491535       -0.88221       0.778294
           1900      0.0111338       -1.05144        1.10552
           2000      0.0388069       -1.09407        1.19699
           2100     0.00539458       -1.03607        1.07345
           2200     0.00109689       -1.01642        1.03312
           2300     0.00732661      -0.956245       0.914404
           2400       0.103018       -1.14933        1.32096
           2500      0.0868017      -0.839868       0.705379
           2600       0.113083       -1.15597        1.33628
           2700      0.0555266      -0.874276       0.764359
           2800      0.0729967      -0.854296       0.729821
           2900      0.0026017      -0.974163       0.948993
           3000      0.0126851      -0.942004       0.887372
           3100      0.0922717       -1.14182        1.30376
           3200    2.49078e-05       -1.00249        1.00499
           3300       0.204009      -0.740491       0.548326
           3400      0.0026174      -0.974084       0.948839
           3500     0.00515973      -0.963415       0.928169
           3600      0.0905347       -1.14057        1.30089
           3700      0.0670141       -1.12199        1.25887
           3800      0.0005487      -0.988218       0.976576
           3900      0.0244094      -0.918567       0.843765
           4000      0.0674378       -1.12236        1.25969
           4100      0.0159499       -1.06127        1.12629
           4200      0.0434762      -0.889658       0.791491
           4300      0.0247788       -1.07583        1.15741
           4400     0.00551439      -0.962154       0.925741
           4500       0.148495      -0.783996        0.61465
           4600    0.000555125      -0.988149       0.976439
           4700       0.103528       -1.14968        1.32176
           4800     0.00646216       -1.03942        1.08039
           4900     0.00112401       -1.01662        1.03353
           5000      0.0173265      -0.931864        0.86837
           5100       0.085556       -1.13688         1.2925
           5200     0.00976467       -1.04824        1.09882
           5300      0.0740356       -1.12787        1.27209
           5400     0.00601582       -1.03806        1.07756
           5500       0.293044      -0.677248       0.458665
           5600      0.0127149      -0.941934        0.88724
           5700      0.0179669       -1.06491        1.13404
           5800     0.00333415        -0.9707       0.942258
           5900      0.0706066      -0.856902       0.734281
           6000      0.0746535      -0.852509       0.726772
           6100     0.00209142       -1.02261        1.04573
           6200    0.000784646      -0.985895       0.971988
           6300      0.0175344      -0.931441       0.867582
           6400      0.0658802       -1.12101        1.25667
           6500      0.0120968       -1.05356        1.10999
           6600     0.00187651      -0.978101       0.956681
           6700       0.045856       -1.10188        1.21414
           6800     0.00187301       -1.02141        1.04328
           6900       0.103108       -1.14939         1.3211
           7000      0.0748726      -0.852274       0.726371
           7100       0.183109      -0.756365       0.572088
           7200      0.0758127       -1.12931        1.27534
           7300      0.0394796       -1.09485        1.19869
           7400      0.0134816       -1.05646        1.11611
           7500      0.0295239       -1.08251        1.17183
           7600       0.090063      -0.836597       0.699895
           7700      0.0587108       -1.11459         1.2423
           7800      0.0237768       -1.07434         1.1542
           7900      0.0559036       -1.11195        1.23644
           8000       0.234983      -0.717809        0.51525
           8100    3.04766e-05       -1.00276        1.00552
           8200    0.000304497      -0.991237        0.98255
           8300     0.00942776       -1.04742         1.0971
           8400     0.00146625      -0.980667       0.961708
           8500      0.0159027      -0.934823       0.873894
           8600      0.0055092       -1.03645        1.07422
           8700     0.00373263      -0.968971       0.938905
           8800      0.0245726       -1.07553        1.15676
           8900      0.0264461      -0.915083       0.837378
           9000     0.00372062       -1.03005          1.061
           9100      0.0420276      -0.891624       0.794994
           9200      0.0869878       -1.13795        1.29494
           9300      0.0460313       -1.10207        1.21455
           9400    0.000166124       -1.00642        1.01289
           9500     0.00439325      -0.966291       0.933718
           9600      0.0640502      -0.864244       0.746919
           9700      0.0151247       -1.05971        1.12298
           9800      0.0570693       -1.11306        1.23889
           9900       0.264432      -0.696973       0.485771
          10000    0.000160878      -0.993638       0.987316
          10100      0.0246072      -0.918223       0.843133
          10200       0.161302      -0.773548       0.598376
          10300     0.00439724       -1.03262        1.06631
          10400      0.0179987       -1.06497        1.13416
          10500     0.00789778       -1.04349        1.08887
          10600      0.0314331      -0.907032       0.822706
          10700      0.0713022       -1.12562        1.26702
          10800         0.2057       -1.20563        1.45354
          10900       0.140647       -1.17262        1.37503
          11000      0.0092562      -0.950679       0.903791
          11100        0.13828       -1.17126        1.37186
          11200      0.0194447       -1.06745        1.13944
          11300       0.275077        -1.2347        1.52448
          11400    0.000520548      -0.988526       0.977184
          11500      0.0457467      -0.886631       0.786115
          11600      0.0142077      -0.938512       0.880804
          11700       0.162968       -1.18478        1.40369
          11800      0.0108028      -0.946606       0.896063
          11900      0.0257528       -1.07725        1.16048
          12000      0.0560706      -0.873618       0.763208
          12100       0.057493       -1.11345        1.23978
          12200     0.00678985       -1.04038         1.0824
          12300      0.0793277      -0.847554       0.718348
          12400      0.0446638       -1.10061        1.21134
          12500    0.000504979       -1.01117        1.02247
          12600     0.00940152      -0.950283       0.903039
          12700    0.000324697      -0.990949       0.981981
          12800      0.0021109      -0.976758       0.954056
          12900     0.00743237       -1.04221        1.08621
          13000      0.0309029       -1.08434        1.17579
          13100      0.0552214      -0.874647       0.765008
          13200       0.202913      -0.741311       0.549542
          13300      0.0146162       -1.05872         1.1209
          13400      0.0637367      -0.864603       0.747539
          13500      0.0217256      -0.923365       0.852604
          13600    5.41478e-05      -0.996314       0.992641
          13700      0.0678689      -0.859932       0.739483
          13800      0.0852262       -1.13663        1.29194
          13900      0.0165334      -0.933498       0.871418
          14000       0.125834      -0.803287       0.645269
          14100     0.00185103      -0.978252       0.956976
          14200      0.0761634      -0.850895       0.724023
          14300      0.0493691       -1.10553        1.22219
          14400    0.000556545       -1.01173        1.02359
          14500     0.00317936      -0.971398       0.943614
          14600      0.0233641      -0.920406       0.847147
          14700      0.0370921      -0.898558       0.807407
          14800    3.93727e-05      -0.996858       0.993725
          14900       0.151634      -0.781408       0.610598
          15000       0.150579       -1.17815        1.38804
          15100      0.0201704      -0.926271       0.857978
          15200    0.000797675      -0.985777       0.971757
          15300      0.0390566      -0.895753       0.802373
          15400       0.069983      -0.857588       0.735457
          15500      0.0682194      -0.859541       0.738811
          15600      0.0053935       -1.03607        1.07344
          15700    0.000339634       -1.00917        1.01843
          15800    7.73027e-05       -1.00439        1.00879
          15900      0.0094134      -0.950251       0.902977
          16000     0.00529935      -0.962914       0.927203
          16100      0.0323283       -1.08619         1.1798
          16200     0.00899593      -0.951395       0.905153
          16300       0.598863       -1.33186        1.77386
          16400      0.0808432       -1.13328        1.28433
          16500      0.0907743       -0.83589       0.698712
          16600      0.0201502       -1.06862        1.14195
          16700       0.149263       -1.17743        1.38635
          16800       0.236655      -0.716609       0.513528
          16900        0.17672        -1.1918        1.42038
          17000       0.201205      -0.742591       0.551441
          17100       0.014757      -0.937295       0.878522
          17200      0.0174158      -0.931682       0.868031
          17300    0.000869904      -0.985143       0.970506
          17400       0.169217      -0.767229        0.58864
          17500      0.0750527      -0.852081       0.726042
          17600      0.0215973      -0.923601        0.85304
          17700      0.0257878        -1.0773        1.16059
          17800      0.0814355      -0.845358       0.714631
          17900    0.000217838      -0.992593       0.985241
          18000       0.215256       -1.20994        1.46396
          18100     0.00190993       -1.02162         1.0437
          18200      0.0557283       -1.11179        1.23607
          18300      0.0550543       -0.87485       0.765363
          18400     0.00994859       -1.04869        1.09974
          18500      0.0037154       -1.03003        1.06095
          18600     0.00142461        -1.0187        1.03774
          18700    8.89586e-05        -1.0047        1.00943
          18800     0.00573062      -0.961405       0.924299
          18900      0.0174164       -1.06394        1.13197
          19000    0.000436224      -0.989502       0.979114
          19100     0.00483603       -1.03419        1.06954
          19200       0.102887       -0.82416       0.679239
          19300    0.000168245      -0.993493       0.987029
          19400      0.0376899      -0.897698       0.805861
          19500      0.0130446      -0.941163       0.885787
          19600      0.0175917       -1.06425        1.13263
          19700       0.117281      -0.810886       0.657537
          19800       0.169067       -1.18793        1.41118
          19900       0.461253       -1.29582        1.67916
          20000       0.123645        -1.1626        1.35163
          20100     0.00881179      -0.951908       0.906129
          20200      0.0115233      -0.944803       0.892653
          20300       0.177372      -0.760818       0.578844
          20400      0.0209398       -1.06991        1.14471
          20500    0.000661485       -1.01278        1.02572
          20600      0.0287505      -0.911285        0.83044
          20700      0.0748129        -1.1285        1.27352
          20800     0.00346269      -0.970132       0.941155
          20900      0.0444899       -1.10042        1.21093
          21000       0.115483       -0.81251       0.660172
          21100       0.107208      -0.820106       0.672574
          21200      0.0524377        -1.1086        1.22899
          21300     0.00813468      -0.953838       0.909808
          21400      0.0506624      -0.880294       0.774917
          21500      0.0277972      -0.912839       0.833275
          21600      0.0866114      -0.840061       0.705702
          21700      0.0369703      -0.898734       0.807723
          21800     0.00749515       -1.04239        1.08657
          21900     0.00363477      -0.969387       0.939711
          22000      0.0821535      -0.844616       0.713376
          22100      0.0283854       -1.08096        1.16848
          22200      0.0131743      -0.940862       0.885221
          22300      0.0357171       -1.09041        1.18899
          22400       0.147256      -0.785023       0.616261
          22500        0.11833       -1.15931        1.34399
          22600       0.149858       -0.78287       0.612885
          22700       0.164502      -0.770981       0.594412
          22800      0.0138722      -0.939266        0.88222
          22900      0.0289822      -0.910911       0.829758
          23000      0.0173301      -0.931856       0.868356
          23100     0.00827171       -1.04449        1.09095
          23200       0.170188       -0.76646       0.587461
          23300     0.00202724       -1.02226        1.04502
          23400       0.122771       -1.16206        1.35039
          23500     0.00390888       -1.03079        1.06252
          23600      0.0471775       -1.10327         1.2172
          23700       0.203564       -1.20465        1.45118
          23800       0.136342        -0.7942       0.630754
          23900      0.0054858      -0.962255       0.925934
          24000      0.0912227      -0.835445       0.697969
          24100       0.195327       -1.20082        1.44196
          24200     0.00566353      -0.961636       0.924744
          24300      0.0259138       -1.07749        1.16098
          24400      0.0102689      -0.947979       0.898664
          24500      0.0639999      -0.864302       0.747018
          24600      0.0847025       -1.13624        1.29104
          24700        0.14073      -0.790481        0.62486
          24800      0.0282546       -0.91209       0.831909
          24900      0.0454954      -0.886963       0.786704
          25000      0.0971344       -1.14528        1.31166
          25100       0.069072       -1.12375        1.26282
          25200       0.284353      -0.683193       0.466752
          25300      0.0771288       -1.13036        1.27772
          25400     0.00101854      -0.983913       0.968085
          25500      0.0135301       -1.05656        1.11632
          25600      0.0890208      -0.837637       0.701636
          25700       0.120407      -0.808086       0.653002
          25800       0.180852       -1.19385        1.42527
          25900      0.0451859      -0.887373        0.78743
          26000       0.221215      -0.727781       0.529665
          26100    0.000781393       -1.01388        1.02795
          26200     0.00435201       -1.03246        1.06597
          26300     0.00294381      -0.972493       0.945743
          26400      0.0413447      -0.892562       0.796666
          26500       0.237545       -1.21958        1.48739
          26600     0.00103253       -1.01594        1.03213
          26700       0.132723       -1.16804        1.36431
          26800       0.010241       -1.04938         1.1012
          26900     0.00934015       -0.95045       0.903356
          27000       0.611041      -0.467235       0.218309
          27100     0.00705861      -0.957071       0.915984
          27200     0.00151456       -1.01927        1.03892
          27300      0.0241634      -0.918996       0.844554
          27400      0.0105875      -0.947156       0.897104
          27500      0.0539272      -0.876229       0.767778
          27600      0.0166487      -0.933258        0.87097
          27700      0.0318429       -1.08556        1.17845
          27800    0.000555082       -0.98815        0.97644
          27900      0.0323066      -0.905682        0.82026
          28000      0.0555755      -0.874217       0.764255
          28100      0.0654994      -0.862596       0.744071
          28200      0.0689616      -0.858717       0.737395
          28300      0.0105767       -1.05016        1.10284
          28400      0.0696966      -0.857904       0.735999
          28500      0.0418863      -0.891818       0.795339
          28600      0.0148331      -0.937128       0.878209
          28700      0.0460282       -1.10206        1.21454
          28800      0.0740165      -0.853194        0.72794
          28900       0.103182      -0.823882       0.678781
          29000      0.0106348      -0.947035       0.896875
          29100        0.37134       -1.26861        1.60938
          29200       0.131301        -1.1672        1.36235
          29300     0.00171188       -1.02048        1.04137
          29400     0.00548303       -1.03636        1.07405
          29500      0.0901277      -0.836533       0.699787
          29600    0.000151931       -1.00614        1.01233
          29700       0.051606      -0.879108        0.77283
          29800    0.000499059      -0.988767        0.97766
          29900        0.01161        -1.0525        1.10775
          30000     0.00247784      -0.974793       0.950222
          30100       0.014214      -0.938497       0.880777
          30200      0.0375659       -1.09262        1.19382
          30300     0.00201837       -1.02222        1.04493
          30400       0.011018       -1.05117        1.10497
          30500      0.0102375      -0.948061       0.898819
          30600       0.470719      -0.560277       0.313911
          30700       0.261273      -0.699179       0.488851
          30800     0.00545757      -0.962354       0.926125
          30900      0.0281329      -0.912289       0.832271
          31000    0.000829319      -0.985496       0.971202
          31100    0.000928548       -1.01512        1.03047
          31200      0.0241994       -1.07497        1.15556
          31300      0.0316677       -1.08534        1.17795
          31400      0.0544959      -0.875532       0.766557
          31500      0.0395198        -1.0949         1.1988
          31600     0.00316383      -0.971469       0.943752
          31700      0.0287154       -1.08141        1.16946
          31800      0.0381422      -0.897051         0.8047
          31900      0.0290969      -0.910726       0.829422
          32000    4.29689e-06      -0.998963       0.997927
          32100      0.0069012      -0.957563       0.916927
          32200      0.0480746      -0.883595       0.780741
          32300       0.130161      -0.799514       0.639222
          32400      0.0640257      -0.864273       0.746967
          32500       0.212531       -1.20872        1.46101
          32600      0.0438786       -1.09976        1.20947
          32700       0.457693      -0.568744        0.32347
          32800     0.00991146      -0.948917       0.900444
          32900      0.0192852       -1.06718        1.13887
          33000    0.000296211       -1.00857        1.01721
          33100      0.0806937       -1.13317        1.28407
          33200     0.00474841       -1.03388        1.06891
          33300        0.28852       -1.23981        1.53714
          33400     0.00111639      -0.983152       0.966588
          33500      0.0062601      -0.959625       0.920879
          33600       0.153263       -1.17961        1.39149
          33700      0.0777389      -0.849225       0.721183
          33800       0.199738      -0.743693        0.55308
          33900    6.43918e-05       -0.99598       0.991976
          34000     0.00436355        -1.0325        1.06606
          34100      0.0173065       -1.06375        1.13155
          34200     0.00246576       -1.02453        1.04966
          34300       0.319981      -0.659038       0.434331
          34400    0.000396036          -0.99       0.980099
          34500      0.0223503       -1.07215         1.1495
          34600      0.0171585      -0.932207        0.86901
          34700     0.00697509      -0.957331       0.916483
          34800    1.01568e-07       -1.00016        1.00032
          34900     0.00629663       -1.03892        1.07935
          35000      0.0235841       -1.07404        1.15357
          35100       0.076052      -0.851014       0.724225
          35200       0.327597       -1.25394        1.57236
          35300      0.0530089       -1.10916        1.23024
          35400      0.0342717       -1.08864        1.18513
          35500       0.111712      -0.815945       0.665766
          35600       0.103339       -1.14955        1.32146
          35700      0.0270834       -1.07915        1.16457
          35800      0.0238175      -0.919604       0.845671
          35900     0.00871572       -1.04564        1.09336
          36000      0.0577831      -0.871561       0.759619
          36100       0.159305       -1.18285        1.39913
          36200     0.00460804      -0.965462       0.932117
          36300      0.0915398      -0.835131       0.697445
          36400    0.000119102       -1.00544        1.01091
          36500    0.000597193      -0.987706       0.975562
          36600     0.00027746      -0.991636       0.983343
          36700       0.102197      -0.824814       0.680318
          36800      0.0105543       -1.05011        1.10273
          36900      0.0010121      -0.983965       0.968187
          37000      0.0291958       -1.08207        1.17087
          37100    0.000653597        -1.0127        1.02557
          37200       0.129036       -0.80049       0.640784
          37300    9.26083e-05        -1.0048        1.00962
          37400       0.010081       -0.94847       0.899596
          37500      0.0339768      -0.903146       0.815672
          37600      0.0286151      -0.911504        0.83084
          37700     0.00231914      -0.975624       0.951843
          37800      0.0988862      -0.827972       0.685538
          37900     0.00981096      -0.949184        0.90095
          38000      0.0837638      -0.842959        0.71058
          38100       0.102056       -1.14868        1.31946
          38200      0.0882521      -0.838408       0.702927
          38300        0.14637       -1.17583        1.38258
          38400       0.097893       -1.14581        1.31288
          38500      0.0771148      -0.849885       0.722304
          38600      0.0040654      -0.967595        0.93624
          38700       0.215574      -0.731915         0.5357
          38800      0.0199799      -0.926633        0.85865
          38900     0.00932713       -1.04718        1.09658
          39000       0.425477      -0.589673       0.347714
          39100     0.00155982      -0.980054       0.960505
          39200      0.0132577         -1.056        1.11514
          39300      0.0647602      -0.863435        0.74552
          39400       0.113903        -1.1565        1.33749
          39500      0.0055419      -0.962058       0.925556
          39600     0.00124152       -1.01747        1.03524
          39700      0.0282485       -1.08077        1.16807
          39800      0.0897773      -0.836882       0.700371
          39900      0.0302567       -1.08349        1.17394
          40000    0.000746217      -0.986247       0.972683
          40100       0.165163      -0.770453       0.593598
          40200      0.0959804      -0.830779       0.690193
          40300        0.14266      -0.788858       0.622297
          40400        0.17526       -1.19107        1.41864
          40500      0.0622325       -1.11779        1.24946
          40600      0.0253161         -0.917        0.84089
          40700     0.00814838      -0.953799       0.909732
          40800       0.226103        -1.2147         1.4755
          40900      0.0302998       -1.08354        1.17407
          41000     0.00436152       -1.03249        1.06604
          41100     0.00111017       -1.01652        1.03332
          41200      0.0323178      -0.905665       0.820229
          41300    0.000604196      -0.987633        0.97542
          41400       0.200187      -0.743355       0.552577
          41500     0.00675683      -0.958019         0.9178
          41600     0.00791179       -1.04353        1.08895
          41700    0.000409457      -0.989831       0.979765
          41800      0.0123947      -0.942692       0.888668
          41900      0.0738149      -0.853411       0.728311
          42000      0.0100405       -1.04891         1.1002
          42100      0.0483379      -0.883256       0.780141
          42200       0.139747       -0.79131       0.626172
          42300      0.0280548       -1.08051         1.1675
          42400      0.0334759        -0.9039       0.817036
          42500      0.0599154      -0.869036       0.755224
          42600       0.116725      -0.811387        0.65835
          42700      0.0192498      -0.928039       0.861256
          42800     0.00614294      -0.960012       0.921623
          42900    6.79451e-05       -1.00411        1.00824
          43000     0.00452212      -0.965792       0.932753
          43100     0.00223119      -0.976097       0.952765
          43200     0.00864037       -1.04544        1.09295
          43300      0.0199376      -0.926714       0.858799
          43400      0.0942557       -0.83246       0.692989
          43500     0.00510636       -1.03511        1.07146
          43600      0.0769203      -0.850091       0.722655
          43700     0.00222161        -1.0233        1.04713
          43800     0.00958234        -1.0478        1.09789
          43900       0.155582      -0.778178       0.605561
          44000       0.198934      -0.744298        0.55398
          44100       0.123004        -1.1622        1.35072
          44200     0.00459579       -1.03334        1.06779
          44300     0.00232661       -1.02383        1.04823
          44400      0.0192893      -0.927962       0.861114
          44500     0.00221864      -0.976165       0.952898
          44600     0.00520336       -1.03544        1.07213
          44700     0.00364377       -1.02974        1.06036
          44800       0.192732       -1.19959        1.43901
          44900      0.0176671       -1.06439        1.13292
          45000        0.11238      -0.815334       0.664769
          45100       0.335366       -1.25663        1.57911
          45200      0.0184307      -0.929645        0.86424
          45300      0.0596046       -1.11541        1.24414
          45400      0.0364491      -0.899491       0.809084
          45500      0.0250437      -0.917468       0.841748
          45600    0.000916324       -1.01502        1.03027
          45700      0.0570666      -0.872418       0.761114
          45800     0.00170121       -1.02041        1.04125
          45900     0.00637108       -1.03914        1.07982
          46000     0.00581681       -0.96111       0.923732
          46100       0.248383      -0.708251       0.501619
          46200     0.00875497       -1.04574        1.09357
          46300         0.2336       -1.21792        1.48332
          46400      0.0151372       -1.05973        1.12303
          46500      0.0571963      -0.872263       0.760843
          46600     0.00599467       -1.03799        1.07743
          46700    1.88172e-06      -0.999314       0.998628
          46800       0.138504       -1.17139        1.37216
          46900      0.0190187       -1.06673        1.13791
          47000      0.0751711      -0.851954       0.725826
          47100      0.0175721       -1.06422        1.13256
          47200       0.136862      -0.793758       0.630052
          47300    0.000297685       -1.00859        1.01725
          47400      0.0450532      -0.887549       0.787743
          47500     0.00429228       -1.03224        1.06552
          47600      0.0123577       -1.05412        1.11117
          47700     0.00981307       -1.04836        1.09906
          47800     0.00594719       -1.03784        1.07712
          47900       0.179354      -0.759274       0.576498
          48000      0.0169301      -0.932676       0.869884
          48100       0.119175      -0.809187       0.654783
          48200     0.00667177       -1.04004        1.08168
          48300      0.0699516      -0.857622       0.735516
          48400      0.0585318       -0.87067       0.758067
          48500     0.00788888      -0.954558       0.911181
          48600       0.274293      -0.690123        0.47627
          48700     0.00441578      -0.966203       0.933549
          48800       0.126022      -0.803122       0.645004
          48900      0.0108696       -1.05084        1.10426
          49000      0.0641271       -1.11948        1.25323
          49100    0.000413788      -0.989777       0.979658
          49200     0.00115311       -1.01684        1.03396
          49300      0.0515886       -1.10776        1.22713
          49400      0.0046235      -0.965403       0.932004
          49500      0.0931796       -1.14248        1.30525
          49600      0.0965617       -1.14488        1.31074
          49700     0.00717359      -0.956715       0.915303
          49800       0.104599        -1.1504        1.32342
          49900     0.00399716      -0.967872       0.936777
          50000    0.000251332      -0.992042       0.984147
          50100     0.00226911      -0.975892       0.952365
          50200      0.0160135       -1.06139        1.12654
          50300      0.0113032      -0.945348       0.893683
          50400      0.0401209      -0.894258       0.799698
          50500      0.0679309      -0.859863       0.739364
          50600       0.122863      -0.805904       0.649481
          50700       0.150164      -0.782617        0.61249
          50800    0.000424027       -1.01024        1.02059
          50900      0.0184128       -1.06569        1.13569
          51000      0.0397444      -0.894785        0.80064
          51100     0.00590943      -0.960795       0.923127
          51200     0.00482367       -1.03414        1.06945
          51300     0.00161318      -0.979712       0.959836
          51400       0.029033       -1.08185        1.17039
          51500       0.102884       -1.14924        1.32076
          51600      0.0429467      -0.890373       0.792764
          51700    0.000141898       -1.00594        1.01191
          51800      0.0568739       -1.11287        1.23848
          51900      0.0451425       -0.88743       0.787532
          52000      0.0841208        -1.1358        1.29004
          52100      0.0689989       -1.12369        1.26268
          52200     0.00666515      -0.958311        0.91836
          52300     0.00772321      -0.955049       0.912118
          52400      0.0434554        -1.0993        1.20846
          52500      0.0227571      -0.921491       0.849145
          52600      0.0350269      -0.901579       0.812845
          52700       0.162094       -1.18432        1.40261
          52800       0.134065      -0.796148       0.633852
          52900     0.00188643      -0.978042       0.956567
          53000      0.0197116       -1.06789         1.1404
          53100      0.0841046       -0.84261       0.709992
          53200       0.120329      -0.808156       0.653116
          53300     0.00308595      -0.971827       0.944449
          53400      0.0620392      -0.866558       0.750923
          53500     0.00700694       -1.04101        1.08371
          53600       0.147719      -0.784638       0.615657
          53700    0.000298602        -1.0086        1.01728
          53800      0.0731107       -1.12712        1.27039
          53900      0.0370102       -1.09196        1.19238
          54000      0.0582932      -0.870954        0.75856
          54100     0.00890943       -1.04613        1.09439
          54200      0.0216243      -0.923552       0.852948
          54300      0.0340076       -1.08831        1.18441
          54400       0.123861      -0.805023       0.648062
          54500       0.189234      -0.751658       0.564989
          54600      0.0226175      -0.921742       0.849609
          54700      0.0106802        -1.0504        1.10335
          54800      0.0215318      -0.923722       0.853263
          54900      0.0191869       -1.06701        1.13852
          55000     0.00306296      -0.971934       0.944656
          55100      0.0612203       -1.11688        1.24743
          55200       0.104958      -0.822209       0.676027
          55300      0.0679204      -0.859875       0.739385
          55400      0.0192801       -1.06717        1.13885
          55500     0.00136624       -1.01831        1.03696
          55600      0.0204155       -1.06906        1.14288
          55700     0.00233904        -1.0239        1.04836
          55800     0.00717488      -0.956711       0.915295
          55900     0.00127362      -0.981994       0.964312
          56000       0.121695        -1.1614        1.34885
          56100       0.106487       -1.15166        1.32632
          56200      0.0464393      -0.885721       0.784502
          56300      0.0124855       -1.05439        1.11174
          56400       0.010899        -1.0509         1.1044
          56500       0.350279      -0.638871       0.408156
          56600     0.00427577       -1.03218        1.06539
          56700     0.00124107       -1.01746        1.03523
          56800     0.00185081      -0.978253       0.956979
          56900      0.0179865       -1.06495        1.13411
          57000      0.0574663       -0.87194       0.760279
          57100      0.0336872      -0.903581       0.816459
          57200    0.000869631      -0.985145        0.97051
          57300      0.0447544       -1.10071        1.21155
          57400      0.0630408      -0.865402       0.748921
          57500      0.0153197       -0.93607       0.876227
          57600    0.000606863       -1.01224        1.02463
          57700       0.120636       -1.16074        1.34733
          57800       0.128322      -0.801112        0.64178
          57900    0.000768415       -1.01377        1.02772
          58000      0.0364604      -0.899474       0.809054
          58100      0.0621059      -0.866481        0.75079
          58200     0.00107441       -1.01626        1.03278
          58300     0.00644904      -0.959007       0.919694
          58400     0.00584337      -0.961019       0.923558
          58500    0.000638092       -1.01255        1.02526
          58600      0.0732065      -0.854068       0.729433
          58700       0.103592       -1.14972        1.32186
          58800      0.0011867      -0.982625       0.965551
          58900     0.00743508      -0.955915       0.913773
          59000    1.35024e-05       -1.00184        1.00367
          59100     0.00315997      -0.971487       0.943786
          59200      0.0397914       -1.09521        1.19948
          59300      0.0100679       -1.04897        1.10034
          59400       0.101057         -1.148         1.3179
          59500       0.164786       -1.18572        1.40594
          59600     0.00441385      -0.966211       0.933563
          59700       0.167509       -1.18713        1.40928
          59800     0.00629464      -0.959511       0.920661
          59900     0.00800603      -0.954214       0.910524
          60000     0.00536432      -0.962683       0.926758
          60100      0.0556037      -0.874183       0.764196
          60200      0.0295641      -0.909977       0.828058
          60300    0.000983799      -0.984192       0.968634
          60400       0.010605       -1.05023        1.10298
          60500      0.0335665      -0.903763       0.816788
          60600      0.0399366      -0.894516       0.800159
          60700      0.0607633       -1.11647         1.2465
          60800      0.0803749       -0.84646       0.716495
          60900     0.00507879      -0.963709       0.928734
          61000       0.150695       -0.78218       0.611806
          61100      0.0383002      -0.896825       0.804296
          61200       0.194291      -0.747807       0.559216
          61300      0.0365209       -1.09138         1.1911
          61400     0.00155929      -0.980057       0.960512
          61500     0.00596731        -0.9606       0.922752
          61600      0.0574758      -0.871928       0.760259
          61700    0.000160469       -1.00631        1.01267
          61800       0.166637      -0.769278       0.591788
          61900      0.0709512      -0.856524       0.733633
          62000     0.00018622        -1.0068        1.01365
          62100      0.0154662      -0.935755       0.875637
          62200      0.0327126       -0.90506       0.819134
          62300     0.00248785       -1.02464        1.04988
          62400       0.119119      -0.809236       0.654863
          62500      0.0263866       -1.07816        1.16244
          62600      0.0240089      -0.919267       0.845052
          62700       0.129516      -0.800073       0.640117
          62800      0.0367767       -1.09168        1.19177
          62900      0.0797943       -1.13247        1.28248
          63000       0.116788       -1.15834        1.34174
          63100      0.0678989      -0.859899       0.739426
          63200      0.0595953        -1.1154        1.24412
          63300      0.0811718      -0.845632       0.715093
          63400      0.0523443       -1.10851        1.22879
          63500     0.00249554      -0.974702       0.950045
          63600       0.422996       -1.28467        1.65038
          63700      0.0513558      -0.879421       0.773382
          63800       0.190719      -0.750524       0.563286
          63900      0.0628583      -0.865612       0.749284
          64000     0.00049714       -1.01109         1.0223
          64100       0.014056       -1.05762        1.11856
          64200      0.0110289        -1.0512        1.10502
          64300      0.0857241       -0.84096       0.707213
          64400     0.00668136      -0.958259        0.91826
          64500      0.0163787       -1.06206        1.12798
          64600      0.0456162       -1.10163        1.21358
          64700      0.0286815       -1.08137        1.16936
          64800      0.0981837      -0.828648       0.686657
          64900      0.0852621      -0.841429       0.708003
          65000       0.108357      -0.819038       0.670824
          65100      0.0201627      -0.926285       0.858005
          65200      0.0303281      -0.908763        0.82585
          65300      0.0120693        -1.0535        1.10986
          65400    0.000690477       -1.01305        1.02628
          65500     0.00867648       -1.04554        1.09315
          65600       0.111877      -0.815794        0.66552
          65700     0.00010996      -0.994743       0.989514
          65800     0.00456968       -1.03325         1.0676
          65900       0.004958      -0.964151       0.929587
          66000    1.60834e-05         -1.002        1.00401
          66100       0.135301       -1.16954        1.36783
          66200       0.190217      -0.750907       0.563861
          66300       0.100573       -1.14766        1.31713
          66400       0.155883       -1.18102        1.39482
          66500      0.0328144      -0.904905       0.818852
          66600      0.0389596       -1.09425        1.19738
          66700       0.298398      -0.673603       0.453742
          66800      0.0835293        -0.8432       0.710986
          66900       0.104103      -0.823013        0.67735
          67000     0.00166081       -1.02017        1.04075
          67100       0.156646      -0.777312       0.604214
          67200     0.00483424      -0.964609       0.930471
          67300      0.0617652      -0.866876       0.751474
          67400     0.00727239       -1.04177        1.08528
          67500       0.161272      -0.773572       0.598413
          67600       0.143466       -1.17421        1.37877
          67700       0.142659       -1.17376         1.3777
          67800      0.0364896      -0.899432       0.808978
          67900      0.0554138      -0.874413       0.764599
          68000     0.00198608      -0.977463       0.955435
          68100      0.0227843       -1.07282        1.15094
          68200       0.152764       -0.78048       0.609149
          68300      0.0262676      -0.915384       0.837927
          68400      0.0448372       -1.10079        1.21175
          68500       0.102066      -0.824938       0.680522
          68600      0.0438958       -1.09978        1.20951
          68700    0.000138489       -1.00587        1.01177
          68800      0.0339222      -0.903228        0.81582
          68900      0.0771105       -1.13035        1.27769
          69000       0.344138      -0.642937       0.413367
          69100     0.00545817       -1.03628        1.07388
          69200      0.0114592      -0.944962       0.892952
          69300      0.0296219      -0.909885        0.82789
          69400      0.0114196       -0.94506       0.893138
          69500      0.0230878      -0.920898       0.848053
          69600     0.00394828       -1.03094        1.06284
          69700     0.00352625      -0.969855       0.940618
          69800    0.000172552       -1.00655        1.01314
          69900      0.0410043       -1.09658         1.2025
          70000      0.0410935       -1.09668        1.20272
          70100       0.128185      -0.801231       0.641971
          70200      0.0206687       -1.06947        1.14377
          70300      0.0792259       -1.13202        1.28147
          70400      0.0293553      -0.910311       0.828666
          70500      0.0374554      -0.898034       0.806466
          70600      0.0433753      -0.889794       0.791733
          70700      0.0280463      -0.912431        0.83253
          70800        0.10268        -1.1491        1.32044
          70900      0.0176321      -0.931243       0.867214
          71000      0.0119825       -1.05331        1.10946
          71100      0.0119597       -1.05326        1.10936
          71200       0.039581      -0.895014        0.80105
          71300     0.00311779       -0.97168       0.944163
          71400       0.180771      -0.758174       0.574828
          71500      0.0844084        -0.8423       0.709469
          71600      0.0553214      -0.874526       0.764795
          71700    0.000389016      -0.990089       0.980277
          71800       0.031879       -1.08561        1.17855
          71900      0.0383693       -1.09356        1.19588
          72000      0.0485749      -0.882951       0.779603
          72100    0.000962177       -1.01539        1.03102
          72200     2.9662e-06      -0.999138       0.998278
          72300     0.00725458      -0.956465       0.914826
          72400     0.00211462      -0.976737       0.954015
          72500       0.127399       -1.16487        1.35693
          72600      0.0014325      -0.980893       0.962152
          72700    3.51139e-05       -1.00296        1.00593
          72800       0.384239      -0.616547        0.38013
          72900    0.000148742      -0.993883       0.987804
          73000      0.0592414       -1.11508         1.2434
          73100    8.40394e-05      -0.995406       0.990833
          73200       0.238813      -0.715063       0.511315
          73300       0.503186      -0.539114       0.290644
          73400      0.0514579      -0.879293       0.773157
          73500       0.129868      -0.799768       0.639628
          73600     0.00451875      -0.965805       0.932778
          73700      0.0269846       -1.07901        1.16427
          73800       0.153714       -1.17986        1.39206
          73900      0.0118927       -1.05312        1.10905
          74000      0.0153219       -1.06009        1.12378
          74100      0.0251962      -0.917206       0.841267
          74200       0.120038      -0.808415       0.653536
          74300     0.00582963      -0.961066       0.923648
          74400      0.0741003      -0.853104       0.727786
          74500      0.0758361      -0.851244       0.724616
          74600       0.154912      -0.778724       0.606411
          74700       0.187514      -0.752975       0.566971
          74800      0.0154943      -0.935694       0.875524
          74900    0.000738327       -0.98632       0.972828
          75000      0.0238356       -1.07442        1.15439
          75100        0.12116      -0.807416        0.65192
          75200      0.0480129      -0.883675       0.780882
          75300       0.184965      -0.754933       0.569924
          75400     0.00161712       -1.01991        1.04021
          75500       0.108264       -1.15284        1.32903
          75600      0.0127563      -0.941837       0.887056
          75700      0.0814368       -1.13374        1.28537
          75800      0.0567524      -0.872796       0.761772
          75900       0.103089       -1.14938        1.32108
          76000       0.112986       -1.15591        1.33613
          76100      0.0489854       -1.10514        1.22133
          76200      0.0383157      -0.896803       0.804256
          76300       0.171038       -1.18894        1.41357
          76400       0.276569       -1.23527         1.5259
          76500      0.0195899      -0.927381       0.860036
          76600      0.0168327      -0.932877       0.870259
          76700     0.00716448      -0.956743       0.915357
          76800     0.00312723      -0.971637       0.944078
          76900    0.000450973       -1.01056        1.02124
          77000     0.00245399      -0.974917       0.950462
          77100      0.0102394       -1.04938        1.10119
          77200      0.0637191      -0.864623       0.747574
          77300      0.0290123       -1.08182        1.17033
          77400    0.000367774       -1.00954        1.01918
          77500      0.0408489       -1.09641        1.20211
          77600      0.0592719      -0.869794       0.756542
          77700      0.0273528      -0.913572       0.834613
          77800      0.0375812       -1.09264        1.19386
          77900      0.0113385       -1.05189        1.10648
          78000     0.00374804       -1.03016        1.06122
          78100      0.0564721       -1.11249        1.23764
          78200       0.183398      -0.756141        0.57175
          78300     0.00898811       -1.04633        1.09481
          78400    0.000200544      -0.992894       0.985839
          78500     0.00773502       -1.04305        1.08795
          78600      0.0560909      -0.873593       0.763165
          78700     0.00531806       -1.03582        1.07292
          78800      0.0702313      -0.857314       0.734988
          78900       0.025499      -0.916687       0.840316
          79000      0.0477539       -0.88401       0.781473
          79100       0.153648       -1.17982        1.39198
          79200      0.0118818       -1.05309          1.109
          79300       0.192068       -1.19927        1.43826
          79400      0.0223587       -0.92221       0.850472
          79500       0.127506      -0.801823        0.64292
          79600      0.0495282       -1.10569        1.22255
          79700    0.000486537       -0.98891       0.977942
          79800      0.0377457      -0.897618       0.805717
          79900       0.040577        -1.0961        1.20144
          80000      0.0887282       -1.13924        1.29787
          80100      0.0822169       -0.84455       0.713265
          80200      0.0326055      -0.905224        0.81943
          80300       0.165054       -0.77054       0.593731
          80400      0.0332863      -0.904187       0.817555
          80500     0.00159612      -0.979821       0.960049
          80600      0.0626399      -0.865864        0.74972
          80700      0.0247579        -1.0758        1.15735
          80800       0.021648       -1.07104        1.14713
          80900      0.0337348       -1.08797        1.18367
          81000       0.121072       -1.16101        1.34795
          81100      0.0308459       -1.08426        1.17563
          81200      0.0714384      -0.855991        0.73272
          81300      0.0673716        -1.1223        1.25956
          81400       0.198802      -0.744398       0.554128
          81500       0.175125      -0.762575       0.581521
          81600       0.142988      -0.788582       0.621862
          81700        0.11119      -0.816424       0.666548
          81800     0.00499263      -0.964024       0.929341
          81900    0.000783588        -1.0139        1.02799
          82000      0.0283494       -1.08091        1.16837
          82100      0.0381419      -0.897051       0.804701
          82200      0.0999142      -0.826987       0.683908
          82300      0.0135834       -1.05667        1.11655
          82400      0.0578193      -0.871518       0.759544
          82500     0.00639594       -0.95918       0.920025
          82600      0.0198977      -0.926791       0.858941
          82700       0.041476      -0.892381       0.796343
          82800     0.00972811       -1.04816        1.09863
          82900     0.00123581      -0.982266       0.964846
          83000      0.0301907       -0.90898       0.826245
          83100       0.110296       -1.15417        1.33211
          83200      0.0179653      -0.930573       0.865965
          83300     0.00149639      -0.980468       0.961317
          83400      0.0481967       -1.10433        1.21954
          83500    5.85738e-05      -0.996166       0.992347
          83600       0.220087      -0.728605       0.530865
          83700      0.0284734       -1.08108        1.16874
          83800    0.000102359       -1.00505        1.01012
          83900       0.202136      -0.741892       0.550404
          84000      0.0283064      -0.912006       0.831755
          84100      0.0146386       -1.05877        1.12099
          84200       0.152268      -0.780887       0.609785
          84300     0.00158796       -1.01973        1.03985
          84400     0.00237667       -1.02409        1.04875
          84500       0.183732      -0.755884        0.57136
          84600       0.102911      -0.824137       0.679202
          84700       0.221674      -0.727446       0.529177
          84800       0.240489      -0.713865       0.509603
          84900      0.0395681       -1.09495        1.19892
          85000       0.010808        -1.0507        1.10396
          85100       0.110136      -0.817394       0.668133
          85200      0.0179307      -0.930642       0.866095
          85300      0.0173197       -1.06377         1.1316
          85400     0.00588791      -0.960868       0.923267
          85500     0.00108026        -1.0163        1.03287
          85600      0.0703542      -0.857179       0.734756
          85700       0.110874      -0.816715       0.667023
          85800      0.0972145      -0.829583       0.688208
          85900       0.198282      -0.744789       0.554711
          86000      0.0149372       -1.05935        1.12222
          86100    0.000101386       -1.00502        1.01007
          86200       0.283845      -0.683542       0.467229
          86300      0.0103454       -0.94778       0.898288
          86400       0.016685      -0.933183        0.87083
          86500     0.00347314       -1.02904        1.05893
          86600     0.00019933       -1.00703        1.01412
          86700     0.00174944      -0.978863       0.958174
          86800       0.205177      -0.739618       0.547035
          86900      0.0236139       -1.07409        1.15367
          87000     0.00137823      -0.981262       0.962875
          87100    0.000165959       -1.00642        1.01288
          87200      0.0473505      -0.884533       0.782398
          87300    7.11631e-05      -0.995773       0.991564
          87400      0.0422019       -1.09792        1.20543
          87500       0.125305       -1.16361        1.35399
          87600     0.00939925       -1.04735        1.09695
          87700      0.0770872       -1.13033        1.27765
          87800       0.127728      -0.801629       0.642609
          87900     0.00427509       -1.03217        1.06538
          88000       0.037155      -0.898467       0.807244
          88100      0.0398842      -0.894589        0.80029
          88200       0.117114      -0.811037       0.657781
          88300      0.0604603       -1.11619        1.24589
          88400      0.0360507       -1.09081        1.18987
          88500      0.0214797       -1.07078        1.14656
          88600      0.0301136      -0.909103       0.826467
          88700     0.00926891       -1.04703        1.09628
          88800      0.0165798      -0.933401       0.871237
          88900      0.0393006      -0.895408       0.801756
          89000    0.000133314       -1.00576        1.01155
          89100       0.179144         -1.193        1.42325
          89200     0.00291964       -1.02666        1.05403
          89300      0.0122785       -0.94297       0.889192
          89400       0.146231      -0.785874       0.617598
          89500       0.046723       -1.10279        1.21615
          89600      0.0931465       -1.14245         1.3052
          89700      0.0187879       -1.06633        1.13707
          89800        0.16764       -0.76848       0.590562
          89900      0.0565084      -0.873089       0.762285
          90000       0.155499      -0.778246       0.605666
          90100      0.0717307       -1.12598        1.26783
          90200      0.0029977      -0.972239       0.945249
          90300     0.00620901       -1.03865         1.0788
          90400      0.0292798       -1.08218        1.17111
          90500     0.00201851      -0.977278       0.955072
          90600     0.00167338      -0.979333       0.959093
          90700      0.0776694      -0.849298       0.721308
          90800      0.0015749       -1.01965        1.03968
          90900      0.0741363      -0.853065        0.72772
          91000      0.0454838       -1.10149        1.21327
          91100      0.0236464      -0.919906       0.846226
          91200      0.0452936       -1.10128        1.21282
          91300      0.0412957      -0.892629       0.796787
          91400      0.0885765       -1.13913        1.29762
          91500       0.192707       -1.19958        1.43898
          91600     0.00144734       -1.01884        1.03804
          91700      0.0038318       -1.03049         1.0619
          91800       0.372803      -0.624038       0.389424
          91900    0.000143998      -0.993982          0.988
          92000        0.16769       -0.76844       0.590501
          92100      0.0171117        -1.0634        1.13081
          92200      0.0239071       -1.07453        1.15462
          92300       0.283815       -1.23804        1.53274
          92400        0.11888      -0.809451        0.65521
          92500       0.114783      -0.813144       0.661204
          92600     0.00741675       -0.95597       0.913879
          92700    3.22305e-06        -1.0009         1.0018
          92800     0.00201249       -1.02218        1.04486
          92900      0.0428673      -0.890481       0.792956
          93000    0.000121052      -0.994484       0.988998
          93100     0.00669221      -0.958224       0.918194
          93200       0.050182      -0.880901       0.775987
          93300       0.178446      -0.759981       0.577571
          93400       0.276382       -0.68868        0.47428
          93500      0.0284325      -0.911801       0.831381
          93600      0.0311671       -1.08469        1.17654
          93700     0.00208198       -1.02256        1.04563
          93800      0.0085987       -1.04534        1.09273
          93900      0.0243588       -1.07521        1.15607
          94000     0.00106451      -0.983551       0.967373
          94100       0.135226        -1.1695        1.36773
          94200       0.114361       -1.15679        1.33817
          94300       0.211317       -1.20818        1.45969
          94400      0.0365422      -0.899355        0.80884
          94500       0.019306       -0.92793       0.861054
          94600      0.0370721      -0.898587       0.807459
          94700       0.011662       -1.05261        1.10799
          94800     0.00465521      -0.965283       0.931771
          94900     0.00750398       -1.04241        1.08663
          95000    1.13827e-05      -0.998312       0.996626
          95100      0.0181104       -1.06516        1.13457
          95200       0.049628       -1.10579        1.22277
          95300      0.0737467      -0.853485       0.728436
          95400    0.000239264      -0.992236       0.984532
          95500      0.0160544       -1.06146        1.12671
          95600    0.000181657      -0.993238       0.986522
          95700      0.0487698       -1.10492        1.22084
          95800       0.164958       -1.18581        1.40615
          95900     0.00336873       -1.02861        1.05804
          96000     0.00389611      -0.968288       0.937581
          96100      0.0682269      -0.859533       0.738797
          96200      0.0123272      -0.942853       0.888972
          96300     3.1979e-05       -1.00282        1.00566
          96400     0.00271811       -1.02574        1.05214
          96500      0.0489602      -0.882457        0.77873
          96600      0.0606818      -0.868138       0.753663
          96700       0.337188       -0.64755       0.419321
          96800       0.395784      -0.609004       0.370886
          96900      0.0664438      -0.861529       0.742233
          97000       0.185177       -1.19596        1.43032
          97100     0.00561051       -1.03678         1.0749
          97200      0.0183949      -0.929716       0.864372
          97300      0.0544274      -0.875616       0.766703
          97400      0.0572166       -1.11319         1.2392
          97500      0.0106869      -0.946902       0.896623
          97600      0.0277413       -1.08007        1.16656
          97700       0.115852       -1.15774        1.34037
          97800      0.0148709      -0.937045       0.878054
          97900      0.0872409      -0.839425       0.704634
          98000    9.22234e-05      -0.995187       0.990397
          98100      0.0377699       -1.09286        1.19434
          98200      0.0628637       -1.11836        1.25073
          98300      0.0474673       -1.10357        1.21787
          98400      0.0209562      -0.924791       0.855238
          98500    0.000260042       -1.00803        1.01613
          98600      0.0613597      -0.867347       0.752291
          98700        0.14906      -0.783529       0.613917
          98800       0.269565        -0.6934       0.480804
          98900     0.00502349       -0.96391       0.929123
          99000       0.028533      -0.911637       0.831083
          99100     0.00818004       -1.04424        1.09044
          99200      0.0306152       -0.90831       0.825028
          99300      0.0441253       -1.10003        1.21006
          99400       0.115061      -0.812892       0.660794
          99500       0.195583      -0.746829       0.557753
          99600        0.03235       -1.08621        1.17986
          99700      0.0343904      -0.902526       0.814553
          99800    5.97191e-05      -0.996129       0.992272
          99900      0.0306787      -0.908211       0.824847
         100000       0.106405      -0.820855       0.673802
