              0              0              0              0
            100       0.514978        1.01487        1.02996
            200        43.1377       -9.28846        86.2755
            300       0.216053       0.657348       0.432106
            400        41.0883        9.06513        82.1767
            500        6.20643       -3.52319        12.4129
            600        2.45573       -2.21618        4.91147
            700        11.5786       -4.81218        23.1571
            800        4.92775       -3.13935        9.85551
            900        5.72505         3.3838        11.4501
           1000       0.110752       0.470642       0.221504
           1100        1.08291       -1.47167        2.16582
           1200         12.963        5.09177        25.9261
           1300       0.182123       0.603528       0.364247
           1400     0.00293863      0.0766632     0.00587725
           1500        4.72499        3.07408        9.44997
           1600         9.9408       -4.45888        19.8816
           1700        10.7038       -4.62684        21.4076
           1800        0.70416       -1.18673        1.40832
           1900       0.078395      -0.395967        0.15679
           2000        2.67264        2.31199        5.34528
           2100       0.576485        1.07376        1.15297
           2200        1.14355        1.51232         2.2871
           2300        0.80894        1.27196        1.61788
           2400        2.85581        -2.3899        5.71162
           2500        1.55091        -1.7612        3.10181
           2600        7.53736        3.88262        15.0747
           2700       0.379078       0.870722       0.758157
           2800        8.08033       -4.02003        16.1607
           2900      0.0265695       0.230519      0.0531391
           3000      0.0794152       0.398535        0.15883
           3100        4.00826        2.83134        8.01651
           3200       0.972167       -1.39439        1.94433
           3300        28.3136         7.5251        56.6272
           3400        1.49224       -1.72757        2.98449
           3500        1.54371        1.75711        3.08742
           3600        4.81047       -3.10177        9.62095
           3700       0.147589      -0.543303       0.295178
           3800        6.30706       -3.55164        12.6141
           3900        11.3089        4.75582        22.6178
           4000       0.703577        1.18624        1.40715
           4100       0.178572      -0.597615       0.357144
           4200        5.91285        3.43885        11.8257
           4300        4.85305        3.11546         9.7061
           4400        5.74983       -3.39112        11.4997
           4500       0.124645       -0.49929       0.249291
           4600        2.28205        2.13637        4.56409
           4700        3.11259       -2.49503        6.22519
           4800        10.8781       -4.66436        21.7562
           4900         3.2661       -2.55582         6.5322
           5000        1.01469       -1.42456        2.02937
           5100      0.0181881      -0.190726      0.0363762
           5200       0.777685        1.24714        1.55537
           5300        0.16548      -0.575292       0.330961
           5400     0.00735932        0.12132      0.0147186
           5500        1.01865       -1.42734        2.03731
           5600        20.9415        6.47171         41.883
           5700      0.0705681       0.375681       0.141136
           5800       0.209081      -0.646655       0.418163
           5900        1.01162       -1.42241        2.02324
           6000        3.25073         2.5498        6.50147
           6100        12.6157        5.02308        25.2313
           6200        7.43216       -3.85543        14.8643
           6300        1.19446       -1.54562        2.38893
           6400        1.50768        1.73648        3.01536
           6500      0.0579768      -0.340519       0.115954
           6600        3.20819        2.53306        6.41638
           6700        2.81439       -2.37251        5.62878
           6800        10.0932       -4.49292        20.1863
           6900        1.57192       -1.77309        3.14384
           7000        31.8165       -7.97703        63.6329
           7100        2.40861       -2.19482        4.81723
           7200        4.21566        2.90367        8.43132
           7300        8.75595       -4.18472        17.5119
           7400        7.16009         3.7842        14.3202
           7500        0.90195       -1.34309         1.8039
           7600       0.654075       -1.14374        1.30815
           7700        6.33519       -3.55955        12.6704
           7800        1.49125       -1.72699         2.9825
           7900         6.2218       -3.52755        12.4436
           8000        9.59356       -4.38031        19.1871
           8100       0.641794       -1.13296        1.28359
           8200        13.5864        5.21275        27.1728
           8300        4.27186       -2.92296        8.54372
           8400        5.23101        3.23451         10.462
           8500        10.0195        -4.4765        20.0391
           8600     0.00017953     -0.0189489     0.00035906
           8700        5.87213       -3.42699        11.7443
           8800        22.0302       -6.63781        44.0605
           8900        2.30639       -2.14774        4.61278
           9000       0.092465       0.430035        0.18493
           9100        16.4925        5.74326         32.985
           9200        2.42964        2.20438        4.85928
           9300        10.1235       -4.49968        20.2471
           9400         38.582       -8.78431        77.1641
           9500        13.0747       -5.11365        26.1494
           9600        33.1614        8.14389        66.3229
           9700        6.03785       -3.47501        12.0757
           9800        3.09187       -2.48671        6.18375
           9900        1.16195       -1.52443         2.3239
          10000        7.78601       -3.94614         15.572
          10100        3.15591       -2.51233        6.31182
          10200       0.559696       -1.05801        1.11939
          10300        5.38804       -3.28269        10.7761
          10400        20.4207       -6.39073        40.8415
          10500     0.00118965       0.048778      0.0023793
          10600       0.595882       -1.09168        1.19176
          10700         13.904        5.27332        27.8079
          10800        1.52682       -1.74747        3.05364
          10900        15.1075        5.49682        30.2151
          11000         7.7898        -3.9471        15.5796
          11100        2.72652       -2.33518        5.45305
          11200        7.17492        3.78812        14.3498
          11300        0.10846      -0.465746       0.216919
          11400        0.37613      -0.867329       0.752259
          11500        35.0107        8.36788        70.0214
          11600        5.13802        3.20563         10.276
          11700        42.5205        9.22177         85.041
          11800       0.198398      -0.629917       0.396795
          11900        7.94524        3.98629        15.8905
          12000        6.32294        -3.5561        12.6459
          12100       0.159015      -0.563941        0.31803
          12200        11.4306       -4.78133        22.8611
          12300        6.03976       -3.47556        12.0795
          12400       0.849158       -1.30319        1.69832
          12500        11.4125        4.77755         22.825
          12600        6.80829        3.69006        13.6166
          12700        7.95052       -3.98761         15.901
          12800       0.192342       0.620228       0.384683
          12900        8.67681       -4.16577        17.3536
          13000        1.63597        1.80885        3.27194
          13100        7.05271        3.75572        14.1054
          13200       0.229699       -0.67779       0.459399
          13300        4.79796        3.09773        9.59593
          13400       0.762532       -1.23493        1.52506
          13500        15.1608        5.50651        30.3216
          13600    0.000378337      0.0275077    0.000756674
          13700        9.20631        4.29099        18.4126
          13800         2.8536       -2.38898        5.70721
          13900        9.47513       -4.35319        18.9503
          14000        7.66884       -3.91634        15.3377
          14100         3.8493        2.77463         7.6986
          14200        3.51384       -2.65098        7.02767
          14300       0.154971       0.556724       0.309941
          14400       0.916757       -1.35407        1.83351
          14500        2.75621       -2.34785        5.51241
          14600       0.990379        1.40739        1.98076
          14700       0.562501        1.06066          1.125
          14800        11.8012        4.85823        23.6024
          14900        9.13185       -4.27361        18.2637
          15000        2.34042       -2.16352        4.68083
          15100        1.16333       -1.52534        2.32667
          15200         46.993        9.69464         93.986
          15300        2.27608        2.13358        4.55215
          15400        21.3434        6.53351        42.6868
          15500        4.32979        2.94272        8.65958
          15600       0.725857       -1.20487        1.45171
          15700       0.153202       0.553537       0.306403
          15800        7.30225       -3.82158        14.6045
          15900      0.0504775      -0.317734       0.100955
          16000        1.26998       -1.59373        2.53997
          16100       0.768887        1.24007        1.53777
          16200       0.381225      -0.873184        0.76245
          16300        1.00075        1.41475        2.00151
          16400        1.72173        1.85566        3.44347
          16500       0.103842       0.455723       0.207683
          16600        4.18374       -2.89266        8.36749
          16700        1.82748         1.9118        3.65497
          16800        1.84404       -1.92044        3.68807
          16900        2.07878        2.03901        4.15755
          17000       0.584606        -1.0813        1.16921
          17100        4.56457        3.02145        9.12914
          17200       0.152381       0.552052       0.304762
          17300        1.10599       -1.48727        2.21198
          17400        6.62723        3.64067        13.2545
          17500        7.01363        -3.7453        14.0273
          17600       0.110164      -0.469391       0.220328
          17700       0.393504      -0.887135       0.787009
          17800         6.9963       -3.74067        13.9926
          17900       0.570246        1.06794        1.14049
          18000        1.60943        1.79412        3.21886
          18100        2.34735        2.16672        4.69469
          18200          2.515       -2.24277        5.03001
          18300       0.294749      -0.767788       0.589498
          18400       0.721341        1.20112        1.44268
          18500        3.22302       -2.53891        6.44604
          18600        14.0108        5.29355        28.0217
          18700        4.86423        3.11905        9.72846
          18800       0.310189      -0.787641       0.620378
          18900        4.29794        2.93187        8.59588
          19000        18.3364        6.05581        36.6729
          19100        26.5807       -7.29119        53.1615
          19200      0.0431308       0.293703      0.0862616
          19300       0.207375      -0.644011        0.41475
          19400    0.000648162      0.0360045     0.00129632
          19500         7.6418        3.90942        15.2836
          19600        11.2193        4.73694        22.4386
          19700       0.385893      -0.878514       0.771787
          19800       0.272552      -0.738312       0.545104
          19900        18.1279        6.02129        36.2559
          20000       0.149402       0.546629       0.298803
          20100        15.6502        5.59468        31.3005
          20200        4.20159        2.89883        8.40319
          20300       0.874684       -1.32264        1.74937
          20400       0.212245       0.651529        0.42449
          20500        3.14537       -2.50813        6.29074
          20600       0.373077      -0.863802       0.746154
          20700       0.023855       0.218426        0.04771
          20800       0.650449       -1.14057         1.3009
          20900        1.10389       -1.48586        2.20778
          21000        1.77751       -1.88548        3.55503
          21100        1.92753       -1.96343        3.85505
          21200       0.767233       -1.23874        1.53447
          21300        1.70805        1.84827        3.41611
          21400        2.47998        -2.2271        4.95996
          21500        1.55745        1.76491         3.1149
          21600        6.95449        3.72947         13.909
          21700       0.160426      -0.566438       0.320852
          21800        1.74555        1.86845        3.49109
          21900        2.23908       -2.11617        4.47816
          22000       0.776142        1.24591        1.55228
          22100        2.36442       -2.17459        4.72885
          22200         11.561       -4.80853        23.1219
          22300       0.118197      -0.486203       0.236393
          22400        1.51811       -1.74248        3.03622
          22500       0.890822        1.33478        1.78164
          22600        1.46489       -1.71166        2.92977
          22700        5.11062        3.19707        10.2212
          22800       0.237747       0.689561       0.475494
          22900       0.437857      -0.935796       0.875714
          23000       0.998595        1.41322        1.99719
          23100        1.28463       -1.60289        2.56926
          23200       0.190394       0.617081       0.380788
          23300        0.59362        1.08961        1.18724
          23400      0.0109621       0.148068      0.0219242
          23500       0.248758      -0.705348       0.497515
          23600        2.54613         2.2566        5.09226
          23700       0.116194       0.482066       0.232388
          23800        2.13354        2.06569        4.26709
          23900        7.00782       -3.74375        14.0156
          24000       0.346589      -0.832573       0.693178
          24100        5.82179       -3.41227        11.6436
          24200        1.98329        1.99162        3.96657
          24300        9.50545       -4.36015        19.0109
          24400       0.126661        0.50331       0.253321
          24500        2.60968        2.28459        5.21935
          24600        32.7279       -8.09048        65.4559
          24700         6.3427        3.56166        12.6854
          24800     0.00606252       0.110114       0.012125
          24900        3.85983       -2.77843        7.71965
          25000        2.05762         2.0286        4.11524
          25100        5.37439        3.27853        10.7488
          25200         2.3742        2.17908         4.7484
          25300        3.10416        2.49165        6.20833
          25400        2.44907       -2.21317        4.89813
          25500        1.26843        1.59275        2.53686
          25600       0.273042      -0.738975       0.546085
          25700        1.84837        1.92269        3.69674
          25800        17.6594        5.94296        35.3188
          25900       0.155967       0.558511       0.311934
          26000       0.998212        1.41295        1.99642
          26100        7.71075       -3.92702        15.4215
          26200        2.33742        2.16214        4.67484
          26300        14.5429       -5.39313        29.0858
          26400      0.0966658       0.439695       0.193332
          26500        2.78893       -2.36175        5.57786
          26600         6.2489        3.53522        12.4978
          26700        1.76414       -1.87837        3.52828
          26800        12.6724       -5.03437        25.3448
          26900     0.00311283      0.0789029     0.00622566
          27000        0.01107       0.148795      0.0221401
          27100        1.61095       -1.79497         3.2219
          27200        8.72907       -4.17829        17.4581
          27300       0.129701      -0.509316       0.259403
          27400        1.26837        1.59272        2.53675
          27500        9.39581       -4.33493        18.7916
          27600       0.239613       0.692261       0.479226
          27700       0.104144      -0.456387       0.208289
          27800        3.91692         2.7989        7.83384
          27900        3.73778        2.73415        7.47557
          28000        15.6229        5.58979        31.2457
          28100         0.3597      -0.848175         0.7194
          28200       0.479329      -0.979111       0.958659
          28300        1.05629        1.45347        2.11258
          28400        0.20632      -0.642371        0.41264
          28500        7.30546       -3.82242        14.6109
          28600        6.59312        3.63129        13.1862
          28700         3.6907        2.71687        7.38141
          28800        2.65223       -2.30314        5.30445
          28900       0.787087       -1.25466        1.57417
          29000       0.290768      -0.762585       0.581535
          29100          1.741       -1.86601        3.48199
          29200        2.47758       -2.22602        4.95515
          29300        2.22638        2.11015        4.45275
          29400        11.7321         -4.844        23.4643
          29500       0.254049        0.71281       0.508098
          29600       0.012481       0.157994       0.024962
          29700        3.65621       -2.70415        7.31243
          29800       0.467777      -0.967241       0.935555
          29900    0.000420767      0.0290092    0.000841534
          30000        1.20264         1.5509        2.40528
          30100        0.57098       -1.06863        1.14196
          30200        8.03912        4.00977        16.0782
          30300        1.96011        1.97995        3.92022
          30400       0.756371        1.22994        1.51274
          30500        8.26085       -4.06469        16.5217
          30600       0.239293       0.691799       0.478586
          30700        0.20799       0.644965       0.415979
          30800        8.42639        4.10521        16.8528
          30900        1.62954        1.80529        3.25908
          31000        3.39293       -2.60497        6.78585
          31100        7.84671        3.96149        15.6934
          31200       0.688091        1.17311        1.37618
          31300      0.0763586       0.390791       0.152717
          31400        7.75095        3.93725        15.5019
          31500     0.00284108     -0.0753801     0.00568216
          31600        1.51421        1.74023        3.02842
          31700        0.18189      -0.603142       0.363781
          31800       0.731087        -1.2092        1.46217
          31900         15.188        5.51145         30.376
          32000        3.53387       -2.65852        7.06773
          32100       0.192597       -0.62064       0.385194
          32200        14.5364        5.39193        29.0729
          32300       0.549497        1.04833        1.09899
          32400        3.02108        2.45808        6.04216
          32500        3.68808        2.71591        7.37616
          32600        6.69345       -3.65881        13.3869
          32700      0.0864588       0.415834       0.172918
          32800        6.26931       -3.54099        12.5386
          32900        8.92834       -4.22572        17.8567
          33000        5.80202       -3.40647         11.604
          33100      0.0240066      -0.219119      0.0480133
          33200       0.115525       0.480676       0.231049
          33300       0.350666       0.837456       0.701333
          33400        9.38255       -4.33187        18.7651
          33500       0.215337      -0.656258       0.430674
          33600      0.0200653      -0.200326      0.0401306
          33700        4.05013        -2.8461        8.10026
          33800       0.391037      -0.884349       0.782074
          33900        2.00011        2.00006        4.00023
          34000        1.42719       -1.68949        2.85438
          34100        11.7044        4.83827        23.4089
          34200         1.1185       -1.49566        2.23701
          34300       0.483759       0.983625       0.967518
          34400         7.8341       -3.95831        15.6682
          34500       0.420114       -0.91664       0.840228
          34600        7.23543       -3.80406        14.4709
          34700        3.30794       -2.57213        6.61587
          34800       0.250114      -0.707268       0.500228
          34900       0.117877      -0.485544       0.235753
          35000        5.30144       -3.25621        10.6029
          35100        5.78554        3.40163        11.5711
          35200         10.888        4.66649        21.7761
          35300        10.7518        -4.6372        21.5036
          35400        28.2623        7.51828        56.5246
          35500        1.84159        1.91916        3.68318
          35600       0.258225       0.718644       0.516449
          35700        4.88115       -3.12447        9.76229
          35800        5.65208       -3.36217        11.3042
          35900        4.12287        2.87154        8.24574
          36000        5.27836        3.24911        10.5567
          36100        0.60609        1.10099        1.21218
          36200        14.9357       -5.46548        29.8714
          36300        17.5953       -5.93216        35.1906
          36400         10.108        4.49622         20.216
          36500       0.033714      -0.259669      0.0674281
          36600         1.9502        1.97494        3.90041
          36700        1.83053       -1.91339        3.66107
          36800       0.633623        1.12572        1.26725
          36900        1.30115       -1.61316        2.60229
          37000       0.327971       0.809903       0.655943
          37100       0.553451        1.05209         1.1069
          37200        1.20828       -1.55453        2.41656
          37300         4.7997        3.09829        9.59939
          37400       0.452122      -0.950917       0.904243
          37500      0.0182005      -0.190791      0.0364011
          37600        28.5559       -7.55724        57.1119
          37700        12.5862       -5.01722        25.1725
          37800        7.01764        3.74637        14.0353
          37900        13.1765       -5.13351         26.353
          38000        14.3614        5.35937        28.7229
          38100        12.1344       -4.92633        24.2687
          38200      0.0987896       0.444499       0.197579
          38300     0.00311646      0.0789488     0.00623292
          38400        2.84949       -2.38725        5.69898
          38500        1.21485       -1.55875         2.4297
          38600        1.20761         1.5541        2.41522
          38700        7.75587        -3.9385        15.5117
          38800         2.2668       -2.12923        4.53361
          38900        24.0819        6.94001        48.1638
          39000       0.724524       -1.20376        1.44905
          39100        2.72109       -2.33285        5.44218
          39200        6.61324        3.63682        13.2265
          39300        1.50121       -1.73275        3.00242
          39400        1.43102        1.69175        2.86203
          39500        4.74298       -3.07993        9.48596
          39600        4.12096        2.87088        8.24193
          39700         0.1487       0.545344         0.2974
          39800       0.514011       -1.01391        1.02802
          39900        3.52223        2.65414        7.04447
          40000        1.09198        1.47782        2.18396
          40100        10.1424        4.50387        20.2848
          40200      0.0736293       0.383743       0.147259
          40300        9.28249       -4.30871         18.565
          40400        2.19475       -2.09511         4.3895
          40500      0.0719676       0.379388       0.143935
          40600        15.8691        5.63366        31.7381
          40700      0.0113709       0.150804      0.0227419
          40800        5.14256       -3.20704        10.2851
          40900        10.6483       -4.61483        21.2967
          41000        5.86224        -3.4241        11.7245
          41100        7.81889       -3.95446        15.6378
          41200       0.798937       -1.26407        1.59787
          41300        18.1113        6.01852        36.2226
          41400        1.46223       -1.71011        2.92447
          41500        2.35195       -2.16885         4.7039
          41600        4.92285        3.13779         9.8457
          41700        24.5029        7.00041        49.0058
          41800        23.3084        6.82765        46.6168
          41900        2.11691       -2.05763        4.23382
          42000        1.99517       -1.99758        3.99034
          42100        4.65822        3.05228        9.31643
          42200        4.06593       -2.85164        8.13186
          42300       0.750058       -1.22479        1.50012
          42400        2.74257       -2.34204        5.48514
          42500        8.48055       -4.11839        16.9611
          42600       0.207605      -0.644369       0.415211
          42700        2.64226       -2.29881        5.28451
          42800        4.90273        3.13137        9.80545
          42900       0.751855       -1.22626        1.50371
          43000      0.0268234      -0.231618      0.0536469
          43100        6.18057       -3.51584        12.3611
          43200        3.44497       -2.62487        6.88993
          43300        6.05907       -3.48111        12.1181
          43400        14.1426       -5.31838        28.2852
          43500        3.67859        2.71241        7.35717
          43600       0.328838      -0.810973       0.657677
          43700     0.00595849       0.109165       0.011917
          43800       0.928076       -1.36241        1.85615
          43900        3.26685        2.55611        6.53371
          44000       0.175498        0.59245       0.350997
          44100        2.15675         2.0769        4.31351
          44200        28.4589        7.54439        56.9179
          44300        26.2928       -7.25159        52.5856
          44400       0.876066        1.32368        1.75213
          44500        3.12992        2.50197        6.25984
          44600         1.0107        1.42176        2.02141
          44700      0.0506956       -0.31842       0.101391
          44800        6.82627       -3.69493        13.6525
          44900       0.464184      -0.963519       0.928368
          45000    0.000402378     -0.0283682    0.000804757
          45100        2.85052        2.38768        5.70104
          45200     0.00283396     -0.0752856     0.00566792
          45300        5.21658       -3.23004        10.4332
          45400      0.0288554       0.240231      0.0577109
          45500        1.00355       -1.41672         2.0071
          45600        2.80751        -2.3696        5.61502
          45700        8.44497        4.10974        16.8899
          45800         1.0325       -1.43701        2.06501
          45900        19.9265        6.31293        39.8531
          46000        5.16292       -3.21338        10.3258
          46100        24.1239       -6.94606        48.2478
          46200       0.927804       -1.36221        1.85561
          46300        6.59398        3.63152         13.188
          46400        32.1656       -8.02067        64.3312
          46500        11.3207         4.7583        22.6414
          46600       0.723698        1.20308         1.4474
          46700         1.2052       -1.55255         2.4104
          46800        2.59932        2.28005        5.19863
          46900         8.9624       -4.23377        17.9248
          47000       0.743873        1.21973        1.48775
          47100        11.8266       -4.86346        23.6532
          47200        10.2463        4.52687        20.4926
          47300       0.153182      -0.553501       0.306364
          47400        23.1488       -6.80423        46.2976
          47500        1.24871        1.58032        2.49743
          47600        27.2567       -7.38332        54.5134
          47700         3.1386        2.50543        6.27719
          47800      0.0473413      -0.307705      0.0946825
          47900      0.0591091       0.343829       0.118218
          48000        1.00133       -1.41515        2.00265
          48100       0.677718        1.16423        1.35544
          48200        1.46983       -1.71455        2.93967
          48300        1.28482        1.60301        2.56965
          48400        2.43878       -2.20852        4.87756
          48500        1.82375        1.90984         3.6475
          48600       0.858255        1.31016        1.71651
          48700        3.74878       -2.73817        7.49757
          48800        1.78811       -1.89109        3.57622
          48900        4.44033        2.98004        8.88066
          49000        2.21513       -2.10482        4.43025
          49100      0.0911036      -0.426857       0.182207
          49200       0.264444      -0.727246       0.528887
          49300        3.78514        2.75141        7.57027
          49400        7.02448        3.74819         14.049
          49500        1.28709        1.60443        2.57418
          49600       0.275461       0.742241       0.550922
          49700        7.25372        3.80886        14.5074
          49800       0.338591        0.82291       0.677182
          49900        9.37143        -4.3293        18.7429
          50000        11.8271       -4.86356        23.6542
          50100       0.919351        1.35599         1.8387
          50200       0.435867       0.933667       0.871733
          50300         2.4406       -2.20934        4.88119
          50400        0.10458        0.45734        0.20916
          50500         2.7128       -2.32929         5.4256
          50600        1.60338       -1.79074        3.20676
          50700        20.6035        6.41927         41.207
          50800        3.87603        2.78425        7.75205
          50900        3.17073        2.51822        6.34145
          51000        3.08704        2.48477        6.17409
          51100      0.0999321      -0.447062       0.199864
          51200         3.9251       -2.80182        7.85019
          51300        6.14633       -3.50609        12.2927
          51400        10.7274        4.63194        21.4548
          51500      0.0291448      -0.241432      0.0582896
          51600        9.85229       -4.43898        19.7046
          51700        8.26245        4.06508        16.5249
          51800        13.4585       -5.18815        26.9169
          51900        29.8759       -7.72993        59.7519
          52000        15.4437        5.55765        30.8874
          52100        15.3451        5.53987        30.6901
          52200        1.01501       -1.42479        2.03002
          52300        10.9408       -4.67777        21.8815
          52400       0.768205        1.23952        1.53641
          52500        27.9626       -7.47832        55.9252
          52600        6.82947         3.6958        13.6589
          52700       0.734956        -1.2124        1.46991
          52800        14.6353       -5.41023        29.2706
          52900        11.1474        4.72174        22.2948
          53000       0.671588       -1.15895        1.34318
          53100      0.0306493       0.247585      0.0612986
          53200        37.3597       -8.64404        74.7194
          53300       0.716029        1.19669        1.43206
          53400       0.209597      -0.647452       0.419195
          53500        2.46247       -2.21922        4.92495
          53600        1.85684       -1.92709        3.71369
          53700        7.31778       -3.82565        14.6356
          53800        2.29204        2.14105        4.58408
          53900      0.0093065       -0.13643       0.018613
          54000        1.28763       -1.60476        2.57525
          54100        6.75977       -3.67689        13.5195
          54200        28.0773       -7.49363        56.1545
          54300        17.1531        5.85716        34.3063
          54400        13.9202         5.2764        27.8404
          54500        0.66399       -1.15238        1.32798
          54600       0.406178       0.901308       0.812356
          54700       0.824324          1.284        1.64865
          54800        20.6965       -6.43374         41.393
          54900        20.9008       -6.46541        41.8015
          55000       0.169361      -0.581999       0.338722
          55100    1.27283e-05    -0.00504546    2.54567e-05
          55200       0.367641      -0.857486       0.735283
          55300       0.998085       -1.41286        1.99617
          55400        1.49819          1.731        2.99637
          55500       0.463496       0.962805       0.926993
          55600        3.19106        2.52628        6.38212
          55700       0.622169        -1.1155        1.24434
          55800        10.5592        4.59547        21.1183
          55900        2.93152       -2.42137        5.86304
          56000      0.0185617       0.192674      0.0371233
          56100        1.67684       -1.83131        3.35368
          56200        3.02917        2.46137        6.05835
          56300        8.92425        4.22475        17.8485
          56400        4.82953        -3.1079        9.65907
          56500        7.38272       -3.84258        14.7654
          56600        5.64181        3.35911        11.2836
          56700       0.342771      -0.827974       0.685541
          56800        6.04417       -3.47683        12.0883
          56900        1.95811       -1.97894        3.91621
          57000        2.30343        2.14636        4.60686
          57100      0.0172511      -0.185747      0.0345021
          57200       0.028193       0.237457       0.056386
          57300        5.02352       -3.16971         10.047
          57400        2.00201         -2.001        4.00402
          57500        1.29881        1.61172        2.59763
          57600        5.47909       -3.31031        10.9582
          57700        0.02509       0.224009      0.0501801
          57800       0.226298       0.672752       0.452595
          57900       0.114549       0.478641       0.229097
          58000        20.6726       -6.43003        41.3452
          58100        1.67783       -1.83185        3.35566
          58200        12.1744       -4.93444        24.3487
          58300        2.98099        2.44172        5.96199
          58400        18.2504       -6.04159        36.5008
          58500        19.2606        6.20655        38.5213
          58600        19.7597       -6.28644        39.5193
          58700        1.96143        1.98062        3.92285
          58800        5.05066        3.17826        10.1013
          58900       0.767656       -1.23908        1.53531
          59000        9.28543       -4.30939        18.5709
          59100        1.43929        1.69664        2.87858
          59200        10.3987        4.56042        20.7975
          59300        3.75536        2.74057        7.51072
          59400        1.73529        1.86295        3.47059
          59500        4.93129       -3.14047        9.86258
          59600       0.729297        1.20772        1.45859
          59700        1.11767         1.4951        2.23533
          59800        10.7156       -4.62939        21.4312
          59900       0.818748       -1.27965         1.6375
          60000        8.02427       -4.00606        16.0485
          60100       0.167658      -0.579066       0.335317
          60200       0.290656       0.762438       0.581312
          60300        12.2972        4.95927        24.5944
          60400       0.440585       0.938707       0.881171
          60500         6.8993       -3.71465        13.7986
          60600     0.00849968      -0.130382      0.0169994
          60700        1.32005       -1.62484         2.6401
          60800        3.49276        2.64301        6.98552
          60900        1.64828       -1.81564        3.29656
          61000        1.52995        1.74925        3.05989
          61100       0.361915       0.850782        0.72383
          61200        12.2832        4.95646        24.5665
          61300        2.32491       -2.15635        4.64983
          61400      0.0305643      -0.247242      0.0611286
          61500        4.06431        2.85107        8.12861
          61600       0.280768       0.749358       0.561537
          61700        1.03421        -1.4382        2.06842
          61800        6.02987       -3.47271        12.0597
          61900        11.6366        4.82422        23.2731
          62000       0.032759      -0.255965       0.065518
          62100        6.58529        3.62913        13.1706
          62200    0.000189729      0.0194797    0.000379458
          62300       0.573339       -1.07083        1.14668
          62400        5.44788        3.30087        10.8958
          62500        20.2556       -6.36483        40.5111
          62600       0.576529        1.07381        1.15306
          62700       0.868653       -1.31807        1.73731
          62800        1.17556       -1.53334        2.35113
          62900         1.5198        1.74345        3.03961
          63000        2.56101       -2.26319        5.12202
          63100       0.490655      -0.990611        0.98131
          63200        1.26567       -1.59102        2.53134
          63300        6.27031       -3.54127        12.5406
          63400       0.139957      -0.529069       0.279914
          63500        4.23405           2.91        8.46809
          63600        0.19511       0.624676        0.39022
          63700       0.176478         0.5941       0.352955
          63800        5.91427       -3.43926        11.8285
          63900       0.586285       -1.08285        1.17257
          64000        1.12597       -1.50064        2.25193
          64100         13.659        5.22667        27.3181
          64200       0.479257       0.979037       0.958513
          64300        9.05394       -4.25534        18.1079
          64400        3.88439        2.78725        7.76878
          64500      0.0164575      -0.181425       0.032915
          64600       0.750039        1.22478        1.50008
          64700       0.926421        1.36119        1.85284
          64800        1.50063        1.73242        3.00127
          64900      0.0194639       0.197301      0.0389277
          65000        2.80646       -2.36916        5.61292
          65100         0.8777       -1.32491         1.7554
          65200        24.1831        6.95459        48.3663
          65300        11.4343       -4.78212        22.8686
          65400        7.31065       -3.82378        14.6213
          65500        5.73047        -3.3854        11.4609
          65600       0.150232      -0.548147       0.300465
          65700        1.23892       -1.57412        2.47784
          65800        2.37898       -2.18128        4.75797
          65900        8.18022        -4.0448        16.3604
          66000        4.95742        3.14878        9.91485
          66100        2.61224        2.28571        5.22449
          66200        5.18446        3.22008        10.3689
          66300       0.791073        1.25783        1.58215
          66400        8.43368       -4.10699        16.8674
          66500        2.77016        2.35379        5.54032
          66600       0.947262       -1.37642        1.89452
          66700      0.0339413       0.260543      0.0678825
          66800       0.817952       -1.27902         1.6359
          66900        4.36344        2.95413        8.72687
          67000        25.7821       -7.18083        51.5643
          67100        6.21322        3.52512        12.4264
          67200        4.36787        2.95563        8.73574
          67300        17.5414       -5.92307        35.0828
          67400      0.0128998       0.160622      0.0257996
          67500        2.04079        2.02029        4.08158
          67600        3.90862        2.79593        7.81724
          67700        14.8733        5.45405        29.7466
          67800        2.27709       -2.13405        4.55418
          67900       0.694224       -1.17832        1.38845
          68000        1.65218       -1.81779        3.30435
          68100        15.7764         5.6172        31.5529
          68200         12.265        4.95279        24.5301
          68300        0.46013       0.959302       0.920261
          68400        1.00441       -1.41733        2.00882
          68500        27.3997        7.40267        54.7995
          68600        1.61655       -1.79808         3.2331
          68700         2.1259        2.06199         4.2518
          68800        1.24044       -1.57508        2.48088
          68900         1.0365       -1.43979          2.073
          69000        3.36611       -2.59465        6.73221
          69100        10.3834        4.55706        20.7668
          69200       0.627937       -1.12066        1.25587
          69300    0.000300512     -0.0245158    0.000601023
          69400        4.13677       -2.87638        8.27355
          69500        12.2389         4.9475        24.4778
          69600       0.200162      -0.632712       0.400324
          69700        6.04953       -3.47837        12.0991
          69800       0.409835      -0.905356       0.819669
          69900        3.70845        -2.7234         7.4169
          70000        4.49897       -2.99966        8.99794
          70100        6.10711        3.49488        12.2142
          70200       0.861622       -1.31272        1.72324
          70300        1.03637        -1.4397        2.07275
          70400        19.0808       -6.17751        38.1616
          70500        6.44274       -3.58964        12.8855
          70600        14.6325        5.40972         29.265
          70700       0.462349      -0.961612       0.924698
          70800      0.0208105      -0.204012      0.0416211
          70900        3.52167       -2.65393        7.04334
          71000        4.75326        3.08326        9.50651
          71100       0.021917      -0.209366      0.0438341
          71200        12.4874       -4.99749        24.9749
          71300       0.263662      -0.726171       0.527324
          71400        1.24427        1.57751        2.48853
          71500         7.9969       -3.99922        15.9938
          71600    0.000217141      0.0208394    0.000434281
          71700       0.177213      -0.595336       0.354425
          71800        1.34715       -1.64143         2.6943
          71900      0.0227562       0.213336      0.0455124
          72000       0.289481       0.760895       0.578961
          72100        10.3785        4.55599        20.7571
          72200         1.7057          1.847         3.4114
          72300       0.241577      -0.695092       0.483153
          72400         5.2994       -3.25558        10.5988
          72500        1.31871        1.62402        2.63743
          72600        2.44013       -2.20913        4.88025
          72700       0.251004      -0.708525       0.502008
          72800       0.656431         1.1458        1.31286
          72900     0.00627355       0.112014      0.0125471
          73000        18.2793       -6.04638        36.5587
          73100        4.31639        2.93816        8.63278
          73200       0.102902       0.453656       0.205804
          73300       0.953533        1.38097        1.90707
          73400        1.94636          1.973        3.89271
          73500        1.52655       -1.74731         3.0531
          73600       0.895233        1.33808        1.79047
          73700        10.8253       -4.65302        21.6506
          73800      0.0267716       0.231394      0.0535432
          73900       0.698068        1.18158        1.39614
          74000      0.0104399      -0.144498      0.0208798
          74100      0.0185349      -0.192535      0.0370698
          74200        1.36729        1.65366        2.73458
          74300       0.117074      -0.483888       0.234147
          74400       0.937185       -1.36908        1.87437
          74500       0.370781        0.86114       0.741562
          74600        2.92963       -2.42059        5.85926
          74700        1.00987       -1.42117        2.01973
          74800        9.67029        4.39779        19.3406
          74900       0.142637      -0.534111       0.285275
          75000       0.200272       0.632886       0.400545
          75100        1.81677        1.90618        3.63353
          75200        1.93721        1.96836        3.87443
          75300        0.73988        1.21645        1.47976
          75400        7.52091       -3.87838        15.0418
          75500        18.2703        6.04488        36.5405
          75600        1.45712        1.70712        2.91425
          75700        1.05923        1.45549        2.11846
          75800        5.45561        3.30321        10.9112
          75900        7.59146        3.89653        15.1829
          76000         3.7865        2.75191        7.57301
          76100       0.746793        1.22212        1.49359
          76200     0.00187904      0.0613031     0.00375807
          76300     0.00910911       0.134975      0.0182182
          76400       0.677368       -1.16393        1.35474
          76500        1.31554       -1.62206        2.63109
          76600      0.0570687      -0.337842       0.114137
          76700        16.0112       -5.65884        32.0224
          76800       0.191017      -0.618088       0.382033
          76900        2.24912       -2.12091        4.49825
          77000       0.726829       -1.20568        1.45366
          77100        4.53718       -3.01237        9.07436
          77200        18.7067        6.11665        37.4134
          77300        8.65812       -4.16128        17.3162
          77400      0.0270915      -0.232772       0.054183
          77500        3.60444       -2.68494        7.20888
          77600      0.0961116      -0.438433       0.192223
          77700        2.28355       -2.13708        4.56711
          77800       0.979152        1.39939         1.9583
          77900       0.349015      -0.835482       0.698029
          78000          6.689        -3.6576         13.378
          78100        4.03559       -2.84098        8.07118
          78200        1.61449       -1.79694        3.22898
          78300        6.31777        3.55465        12.6355
          78400         3.1866        2.52452         6.3732
          78500       0.116587        0.48288       0.233173
          78600        3.43744         -2.622        6.87488
          78700        11.6462        4.82621        23.2923
          78800        4.63919        3.04604        9.27837
          78900        2.01924         2.0096        4.03848
          79000        2.70479        2.32585        5.40958
          79100      0.0496915      -0.315251      0.0993831
          79200       0.118393      -0.486608       0.236787
          79300        4.61692        3.03872        9.23384
          79400       0.233712       0.683683       0.467423
          79500         11.325        4.75921        22.6501
          79600        3.29605       -2.56751         6.5921
          79700        16.1815       -5.68886        32.3631
          79800        2.65804       -2.30566        5.31609
          79900         17.127       -5.85269         34.254
          80000        1.51779        1.74229        3.03559
          80100      0.0056915      -0.106691       0.011383
          80200        0.10953      -0.468038       0.219059
          80300        4.16382       -2.88577        8.32765
          80400        2.72306        2.33369        5.44613
          80500        1.13506        -1.5067        2.27013
          80600        3.33545       -2.58281        6.67089
          80700        26.8411        7.32681        53.6822
          80800       0.244747      -0.699639       0.489494
          80900        5.57921       -3.34042        11.1584
          81000      0.0187798      -0.193803      0.0375597
          81100        2.83636        2.38175        5.67271
          81200        7.43757        3.85683        14.8751
          81300        23.4266       -6.84494        46.8532
          81400        2.48084        2.22748        4.96167
          81500       0.272272       0.737933       0.544545
          81600        8.21919        4.05443        16.4384
          81700       0.406262      -0.901401       0.812524
          81800       0.525836       -1.02551        1.05167
          81900        1.49612        1.72981        2.99224
          82000        58.2027       -10.7891        116.405
          82100        3.64107       -2.69855        7.28215
          82200        2.14406        2.07078        4.28811
          82300         7.6077        3.90069        15.2154
          82400        3.54583        2.66302        7.09167
          82500        6.93086       -3.72313        13.8617
          82600     0.00390053      0.0883236     0.00780105
          82700        2.17574        2.08602        4.35148
          82800        14.6564       -5.41413        29.3128
          82900        1.33349       -1.63309        2.66699
          83000       0.150473       0.548586       0.300947
          83100     0.00189759      0.0616051     0.00379519
          83200        10.1682        4.50959        20.3364
          83300        7.63264       -3.90708        15.2653
          83400       0.390226      -0.883432       0.780451
          83500        19.0234        6.16821        38.0468
          83600         21.862       -6.61242         43.724
          83700        2.95472       -2.43093        5.90944
          83800        4.77201       -3.08934        9.54403
          83900      0.0846846      -0.411545       0.169369
          84000        5.15021        3.20943        10.3004
          84100      0.0215261       -0.20749      0.0430522
          84200        1.23069        1.56888        2.46138
          84300        7.06411       -3.75875        14.1282
          84400      0.0116484      -0.152633      0.0232969
          84500       0.719851        1.19988         1.4397
          84600        7.26109        -3.8108        14.5222
          84700        11.7788        4.85361        23.5576
          84800    0.000297025     -0.0243731    0.000594049
          84900        6.07655        3.48613        12.1531
          85000        2.38184        2.18259        4.76368
          85100        4.67532        3.05788        9.35063
          85200        1.21954       -1.56175        2.43907
          85300        0.68105        1.16709         1.3621
          85400        4.42942       -2.97638        8.85884
          85500       0.150009       0.547739       0.300018
          85600        3.06304        2.47509        6.12608
          85700      0.0991153       0.445231       0.198231
          85800    0.000527351      0.0324762      0.0010547
          85900         7.2387       -3.80492        14.4774
          86000        20.0559       -6.33338        40.1118
          86100        32.5055        8.06294         65.011
          86200        9.21952        4.29407         18.439
          86300        1.60294        -1.7905        3.20588
          86400       0.757505        1.23086        1.51501
          86500        2.80503       -2.36856        5.61007
          86600        8.99198        4.24075         17.984
          86700        2.27531       -2.13322        4.55061
          86800        5.38454        3.28163        10.7691
          86900        1.25178        1.58226        2.50356
          87000       0.359972      -0.848495       0.719943
          87100     0.00713313      -0.119441      0.0142663
          87200        2.45513       -2.21591        4.91027
          87300       0.210339      -0.648597       0.420678
          87400        1.57577       -1.77526        3.15155
          87500        11.1833       -4.72933        22.3665
          87600        1.51529       -1.74086        3.03058
          87700         5.4147        -3.2908        10.8294
          87800        1.29601        1.60998        2.59203
          87900      0.0543666      -0.329747       0.108733
          88000        1.62479       -1.80266        3.24959
          88100       0.709417       -1.19115        1.41883
          88200        1.50331        1.73396        3.00662
          88300        5.41226        3.29006        10.8245
          88400         4.2581        2.91825         8.5162
          88500        6.68757       -3.65721        13.3751
          88600        2.45919       -2.21774        4.91837
          88700        4.86587        3.11957        9.73173
          88800        3.35902        2.59192        6.71803
          88900        4.64017       -3.04636        9.28034
          89000       0.164994       0.574446       0.329988
          89100        1.16365       -1.52555         2.3273
          89200        2.81319         -2.372        5.62638
          89300     0.00836929      -0.129378      0.0167386
          89400        1.99515       -1.99757        3.99029
          89500       0.688294       -1.17328        1.37659
          89600       0.569044       -1.06681        1.13809
          89700    7.01076e-05     -0.0118413    0.000140215
          89800        6.27881        3.54367        12.5576
          89900        2.59746        2.27924        5.19491
          90000        16.1648        5.68591        32.3295
          90100        2.49987        2.23601        4.99973
          90200      0.0263967      -0.229768      0.0527934
          90300       0.661279        1.15002        1.32256
          90400        7.92556        3.98135        15.8511
          90500         3.8586        2.77799         7.7172
          90600         15.078       -5.49144        30.1559
          90700       0.169354       0.581987       0.338708
          90800      0.0405653      -0.284834      0.0811306
          90900      0.0474014       0.307901      0.0948028
          91000        11.2287        4.73892        22.4574
          91100     0.00114848     -0.0479266     0.00229696
          91200       0.823325       -1.28322        1.64665
          91300        1.87702       -1.93753        3.75404
          91400        42.0334         9.1688        84.0668
          91500       0.879531         1.3263        1.75906
          91600        5.72117        3.38265        11.4423
          91700        3.20821        2.53307        6.41642
          91800        15.4193        5.55326        30.8387
          91900        2.96738       -2.43613        5.93475
          92000       0.492892       0.992866       0.985783
          92100        0.10996       0.468956        0.21992
          92200      0.0737855       -0.38415       0.147571
          92300      0.0286261      -0.239274      0.0572523
          92400         8.2706        4.06709        16.5412
          92500         1.0628       -1.45794         2.1256
          92600         1.4736        1.71674        2.94721
          92700        5.99184       -3.46174        11.9837
          92800        37.7092        8.68437        75.4183
          92900        1.42584        1.68869        2.85168
          93000        5.84934        3.42033        11.6987
          93100        5.81795       -3.41114        11.6359
          93200       0.596431       -1.09218        1.19286
          93300        3.64534        2.70013        7.29068
          93400        3.46103        2.63098        6.92206
          93500         1.0869       -1.47438        2.17379
          93600        10.7018         4.6264        21.4036
          93700        3.70544       -2.72229        7.41089
          93800       0.157249         0.5608       0.314497
          93900        3.39094        2.60421        6.78189
          94000        3.65146       -2.70239        7.30291
          94100        3.10238        2.49094        6.20476
          94200       0.514878        1.01477        1.02976
          94300         13.548        5.20539        27.0961
          94400        14.4169        5.36971        28.8338
          94500    0.000146125     -0.0170953     0.00029225
          94600        6.00497        3.46554        12.0099
          94700         5.2919       -3.25328        10.5838
          94800      0.0245583       0.221623      0.0491167
          94900        1.53341        1.75123        3.06682
          95000       0.321245       0.801555        0.64249
          95100        8.98458       -4.23901        17.9692
          95200        13.3597       -5.16909        26.7195
          95300        4.24767        2.91468        8.49533
          95400        2.01779        2.00887        4.03557
          95500        5.74611        3.39002        11.4922
          95600      0.0438871       0.296267      0.0877743
          95700       0.366816      -0.856524       0.733633
          95800       0.989669       -1.40689        1.97934
          95900        11.0795        4.70733         22.159
          96000        10.7793       -4.64311        21.5585
          96100        15.1485       -5.50428        30.2971
          96200       0.944777        1.37461        1.88955
          96300        29.8488        7.72642        59.6976
          96400        7.02628        3.74867        14.0526
          96500       0.706438        1.18864        1.41288
          96600        2.71082       -2.32844        5.42163
          96700       0.717558        1.19796        1.43512
          96800        5.17697        3.21775        10.3539
          96900       0.236262       0.687403       0.472523
          97000        3.53993        -2.6608        7.07985
          97100        7.48395       -3.86884        14.9679
          97200        19.4131       -6.23106        38.8261
          97300       0.502829        1.00283        1.00566
          97400        1.16935       -1.52928        2.33869
          97500      0.0850135      -0.412343       0.170027
          97600        3.12357       -2.49943        6.24715
          97700        19.2363        6.20263        38.4726
          97800        16.9873        5.82878        33.9747
          97900         22.265        6.67308        44.5299
          98000        41.8612           9.15        83.7225
          98100        1.69865        1.84318        3.39731
          98200        7.15575        3.78305        14.3115
          98300        2.54689        2.25694        5.09377
          98400        7.18462       -3.79068        14.3692
          98500        8.78621       -4.19195        17.5724
          98600      0.0367471      -0.271098      0.0734942
          98700         1.1089       -1.48923        2.21779
          98800     0.00337468     -0.0821544     0.00674935
          98900        1.72047        1.85498        3.44094
          99000        15.2556       -5.52369        30.5111
          99100        30.3495        7.79096         60.699
          99200         3.7818         2.7502         7.5636
          99300        1.36516        1.65237        2.73032
          99400        1.37666        1.65931        2.75332
          99500        1.17648       -1.53393        2.35295
          99600          1.509       -1.73724        3.01799
          99700        8.64914        4.15912        17.2983
          99800        54.9274       -10.4812        109.855
          99900        4.08265        -2.8575         8.1653
         100000      0.0668886       0.365756       0.133777
