              0              0              0              0
            100       0.318492       0.798113       0.636984
            200        10.3159        4.54222        20.6318
            300        1.02214        1.42978        2.04427
            400        2.69062        2.31975        5.38124
            500       0.764226        1.23631        1.52845
            600       0.315524       0.794386       0.631049
            700         2.9943        2.44716         5.9886
            800         1.2644        1.59022         2.5288
            900       0.461172       0.960388       0.922344
           1000        3.57905        2.67546        7.15811
           1100        1.28447        1.60279        2.56893
           1200        1.09196        1.47781        2.18393
           1300        4.97709        3.15502        9.95417
           1400        4.32771        2.94201        8.65543
           1500       0.720154        1.20013        1.44031
           1600        17.0659        5.84224        34.1318
           1700        13.8542        5.26388        27.7084
           1800        2.60693        2.28339        5.21385
           1900       0.352401       0.839525       0.704801
           2000        5.75996         3.3941        11.5199
           2100       0.742286        1.21843        1.48457
           2200        2.23721        2.11528        4.47442
           2300       0.557691        1.05612        1.11538
           2400       0.889055       -1.33346        1.77811
           2500         2.4909         -2.232         4.9818
           2600        9.61746       -4.38576        19.2349
           2700        13.7911       -5.25187        27.5821
           2800        22.6127       -6.72498        45.2253
           2900        7.08421        -3.7641        14.1684
           3000         5.9386       -3.44633        11.8772
           3100        2.49094       -2.23201        4.98187
           3200        1.95221        1.97596        3.90443
           3300        1.62785       -1.80435        3.25569
           3400        0.53381       -1.03326        1.06762
           3500        15.5658       -5.57957        31.1316
           3600        3.19532       -2.52797        6.39064
           3700     0.00219851        0.06631     0.00439701
           3800        1.92593       -1.96261        3.85185
           3900       0.554093        -1.0527        1.10819
           4000        1.07637        1.46722        2.15274
           4100      0.0176049      -0.187643      0.0352097
           4200         2.2271         2.1105        4.45419
           4300       0.902527        1.34352        1.80505
           4400      0.0255023      -0.225842      0.0510045
           4500       0.508885       -1.00885        1.01777
           4600       0.447821      -0.946384       0.895642
           4700       0.575707        1.07304        1.15141
           4800        1.48867        1.72549        2.97733
           4900     0.00236544     -0.0687814     0.00473088
           5000        5.72792       -3.38465        11.4558
           5100        6.91636       -3.71924        13.8327
           5200        2.72882       -2.33616        5.45764
           5300        11.6072       -4.81813        23.2143
           5400        9.10656       -4.26768        18.2131
           5500        8.48136       -4.11858        16.9627
           5600      0.0677295      -0.368047       0.135459
           5700        3.77688       -2.74841        7.55375
           5800         2.9841       -2.44299        5.96821
           5900        1.85556       -1.92642        3.71111
           6000        2.05639         -2.028        4.11277
           6100        5.70583       -3.37811        11.4117
           6200        2.52863       -2.24884        5.05727
           6300       0.232078        0.68129       0.464156
           6400        2.24197        2.11753        4.48394
           6500       0.356116       0.843939       0.712232
           6600        3.13594        2.50437        6.27187
           6700        10.1723         4.5105        20.3446
           6800        4.44804        2.98263        8.89607
           6900        8.32457        4.08034        16.6491
           7000       0.231496       0.680435       0.462992
           7100       0.481617      -0.981445       0.963233
           7200       0.262883      -0.725098       0.525767
           7300       0.638714        1.13023        1.27743
           7400      0.0276357      -0.235099      0.0552713
           7500       0.206765      -0.643064       0.413531
           7600        2.13084        2.06438        4.26167
           7700         1.3003        1.61264         2.6006
           7800        5.58319        3.34161        11.1664
           7900        3.70075        2.72057         7.4015
           8000        2.88081        2.40034        5.76162
           8100         7.4136        3.85061        14.8272
           8200     0.00304869     -0.0780857     0.00609738
           8300        1.01236       -1.42293        2.02473
           8400      0.0617031      -0.351292       0.123406
           8500         2.5181       -2.24415         5.0362
           8600        8.64263       -4.15755        17.2853
           8700        20.1839       -6.35357        40.3678
           8800         16.856       -5.80621        33.7121
           8900        7.78263       -3.94528        15.5653
           9000        1.07562       -1.46671        2.15124
           9100        3.62006       -2.69075        7.24011
           9200      0.0167183       0.182857      0.0334366
           9300        5.50656         3.3186        11.0131
           9400        5.51561        3.32133        11.0312
           9500        13.5793        5.21138        27.1585
           9600         14.194        5.32804        28.3881
           9700        22.6418        6.72931        45.2836
           9800        25.3554        7.12115        50.7108
           9900        24.4732        6.99617        48.9464
          10000        18.7037        6.11616        37.4074
          10100        9.05661        4.25596        18.1132
          10200        8.33682        4.08334        16.6736
          10300        9.95281        4.46157        19.9056
          10400        4.99354        3.16024        9.98709
          10500      0.0735726       0.383595       0.147145
          10600        4.02434        2.83702        8.04869
          10700         9.1932        4.28794        18.3864
          10800        7.48405        3.86886        14.9681
          10900        1.49077        1.72672        2.98155
          11000        15.5637         5.5792        31.1275
          11100        20.6263        6.42282        41.2526
          11200        13.8165        5.25671         27.633
          11300        2.93817        2.42412        5.87634
          11400        1.26574       -1.59106        2.53148
          11500         1.7369       -1.86381        3.47379
          11600        5.62135       -3.35301        11.2427
          11700      0.0447203       0.299066      0.0894406
          11800       0.645669       -1.13637        1.29134
          11900       0.922546        1.35834        1.84509
          12000       0.311052       0.788735       0.622103
          12100     0.00307418     -0.0784115     0.00614836
          12200       0.378866      -0.870478       0.757731
          12300           5.76       -3.39411          11.52
          12400        7.74754       -3.93638        15.4951
          12500        1.26948       -1.59341        2.53897
          12600      0.0100568      -0.141823      0.0201137
          12700        4.44484       -2.98156        8.88967
          12800        1.53129       -1.75002        3.06258
          12900        10.2185       -4.52073         20.437
          13000       0.642176       -1.13329        1.28435
          13100        4.96813       -3.15218        9.93627
          13200        4.44602       -2.98195        8.89204
          13300        4.62386       -3.04101        9.24773
          13400        21.0461       -6.48786        42.0923
          13500        26.2729       -7.24884        52.5457
          13600        5.46801       -3.30697         10.936
          13700       0.128992      -0.507921       0.257984
          13800       0.112765         0.4749        0.22553
          13900      0.0702062       0.374716       0.140412
          14000       0.760912       -1.23362        1.52182
          14100        1.27973       -1.59983        2.55946
          14200        1.99072       -1.99535        3.98143
          14300       0.852258       -1.30557        1.70452
          14400        2.39968       -2.19074        4.79935
          14500        5.41185       -3.28994        10.8237
          14600        10.1713       -4.51028        20.3426
          14700        1.31388       -1.62104        2.62777
          14800        1.31625        -1.6225         2.6325
          14900       0.581213        1.07816        1.16243
          15000        4.23134        2.90907        8.46267
          15100        1.48467        1.72318        2.96933
          15200        1.33922        1.63659        2.67843
          15300        2.91017        2.41254        5.82033
          15400        1.97345        1.98668        3.94691
          15500       0.568843        1.06662        1.13769
          15600        1.20049       -1.54951        2.40099
          15700        9.38069       -4.33144        18.7614
          15800        3.05629       -2.47236        6.11258
          15900        4.49876       -2.99959        8.99752
          16000     0.00683749        0.11694       0.013675
          16100          0.217       0.658786          0.434
          16200        1.21901        1.56141        2.43801
          16300        1.19689        1.54719        2.39379
          16400       0.276454       0.743578       0.552909
          16500       0.378005       0.869488        0.75601
          16600       0.200086       0.632591       0.400171
          16700        0.36663      -0.856306        0.73326
          16800        3.72476       -2.72938        7.44953
          16900        13.4482       -5.18618        26.8964
          17000        19.4439       -6.23601        38.8879
          17100        11.7136       -4.84017        23.4272
          17200         6.3725       -3.57001         12.745
          17300       0.822171       -1.28232        1.64434
          17400        9.18064       -4.28501        18.3613
          17500        8.03669       -4.00916        16.0734
          17600        7.55029       -3.88595        15.1006
          17700        21.3062       -6.52782        42.6125
          17800        12.0276       -4.90461        24.0552
          17900        12.9987       -5.09877        25.9974
          18000         21.928       -6.62239         43.856
          18100        7.71421        -3.9279        15.4284
          18200         16.005       -5.65774          32.01
          18300      0.0775655       0.393867       0.155131
          18400        5.12537        3.20168        10.2507
          18500        2.77749         2.3569        5.55498
          18600        3.06835        2.47724        6.13671
          18700      0.0369444      -0.271825      0.0738889
          18800       0.407303      -0.902555       0.814606
          18900        1.95674       -1.97825        3.91347
          19000        3.45307       -2.62795        6.90614
          19100        1.81017       -1.90272        3.62034
          19200        1.27332       -1.59582        2.54665
          19300       0.132787      -0.515338       0.265573
          19400      0.0286359      -0.239315      0.0572718
          19500        2.17719       -2.08671        4.35437
          19600        9.57248        -4.3755         19.145
          19700         1.6097       -1.79427         3.2194
          19800         12.829       -5.06536        25.6579
          19900        3.87951        -2.7855        7.75902
          20000        1.28825       -1.60515        2.57649
          20100       0.157936       0.562025       0.315872
          20200        0.33951       0.824027        0.67902
          20300        0.82866        1.28737        1.65732
          20400        1.68458        1.83553        3.36917
          20500      0.0604974      -0.347843       0.120995
          20600      0.0555158       0.333214       0.111032
          20700         1.9545        1.97712          3.909
          20800       0.441679      -0.939871       0.883358
          20900     0.00528607       0.102821      0.0105721
          21000     0.00452565      0.0951384     0.00905131
          21100        5.58641        3.34258        11.1728
          21200        7.61616        3.90286        15.2323
          21300        1.21328        1.55774        2.42656
          21400        1.85985        1.92865         3.7197
          21500       0.906226        1.34627        1.81245
          21600      0.0857314       0.414081       0.171463
          21700       0.245118      -0.700168       0.490236
          21800        1.51624         1.7414        3.03247
          21900       0.908182        1.34773        1.81636
          22000       0.548397       -1.04728        1.09679
          22100         3.4861       -2.64049         6.9722
          22200        3.72313       -2.72878        7.44627
          22300        9.70194       -4.40498        19.4039
          22400        12.4068       -4.98133        24.8137
          22500        14.1495       -5.31967        28.2989
          22600        11.4161       -4.77831        22.8323
          22700        3.02766       -2.46076        6.05532
          22800        2.22992       -2.11183        4.45984
          22900      0.0131114      -0.161935      0.0262229
          23000     0.00482396     -0.0982239     0.00964793
          23100       0.575669         -1.073        1.15134
          23200       0.404503      -0.899448       0.809006
          23300        1.62743       -1.80412        3.25486
          23400        2.15228       -2.07474        4.30455
          23500       0.148542      -0.545054       0.297084
          23600    8.04939e-05     -0.0126881    0.000160988
          23700        2.39639        2.18924        4.79278
          23800       0.475199      -0.974884       0.950399
          23900        7.88781       -3.97185        15.7756
          24000        12.5429       -5.00857        25.0857
          24100        15.2153       -5.51639        30.4306
          24200        12.2483        -4.9494        24.4966
          24300        1.60125       -1.78955        3.20249
          24400        13.5948       -5.21437        27.1897
          24500        4.51893        -3.0063        9.03787
          24600        4.66769       -3.05539        9.33539
          24700         1.7069       -1.84765         3.4138
          24800        0.19984      -0.632202       0.399679
          24900      0.0407693        0.28555      0.0815386
          25000       0.159095       0.564084       0.318191
          25100        1.65671       -1.82028        3.31343
          25200      0.0499275      -0.315998       0.099855
          25300      0.0243155      -0.220524       0.048631
          25400       0.312919       0.791099       0.625838
          25500        1.53672       -1.75312        3.07343
          25600       0.227284       0.674217       0.454568
          25700        2.88195        2.40081         5.7639
          25800        1.80952        1.90238        3.61905
          25900        7.04968        3.75491        14.0994
          26000        14.4929        5.38384        28.9858
          26100       0.449052       0.947683       0.898103
          26200       0.587815        1.08427        1.17563
          26300       0.521896        1.02166        1.04379
          26400         2.1138       -2.05611         4.2276
          26500      0.0755604       0.388743       0.151121
          26600        8.82878        4.20209        17.6576
          26700        1.86562        1.93164        3.73124
          26800        1.46419        1.71125        2.92837
          26900       0.130869       0.511603       0.261737
          27000       0.296281        0.76978       0.592561
          27100       0.093152       0.431629       0.186304
          27200        5.82446        3.41305        11.6489
          27300        6.49851        3.60514         12.997
          27400        4.39075        2.96336        8.78149
          27500         7.7914        3.94751        15.5828
          27600        9.10307        4.26687        18.2061
          27700         17.266         5.8764        34.5321
          27800        7.97726        3.99431        15.9545
          27900        6.01503        3.46844        12.0301
          28000        8.45684        4.11262        16.9137
          28100       0.704236        1.18679        1.40847
          28200       0.281434       0.750245       0.562867
          28300       0.209505       -0.64731        0.41901
          28400       0.669428       -1.15709        1.33886
          28500        1.09918        1.48269        2.19836
          28600        2.22819        2.11101        4.45638
          28700        1.46676        1.71275        2.93352
          28800       0.265377       0.728528       0.530754
          28900       0.059695       0.345528        0.11939
          29000      0.0745408       0.386111       0.149082
          29100        2.88435        2.40181        5.76869
          29200        2.55641        2.26115        5.11281
          29300       0.109641       0.468276       0.219282
          29400      0.0287371      -0.239738      0.0574742
          29500        2.37678       -2.18026        4.75355
          29600         0.4234      -0.920217       0.846799
          29700        2.12683       -2.06244        4.25366
          29800        4.16854        -2.8874        8.33708
          29900        3.82632       -2.76634        7.65264
          30000        4.32674       -2.94168        8.65348
          30100       0.147947      -0.543961       0.295894
          30200        3.89364        2.79057        7.78729
          30300        5.09992        3.19372        10.1998
          30400        3.37924        2.59971        6.75849
          30500       0.123424       0.496838       0.246848
          30600       0.211259       0.650013       0.422517
          30700       0.394468       0.888221       0.788937
          30800        3.00804        2.45277        6.01608
          30900        10.3266       -4.54458        20.6532
          31000        4.49462       -2.99821        8.98925
          31100        5.64577       -3.36029        11.2915
          31200        3.61703       -2.68962        7.23407
          31300        1.10755       -1.48832         2.2151
          31400        2.03392        2.01689        4.06784
          31500       0.638725        1.13024        1.27745
          31600        2.88173       -2.40072        5.76347
          31700       0.583335       -1.08013        1.16667
          31800       0.158155      -0.562414       0.316309
          31900        2.00894       -2.00447        4.01789
          32000        3.05286        2.47098        6.10572
          32100        9.85525        4.43965        19.7105
          32200        7.00303        3.74247        14.0061
          32300        2.36024        2.17267        4.72048
          32400        1.05838        1.45491        2.11677
          32500        3.47425          2.636        6.94849
          32600        3.07699        2.48072        6.15398
          32700        14.6163        5.40672        29.2326
          32800        6.09484        3.49137        12.1897
          32900         6.9732        3.73449        13.9464
          33000        6.79049        3.68524         13.581
          33100        1.24804         1.5799        2.49609
          33200     0.00502172       0.100217      0.0100434
          33300        2.50896       -2.24007        5.01792
          33400       0.012763      -0.159769      0.0255261
          33500       0.132098          0.514       0.264196
          33600      0.0756594      -0.388997       0.151319
          33700      0.0618816         0.3518       0.123763
          33800        2.82354        2.37636        5.64708
          33900         3.5857        2.67795        7.17141
          34000        5.77044        3.39719        11.5409
          34100        6.20295         3.5222        12.4059
          34200        6.73397        3.66987        13.4679
          34300    0.000482268       0.031057    0.000964536
          34400       0.871799        1.32045         1.7436
          34500         3.3092        2.57262         6.6184
          34600       0.535385        1.03478        1.07077
          34700         0.4304       0.927793         0.8608
          34800       0.673133        1.16029        1.34627
          34900       0.784639        1.25271        1.56928
          35000     0.00283366      0.0752816     0.00566731
          35100     0.00149358      -0.054655     0.00298717
          35200      0.0459432      -0.303128      0.0918863
          35300       0.837556       -1.29426        1.67511
          35400      0.0490779       0.313298      0.0981557
          35500       0.893974        1.33714        1.78795
          35600        2.62571         2.2916        5.25142
          35700         4.9512        3.14681         9.9024
          35800      0.0102203        0.14297      0.0204405
          35900        1.87049        1.93416        3.74099
          36000       0.853998         1.3069          1.708
          36100        0.52587        1.02554        1.05174
          36200        1.24172        1.57589        2.48344
          36300     0.00141915      0.0532757      0.0028383
          36400        2.09508       -2.04699        4.19017
          36500        8.39942       -4.09864        16.7988
          36600        3.96699       -2.81673        7.93399
          36700         2.0329       -2.01638         4.0658
          36800       0.256856      -0.716737       0.513711
          36900        6.99749        3.74099         13.995
          37000        3.27796        2.56045        6.55592
          37100        4.58101        3.02688        9.16202
          37200        10.9755        4.68518        21.9509
          37300        13.9295        5.27816         27.859
          37400        6.39328        3.57583        12.7866
          37500        3.20387        2.53135        6.40775
          37600       0.637747        1.12938        1.27549
          37700       0.282013       0.751017       0.564026
          37800        2.14286         2.0702        4.28571
          37900        2.84463        2.38522        5.68927
          38000        3.13988        2.50595        6.27977
          38100        1.47877        1.71975        2.95753
          38200        1.47578        1.71801        2.95156
          38300        3.22412        2.53934        6.44824
          38400        9.08487         4.2626        18.1697
          38500        5.03889        3.17455        10.0778
          38600        3.50317        2.64695        7.00633
          38700     0.00866381      -0.131634      0.0173276
          38800        1.15699        1.52118        2.31399
          38900       0.167154       0.578194       0.334308
          39000        7.02787         3.7491        14.0557
          39100        2.31187        2.15029        4.62374
          39200        3.23437       -2.54337        6.46873
          39300    0.000317764     -0.0252097    0.000635529
          39400        1.29025        1.60639         2.5805
          39500        1.36039        1.64948        2.72078
          39600     0.00597179       0.109287      0.0119436
          39700      0.0179713       0.189585      0.0359425
          39800       0.294039      -0.766862       0.588078
          39900        2.43429        2.20648        4.86857
          40000     0.00162536       0.057015     0.00325071
          40100        4.77959       -3.09179        9.55917
          40200        6.54051       -3.61677         13.081
          40300        12.7128       -5.04239        25.4256
          40400        5.45905       -3.30425        10.9181
          40500        1.97195       -1.98593        3.94391
          40600        1.03122       -1.43612        2.06244
          40700        1.59895       -1.78827         3.1979
          40800        2.13143       -2.06467        4.26285
          40900      0.0179604      -0.189528      0.0359207
          41000       0.296945      -0.770643       0.593891
          41100    0.000766614     -0.0391565     0.00153323
          41200       0.746104        1.22156        1.49221
          41300        0.75618        1.22978        1.51236
          41400       0.341275      -0.826166       0.682549
          41500       0.259888       0.720956       0.519777
          41600       0.320244       0.800305       0.640487
          41700      0.0659633      -0.363217       0.131927
          41800        4.22407       -2.90657        8.44814
          41900        4.40125        -2.9669         8.8025
          42000        1.37143       -1.65616        2.74286
          42100        6.52617        -3.6128        13.0523
          42200        15.8135       -5.62379         31.627
          42300        1.96043       -1.98011        3.92085
          42400     0.00327073     -0.0808793     0.00654147
          42500        0.23898       0.691346       0.477959
          42600         2.2464        2.11962         4.4928
          42700        6.07602        3.48598         12.152
          42800        4.04743        2.84515        8.09485
          42900    3.06703e-05     0.00783203    6.13406e-05
          43000         3.4101        2.61155         6.8202
          43100        10.7116        4.62851        21.4231
          43200        1.95431        1.97702        3.90862
          43300      0.0341267       0.261253      0.0682534
          43400        1.54164        1.75593        3.08328
          43500         1.1378        1.50851        2.27559
          43600        8.42348         4.1045         16.847
          43700        9.86182        4.44113        19.7236
          43800        2.16979        2.08317        4.33958
          43900        2.24481        2.11887        4.48961
          44000       0.491317       0.991279       0.982634
          44100       0.162529      -0.570139       0.325059
          44200        5.87229        3.42704        11.7446
          44300        1.25644       -1.58521        2.51288
          44400         1.1985       -1.54822          2.397
          44500      0.0242269      -0.220122      0.0484537
          44600       0.196172       0.626374       0.392344
          44700        0.42308       0.919869        0.84616
          44800        2.87639        2.39849        5.75277
          44900        0.83694        1.29379        1.67388
          45000        1.53325       -1.75114         3.0665
          45100        9.78377       -4.42352        19.5675
          45200        6.10892        -3.4954        12.2178
          45300        3.62468       -2.69246        7.24935
          45400        3.56075       -2.66862        7.12151
          45500        3.18958        -2.5257        6.37916
          45600        2.14132       -2.06945        4.28263
          45700       0.397367      -0.891479       0.794734
          45800      0.0601631       0.346881       0.120326
          45900       0.100031      -0.447283       0.200062
          46000        9.80937        -4.4293        19.6187
          46100        7.82003       -3.95475        15.6401
          46200        1.68732       -1.83702        3.37465
          46300        0.30754      -0.784271       0.615081
          46400        4.64847       -3.04909        9.29695
          46500        3.07763       -2.48098        6.15527
          46600       0.752413       -1.22671        1.50483
          46700        2.51396        -2.2423        5.02792
          46800       0.266155       0.729596       0.532311
          46900       0.251377       0.709051       0.502753
          47000        1.57228        1.77329        3.14457
          47100       0.153958       0.554901       0.307915
          47200       0.110808       0.470761       0.221616
          47300        5.00536        3.16397        10.0107
          47400        1.83573        1.91611        3.67146
          47500         0.6389         1.1304         1.2778
          47600     0.00252485     -0.0710612      0.0050497
          47700       0.989133       -1.40651        1.97827
          47800        4.53565       -3.01186         9.0713
          47900        1.72995       -1.86008        3.45989
          48000       0.113443       0.476326       0.226887
          48100        9.87101         4.4432         19.742
          48200          7.126        3.77518         14.252
          48300        7.55076        3.88607        15.1015
          48400        2.85858        2.39106        5.71715
          48500        11.4056         4.7761        22.8112
          48600        25.5478        7.14812        51.0956
          48700        16.4636        5.73822        32.9272
          48800        2.83465        2.38103        5.66929
          48900       0.169188       0.581702       0.338377
          49000     0.00145834      0.0540064     0.00291669
          49100       0.656403        1.14578        1.31281
          49200        2.93801        2.42405        5.87602
          49300        4.59257         3.0307        9.18514
          49400        9.41588        4.33956        18.8318
          49500        8.26913        4.06673        16.5383
          49600        6.94964        3.72817        13.8993
          49700        1.84628        1.92161        3.69257
          49800        4.88772        3.12657        9.77543
          49900        13.1313         5.1247        26.2625
          50000        9.64654        4.39239        19.2931
          50100       0.571284        1.06891        1.14257
          50200        1.11759        1.49505        2.23519
          50300        2.08879        2.04391        4.17759
          50400      0.0731302       -0.38244        0.14626
          50500       0.648316        -1.1387        1.29663
          50600       0.570617       -1.06829        1.14123
          50700      0.0341115      -0.261195      0.0682229
          50800       0.795849       -1.26163         1.5917
          50900        1.39057       -1.66768        2.78115
          51000        2.45094        2.21402        4.90187
          51100      0.0399575      -0.282692       0.079915
          51200        3.96097        2.81459        7.92194
          51300         4.6084        3.03592        9.21679
          51400        17.7953        5.96579        35.5907
          51500        20.9404        6.47154        41.8808
          51600        26.3615        7.26107        52.7231
          51700        29.6687        7.70307        59.3373
          51800        37.7361        8.68747        75.4722
          51900        16.9975        5.83053        33.9951
          52000        13.2855        5.15471         26.571
          52100        10.8921        4.66736        21.7843
          52200        4.56371        3.02116        9.12743
          52300        1.31636        1.62256        2.63271
          52400       0.944488         1.3744        1.88898
          52500        1.10662         1.4877        2.21324
          52600       0.203913       0.638613       0.407826
          52700        1.73461        1.86259        3.46922
          52800        7.50718        3.87484        15.0144
          52900        2.19357        2.09455        4.38714
          53000      0.0803659       0.400914       0.160732
          53100       0.619842       -1.11341        1.23968
          53200        6.83706       -3.69785        13.6741
          53300        7.90731       -3.97676        15.8146
          53400        2.60533       -2.28269        5.21066
          53500        1.95169        -1.9757        3.90338
          53600       0.758433       -1.23161        1.51687
          53700       0.470217        0.96976       0.940434
          53800        1.30295       -1.61428         2.6059
          53900        9.15921          -4.28        18.3184
          54000        10.8649       -4.66152        21.7298
          54100      0.0951675       0.436274       0.190335
          54200       0.671675       -1.15903        1.34335
          54300      0.0112627       0.150085      0.0225254
          54400        4.60874        3.03603        9.21749
          54500        5.03346        3.17284        10.0669
          54600        11.2257        4.73829        22.4514
          54700        5.80616        3.40769        11.6123
          54800        4.87013        3.12094        9.74026
          54900        19.7398        6.28329        39.4797
          55000        9.05844        4.25639        18.1169
          55100        11.7752        4.85288        23.5505
          55200        5.53333        3.32666        11.0667
          55300        2.89665        2.40693         5.7933
          55400        6.21019        3.52426        12.4204
          55500       0.928347        1.36261        1.85669
          55600        4.07091        2.85339        8.14182
          55700       0.128025       0.506014        0.25605
          55800        4.38525         2.9615        8.77049
          55900       0.447071        0.94559       0.894141
          56000       0.175982       0.593266       0.351964
          56100        1.59171        1.78421        3.18342
          56200     0.00700353       0.118351      0.0140071
          56300        1.64513        1.81391        3.29026
          56400        2.83857        2.38268        5.67715
          56500        2.01115        2.00557         4.0223
          56600        1.68798       -1.83738        3.37597
          56700       0.170783      -0.584437       0.341566
          56800       0.919619        1.35618        1.83924
          56900        6.39761        3.57704        12.7952
          57000        10.0223        4.47712        20.0446
          57100        13.0952        5.11766        26.1905
          57200        7.75195         3.9375        15.5039
          57300         8.6887        4.16862        17.3774
          57400        23.9628        6.92283        47.9256
          57500        14.8167        5.44366        29.6334
          57600        11.6928        4.83587        23.3856
          57700         4.4613        2.98707        8.92259
          57800        1.77262        1.88288        3.54524
          57900       0.704518        1.18703        1.40904
          58000        1.71602        1.85258        3.43204
          58100        1.96364        1.98174        3.92728
          58200        1.71105        1.84989        3.42209
          58300        4.68805        3.06204        9.37609
          58400        2.11078        2.05464        4.22156
          58500       0.992511        1.40891        1.98502
          58600       0.712641        1.19385        1.42528
          58700        1.33265       -1.63258        2.66531
          58800       0.721192       -1.20099        1.44238
          58900      0.0246454       0.222015      0.0492908
          59000       0.199254       0.631276       0.398509
          59100      0.0437126       0.295677      0.0874252
          59200        2.38774        2.18529        4.77547
          59300        1.91564        1.95737        3.83129
          59400        4.28276        2.92669        8.56552
          59500        0.95164        1.37959        1.90328
          59600        1.64757        1.81525        3.29515
          59700       0.459992       0.959158       0.919984
          59800        1.11231        1.49152        2.22462
          59900        3.50068       -2.64601        7.00136
          60000        7.41967       -3.85219        14.8393
          60100        2.78979       -2.36211        5.57958
          60200        3.55004        -2.6646        7.10007
          60300        4.45524       -2.98504        8.91047
          60400        22.2326       -6.66822        44.4652
          60500        12.3529        -4.9705        24.7059
          60600        11.7495       -4.84757        23.4989
          60700        11.9549       -4.88977        23.9098
          60800        6.76225       -3.67757        13.5245
          60900        13.5447       -5.20475        27.0895
          61000        6.86112       -3.70435        13.7222
          61100        3.37407       -2.59772        6.74813
          61200        25.0174       -7.07352        50.0347
          61300        1.16029       -1.52334        2.32058
          61400        1.42658       -1.68913        2.85316
          61500       0.654005       -1.14368        1.30801
          61600        1.10825       -1.48879        2.21649
          61700      0.0689702       0.371403        0.13794
          61800    0.000189321      0.0194587    0.000378643
          61900      0.0283059       0.237932      0.0566117
          62000        5.03981       -3.17484        10.0796
          62100         2.8222        -2.3758        5.64441
          62200        5.25003       -3.24038        10.5001
          62300        7.12968       -3.77616        14.2594
          62400        16.6353       -5.76807        33.2707
          62500        5.73059       -3.38544        11.4612
          62600        3.62385       -2.69215        7.24769
          62700       0.970426       -1.39314        1.94085
          62800      0.0753539      -0.388211       0.150708
          62900        3.52272       -2.65432        7.04543
          63000        3.39802       -2.60692        6.79603
          63100        11.7038       -4.83814        23.4076
          63200        15.9281       -5.64413        31.8562
          63300        9.06631       -4.25824        18.1326
          63400        8.03462       -4.00865        16.0692
          63500        6.05572       -3.48015        12.1114
          63600       0.373235      -0.863985        0.74647
          63700        0.41784       0.914155       0.835679
          63800        1.21707        1.56017        2.43414
          63900       0.281653      -0.750537       0.563306
          64000      0.0365035       0.270198      0.0730071
          64100        1.05453       -1.45226        2.10906
          64200        1.74098          1.866        3.48197
          64300       0.379483       0.871186       0.758965
          64400       0.212741       -0.65229       0.425482
          64500       0.544365        1.04342        1.08873
          64600      0.0219652       0.209596      0.0439305
          64700      0.0891787       0.422324       0.178357
          64800       0.824318        1.28399        1.64864
          64900        4.14292        2.87851        8.28584
          65000    0.000899086     -0.0424048     0.00179817
          65100        1.25124       -1.58192        2.50248
          65200        6.77453        -3.6809        13.5491
          65300        3.19807       -2.52906        6.39614
          65400       0.925753        -1.3607        1.85151
          65500       0.481065      -0.980882        0.96213
          65600       0.959922       -1.38558        1.91984
          65700        5.09871       -3.19334        10.1974
          65800      0.0231465       0.215158       0.046293
          65900        6.53968        3.61654        13.0794
          66000        4.38891        2.96274        8.77781
          66100        9.34727        4.32372        18.6945
          66200        6.85092         3.7016        13.7018
          66300        1.46665        1.71269        2.93329
          66400        4.65512        3.05127        9.31024
          66500         1.8214        1.90861         3.6428
          66600       0.815543        1.27714        1.63109
          66700       0.228329      -0.675765       0.456658
          66800      0.0036819     -0.0858126     0.00736379
          66900       0.697779        1.18134        1.39556
          67000        8.03425        4.00855        16.0685
          67100        4.35098        2.94991        8.70196
          67200       0.976435       -1.39745        1.95287
          67300      0.0436701      -0.295534      0.0873401
          67400       0.812089       -1.27443        1.62418
          67500       0.664926       -1.15319        1.32985
          67600        12.8042       -5.06048        25.6084
          67700        5.72085       -3.38256        11.4417
          67800        1.13542       -1.50693        2.27084
          67900      0.0128073      -0.160046      0.0256146
          68000       0.452069       0.950862       0.904139
          68100        1.36358        1.65141        2.72716
          68200        3.24271        2.54665        6.48542
          68300       0.108616      -0.466082       0.217232
          68400       0.114973       0.479528       0.229947
          68500       0.411051       0.906698       0.822101
          68600        1.47055        1.71496         2.9411
          68700      0.0044318      0.0941467     0.00886361
          68800       0.279542       0.747719       0.559083
          68900       0.986115        1.40436        1.97223
          69000     0.00470031      0.0969568     0.00940063
          69100       0.221956       0.666267       0.443912
          69200     0.00118275     -0.0486363     0.00236549
          69300        2.20199       -2.09857        4.40398
          69400        1.59286       -1.78486        3.18571
          69500        3.52136       -2.65381        7.04272
          69600        4.01549        -2.8339        8.03098
          69700        14.8183       -5.44395        29.6366
          69800        2.32432       -2.15607        4.64864
          69900      0.0558699      -0.334275        0.11174
          70000       0.056696      -0.336737       0.113392
          70100        3.79958       -2.75666        7.59916
          70200         6.7556       -3.67576        13.5112
          70300       0.409513         -0.905       0.819026
          70400       0.819236        1.28003        1.63847
          70500       0.539339        1.03859        1.07868
          70600        1.95758        1.97868        3.91516
          70700          1.236        1.57226        2.47199
          70800       0.132239       0.514274       0.264478
          70900        5.37035         3.2773        10.7407
          71000        11.5347        4.80307        23.0695
          71100        14.7022        5.42258        29.4044
          71200        2.66668        2.30941        5.33336
          71300        13.2055        5.13916        26.4109
          71400         8.6303        4.15459        17.2606
          71500        4.50898        3.00299        9.01796
          71600        0.59636       -1.09212        1.19272
          71700       0.637336       -1.12901        1.27467
          71800        2.30096        2.14521        4.60192
          71900        1.20279        1.55099        2.40558
          72000    0.000514164      0.0320675     0.00102833
          72100      0.0526403        0.32447       0.105281
          72200        1.72763        1.85883        3.45525
          72300       0.108347       0.465504       0.216694
          72400       0.202939       0.637086       0.405879
          72500        2.78663       -2.36077        5.57326
          72600         9.6543       -4.39416        19.3086
          72700        4.46071       -2.98688        8.92143
          72800        4.48024        -2.9934        8.96047
          72900        14.0878       -5.30807        28.1756
          73000        19.2465       -6.20427         38.493
          73100        18.2653       -6.04406        36.5307
          73200        25.6208       -7.15833        51.2417
          73300        20.7017       -6.43454        41.4033
          73400       0.945573       -1.37519        1.89115
          73500       0.380608      -0.872476       0.761215
          73600       0.463856      -0.963178       0.927712
          73700       0.961123       -1.38645        1.92225
          73800        1.24422       -1.57748        2.48844
          73900       0.917037        1.35428        1.83407
          74000        9.64696        4.39248        19.2939
          74100         4.5654        3.02172         9.1308
          74200        11.3734        4.76935        22.7467
          74300        10.7449         4.6357        21.4897
          74400        7.62821        3.90595        15.2564
          74500        4.58737        3.02898        9.17474
          74600        4.73855        3.07849         9.4771
          74700        4.75657        3.08434        9.51313
          74800         1.7766          1.885        3.55321
          74900        8.19171        4.04764        16.3834
          75000        4.28891        2.92879        8.57782
          75100       0.226463      -0.672998       0.452927
          75200      0.0222873       0.211127      0.0445746
          75300      0.0258064       0.227184      0.0516127
          75400       0.213541       0.653515       0.427082
          75500       0.174857       0.591367       0.349715
          75600    0.000450677      0.0300226    0.000901355
          75700       0.239212       0.691682       0.478425
          75800      0.0957849       0.437687        0.19157
          75900      0.0332443      -0.257854      0.0664886
          76000      0.0025352      0.0712067     0.00507039
          76100      0.0466797      -0.305548      0.0933595
          76200         3.3285        2.58012          6.657
          76300        7.67903        3.91894        15.3581
          76400        3.03359        2.46317        6.06718
          76500       0.318113       0.797637       0.636225
          76600        2.48471       -2.22922        4.96941
          76700        5.33226       -3.26566        10.6645
          76800        4.69051       -3.06285        9.38102
          76900        2.71224       -2.32905        5.42449
          77000        3.26812        2.55661        6.53624
          77100        15.2183        5.51695        30.4367
          77200        6.33934        3.56071        12.6787
          77300       0.325525      -0.806877       0.651051
          77400        1.65561       -1.81967        3.31121
          77500        2.09379       -2.04636        4.18758
          77600        19.8089       -6.29427        39.6178
          77700        11.3341       -4.76111        22.6682
          77800        2.78485       -2.36002         5.5697
          77900         5.1632       -3.21347        10.3264
          78000        2.90224       -2.40925        5.80448
          78100        12.3567       -4.97126        24.7134
          78200       0.627645        -1.1204        1.25529
          78300       0.250086       0.707229       0.500173
          78400     0.00148784      0.0545498     0.00297569
          78500        2.37349       -2.17876        4.74699
          78600         1.6618        1.82307         3.3236
          78700      0.0731152       0.382401        0.14623
          78800      0.0636762      -0.356865       0.127352
          78900        1.38537        1.66455        2.77074
          79000        1.98003        1.98999        3.96007
          79100       0.966676        1.39045        1.93335
          79200        1.43943       -1.69672        2.87885
          79300        7.96753       -3.99188        15.9351
          79400          15.49       -5.56597          30.98
          79500        19.2468       -6.20433        38.4937
          79600      0.0440825       0.296926       0.088165
          79700       0.238052      -0.690003       0.476104
          79800        3.61138       -2.68752        7.22276
          79900        4.32083       -2.93967        8.64166
          80000       0.445251      -0.943664       0.890502
          80100       0.492795      -0.992769        0.98559
          80200         1.9797       -1.98982         3.9594
          80300        1.93974       -1.96964        3.87947
          80400         1.8927       -1.94561         3.7854
          80500       0.619167        -1.1128        1.23833
          80600       0.152741       0.552704       0.305482
          80700        2.06877         2.0341        4.13755
          80800        0.81029        1.27302        1.62058
          80900       0.529852        1.02942         1.0597
          81000        1.06313        1.45817        2.12625
          81100        3.97104        2.81817        7.94208
          81200        11.2595        4.74541        22.5189
          81300       0.594667        1.09057        1.18933
          81400       0.993286       -1.40946        1.98657
          81500      0.0014548      0.0539407      0.0029096
          81600        1.70048       -1.84417        3.40096
          81700       0.456626      -0.955643       0.913253
          81800       0.814827        1.27658        1.62965
          81900         5.6229        3.35348        11.2458
          82000        17.0747        5.84376        34.1495
          82100        20.9762        6.47706        41.9523
          82200        8.22961          4.057        16.4592
          82300        1.58557        1.78077        3.17114
          82400        10.7964        4.64682        21.5929
          82500        1.61725        1.79847         3.2345
          82600       0.130394       0.510675       0.260789
          82700       0.510332        1.01028        1.02066
          82800      0.0634679      -0.356281       0.126936
          82900       0.595449        1.09128         1.1909
          83000        4.78316        3.09295        9.56632
          83100        3.71136        2.72447        7.42271
          83200        3.08472        2.48384        6.16945
          83300        1.03907        1.44158        2.07814
          83400         1.7214        1.85548        3.44279
          83500     0.00282398     -0.0751529     0.00564796
          83600       0.382362       0.874485       0.764724
          83700       0.411964      -0.907705       0.823928
          83800        2.31191        2.15031        4.62382
          83900      0.0593105      -0.344414       0.118621
          84000      0.0790055      -0.397506       0.158011
          84100      0.0222974       0.211175      0.0445948
          84200       0.499384       0.999384       0.998768
          84300       0.240783        0.69395       0.481567
          84400    0.000173833     -0.0186458    0.000347666
          84500        3.96251        2.81514        7.92502
          84600        3.11878        2.49751        6.23756
          84700        1.78364        1.88872        3.56727
          84800        1.43502       -1.69412        2.87004
          84900        7.05244       -3.75565        14.1049
          85000        10.2907       -4.53667        20.5814
          85100        13.3889       -5.17473        26.7778
          85200        4.96844       -3.15228        9.93689
          85300       0.561181       -1.05942        1.12236
          85400        2.51971        2.24487        5.03942
          85500        6.50232         3.6062        13.0046
          85600        1.12807        1.50204        2.25613
          85700        2.68912         2.3191        5.37823
          85800      0.0602096       0.347015       0.120419
          85900     0.00424727     -0.0921658     0.00849453
          86000        1.23241       -1.56997        2.46481
          86100        2.13176        2.06483        4.26353
          86200        11.6995        4.83725         23.399
          86300        5.09051        3.19077         10.181
          86400     0.00329683     -0.0812014     0.00659367
          86500       0.381597        0.87361       0.763195
          86600       0.181732        0.60288       0.363465
          86700        3.90537        2.79477        7.81074
          86800         0.6818        1.16773         1.3636
          86900       0.974634        1.39616        1.94927
          87000       0.433823       0.931476       0.867647
          87100       0.635019       -1.12696        1.27004
          87200        0.87947        1.32625        1.75894
          87300       0.425252      -0.922227       0.850503
          87400       0.492959      -0.992934       0.985919
          87500      0.0874461       0.418201       0.174892
          87600        1.52405       -1.74588         3.0481
          87700       0.010899      -0.147642       0.021798
          87800    0.000921558      0.0429315     0.00184312
          87900      0.0415665      -0.288328      0.0831331
          88000       0.347343       0.833478       0.694686
          88100       0.211386      -0.650209       0.422772
          88200      0.0391596       0.279856      0.0783192
          88300       0.890316         1.3344        1.78063
          88400        4.89028        3.12739        9.78056
          88500        1.95228          1.976        3.90457
          88600     0.00566826      -0.106473      0.0113365
          88700        3.27226        2.55823        6.54452
          88800        5.88638        3.43114        11.7728
          88900        8.18086        4.04496        16.3617
          89000        2.48296        2.22844        4.96593
          89100        2.16889        2.08273        4.33777
          89200         2.0593        2.02943         4.1186
          89300       0.850244       -1.30403        1.70049
          89400        2.02609         -2.013        4.05217
          89500        6.89323       -3.71301        13.7865
          89600        4.61529       -3.03819        9.23057
          89700        5.60781       -3.34897        11.2156
          89800        1.93149       -1.96545        3.86299
          89900      0.0667911      -0.365489       0.133582
          90000        1.07098        1.46354        2.14196
          90100       0.865041       -1.31533        1.73008
          90200        2.08358       -2.04136        4.16717
          90300        1.65976        1.82196        3.31952
          90400        0.51312       -1.01303        1.02624
          90500       0.736055       -1.21331        1.47211
          90600      0.0475101      -0.308254      0.0950202
          90700       0.410634      -0.906239       0.821268
          90800       0.688333        1.17331        1.37667
          90900        23.3595        6.83514        46.7191
          91000        8.59163        4.14527        17.1833
          91100        13.6829        5.23123        27.3658
          91200        13.0525         5.1093         26.105
          91300        12.0813        4.91554        24.1626
          91400        8.15829        4.03938        16.3166
          91500       0.905362        1.34563        1.81072
          91600       0.531941        1.03145        1.06388
          91700        2.96472        2.43505        5.92945
          91800        13.1623        5.13076        26.3247
          91900        28.6371        7.56797        57.2742
          92000        5.64883         3.3612        11.2977
          92100        5.81658        3.41074        11.6332
          92200        3.07703        2.48074        6.15407
          92300        1.51326        1.73969        3.02651
          92400      0.0596666      -0.345446       0.119333
          92500        1.13516        1.50676        2.27031
          92600        5.29245        3.25344        10.5849
          92700        11.3162        4.75735        22.6324
          92800        8.33865        4.08379        16.6773
          92900        6.52178        3.61159        13.0436
          93000       0.317626       0.797027       0.635252
          93100      0.0541957      -0.329228       0.108391
          93200        1.84339         1.9201        3.68678
          93300        4.28287        2.92673        8.56574
          93400        1.85866        1.92804        3.71733
          93500        4.97229         3.1535        9.94459
          93600        14.0935        5.30914         28.187
          93700        7.77126         3.9424        15.5425
          93800      0.0610192        0.34934       0.122038
          93900       0.839218       -1.29554        1.67844
          94000        5.13052        3.20329         10.261
          94100        7.55494        3.88714        15.1099
          94200        15.0891        5.49347        30.1782
          94300        3.35684        2.59108        6.71367
          94400        4.26913        2.92203        8.53827
          94500        3.15798        2.51316        6.31596
          94600       0.850487        1.30421        1.70097
          94700        3.56825        2.67142         7.1365
          94800      0.0282708       0.237785      0.0565416
          94900        1.76653        1.87965        3.53307
          95000        3.19786        2.52898        6.39572
          95100        1.95583        1.97779        3.91166
          95200        5.92357        3.44197        11.8471
          95300       0.835959        1.29303        1.67192
          95400      0.0692615      -0.372187       0.138523
          95500       0.324601      -0.805731       0.649203
          95600      0.0342525      -0.261735       0.068505
          95700    0.000982008     -0.0443172     0.00196402
          95800        1.67029       -1.82773        3.34059
          95900       0.455936        0.95492       0.911872
          96000        1.66557        1.82514        3.33114
          96100      0.0667479       0.365371       0.133496
          96200       0.741013       -1.21739        1.48203
          96300        0.13704      -0.523526       0.274079
          96400       0.193414       0.621956       0.386829
          96500       0.846178        1.30091        1.69236
          96600     0.00155958      0.0558495     0.00311917
          96700       0.233871      -0.683916       0.467741
          96800       0.145774       0.539951       0.291547
          96900        1.55717        1.76475        3.11434
          97000        2.47786        2.22614        4.95571
          97100        4.52938        3.00978        9.05875
          97200        11.8545         4.8692        23.7091
          97300        11.2907        4.75199        22.5814
          97400        5.83382        3.41579        11.6676
          97500      0.0987967      -0.444515       0.197593
          97600       0.465319       0.964696       0.930638
          97700         2.6781        2.31435         5.3562
          97800       0.215452       0.656433       0.430904
          97900      0.0365101       0.270223      0.0730202
          98000      0.0194729       0.197347      0.0389459
          98100       0.144254      -0.537129       0.288508
          98200    0.000740804      0.0384917     0.00148161
          98300         4.6494       -3.04939        9.29881
          98400        6.29042       -3.54695        12.5808
          98500       0.588174        -1.0846        1.17635
          98600       0.232034      -0.681225       0.464067
          98700        2.47245       -2.22371         4.9449
          98800        7.11586        -3.7725        14.2317
          98900          4.679       -3.05909          9.358
          99000        4.57553       -3.02507        9.15106
          99100        2.62928       -2.29316        5.25856
          99200        5.14792       -3.20871        10.2958
          99300        2.89876        -2.4078        5.79751
          99400        7.86386       -3.96582        15.7277
          99500        1.06791       -1.46144        2.13581
          99600         7.6418       -3.90942        15.2836
          99700        3.06845       -2.47728         6.1369
          99800         15.081       -5.49199         30.162
          99900        31.1963        -7.8989        62.3926
         100000        38.6964       -8.79731        77.3927
